2.0 0 100 66 180 444
2.0 1 100 65 180 433
2.0 2 100 61 180 393
2.0 3 100 67 180 352
2.0 4 100 68 180 380
2.0 5 100 68 180 382
2.0 6 100 70 180 378
2.0 7 100 62 180 362
2.0 8 100 69 180 350
2.0 9 100 69 180 359
2.36734693877551 0 100 81 204 458
2.36734693877551 1 100 74 204 459
2.36734693877551 2 100 72 204 504
2.36734693877551 3 100 78 204 488
2.36734693877551 4 100 75 204 513
2.36734693877551 5 100 78 204 487
2.36734693877551 6 100 78 204 492
2.36734693877551 7 100 72 204 466
2.36734693877551 8 100 77 204 481
2.36734693877551 9 100 71 204 499
2.7346938775510203 0 100 78 258 895
2.7346938775510203 1 100 76 258 847
2.7346938775510203 2 100 79 258 844
2.7346938775510203 3 100 79 258 809
2.7346938775510203 4 100 83 258 785
2.7346938775510203 5 100 83 258 792
2.7346938775510203 6 100 78 258 740
2.7346938775510203 7 100 86 258 852
2.7346938775510203 8 100 79 258 844
2.7346938775510203 9 100 79 258 864
3.1020408163265305 0 100 85 288 1009
3.1020408163265305 1 100 83 288 1014
3.1020408163265305 2 100 80 288 1076
3.1020408163265305 3 100 82 288 968
3.1020408163265305 4 100 85 288 1013
3.1020408163265305 5 100 85 288 1008
3.1020408163265305 6 100 80 288 1032
3.1020408163265305 7 100 82 288 985
3.1020408163265305 8 100 81 288 1036
3.1020408163265305 9 100 91 288 913
3.4693877551020407 0 100 84 321 1275
3.4693877551020407 1 100 89 321 1207
3.4693877551020407 2 100 89 321 1233
3.4693877551020407 3 100 87 321 1150
3.4693877551020407 4 100 87 321 1254
3.4693877551020407 5 100 87 321 1182
3.4693877551020407 6 100 82 321 1285
3.4693877551020407 7 100 82 321 1223
3.4693877551020407 8 100 84 321 1268
3.4693877551020407 9 100 86 321 1220
3.836734693877551 0 100 88 339 1312
3.836734693877551 1 100 88 339 1383
3.836734693877551 2 100 87 339 1310
3.836734693877551 3 100 93 339 1424
3.836734693877551 4 100 91 339 1400
3.836734693877551 5 100 91 339 1380
3.836734693877551 6 100 88 339 1336
3.836734693877551 7 100 91 339 1410
