2.0 0 3000 10552 5991.0 9339.0
2.0 1 3000 10548 5991.0 9270.0
2.0 2 3000 10550 5991.0 9474.0
2.0 3 3000 10550 5991.0 9237.0
2.0 4 3000 10548 5991.0 9285.0
2.0 5 3000 10550 5991.0 9513.0
2.0 6 3000 10548 5991.0 9177.0
2.0 7 3000 10552 5991.0 9324.0
2.0 8 3000 10554 5991.0 9717.0
2.0 9 3000 10550 5991.0 9240.0
2.36734693877551 0 3000 11914 7083.0 13239.0
2.36734693877551 1 3000 11916 7083.0 13317.0
2.36734693877551 2 3000 11912 7083.0 12780.0
2.36734693877551 3 3000 11910 7083.0 13125.0
2.36734693877551 4 3000 11914 7083.0 12900.0
2.36734693877551 5 3000 11918 7083.0 13008.0
2.36734693877551 6 3000 11920 7083.0 13074.0
2.36734693877551 7 3000 11916 7083.0 12948.0
2.36734693877551 8 3000 11916 7083.0 13056.0
2.36734693877551 9 3000 11918 7083.0 13050.0
2.7346938775510203 0 3000 13312 8181.0 17442.0
2.7346938775510203 1 3000 13310 8181.0 17277.0
2.7346938775510203 2 3000 13310 8181.0 17550.0
2.7346938775510203 3 3000 13306 8181.0 17451.0
2.7346938775510203 4 3000 13308 8181.0 16998.0
2.7346938775510203 5 3000 13308 8181.0 17760.0
2.7346938775510203 6 3000 13304 8181.0 17514.0
2.7346938775510203 7 3000 13306 8181.0 17367.0
2.7346938775510203 8 3000 13304 8181.0 18057.0
2.7346938775510203 9 3000 13304 8181.0 17592.0
3.1020408163265305 0 3000 14686 9282.0 22524.0
3.1020408163265305 1 3000 14692 9282.0 22257.0
3.1020408163265305 2 3000 14698 9282.0 22566.0
3.1020408163265305 3 3000 14688 9282.0 22293.0
3.1020408163265305 4 3000 14686 9282.0 22524.0
3.1020408163265305 5 3000 14688 9282.0 22020.0
3.1020408163265305 6 3000 14684 9282.0 22656.0
3.1020408163265305 7 3000 14694 9282.0 22590.0
3.1020408163265305 8 3000 14688 9282.0 22983.0
3.1020408163265305 9 3000 14692 9282.0 22503.0
3.4693877551020407 0 3000 16092 10392.0 28353.0
3.4693877551020407 1 3000 16090 10392.0 27915.0
3.4693877551020407 2 3000 16092 10392.0 28653.0
3.4693877551020407 3 3000 16090 10392.0 28644.0
3.4693877551020407 4 3000 16084 10392.0 27996.0
3.4693877551020407 5 3000 16092 10392.0 27807.0
3.4693877551020407 6 3000 16098 10392.0 28242.0
3.4693877551020407 7 3000 16086 10392.0 28413.0
3.4693877551020407 8 3000 16092 10392.0 27903.0
3.4693877551020407 9 3000 16098 10392.0 27795.0
3.836734693877551 0 3000 17486 11493.0 33948.0
3.836734693877551 1 3000 17474 11493.0 34149.0
3.836734693877551 2 3000 17478 11493.0 35274.0
3.836734693877551 3 3000 17472 11493.0 34551.0
3.836734693877551 4 3000 17470 11493.0 34392.0
3.836734693877551 5 3000 17478 11493.0 34902.0
3.836734693877551 6 3000 17474 11493.0 34572.0
3.836734693877551 7 3000 17462 11493.0 34545.0
3.836734693877551 8 3000 17482 11493.0 34470.0
3.836734693877551 9 3000 17478 11493.0 34698.0
4.204081632653061 0 3000 18884 12603.0 41133.0
4.204081632653061 1 3000 18886 12603.0 41250.0
4.204081632653061 2 3000 18878 12603.0 41004.0
4.204081632653061 3 3000 18870 12603.0 40944.0
4.204081632653061 4 3000 18878 12603.0 41673.0
4.204081632653061 5 3000 18874 12603.0 41181.0
4.204081632653061 6 3000 18874 12603.0 41562.0
4.204081632653061 7 3000 18878 12603.0 41067.0
4.204081632653061 8 3000 18872 12603.0 42174.0
4.204081632653061 9 3000 18866 12603.0 40980.0
4.571428571428571 0 3000 20246 13689.0 48180.0
4.571428571428571 1 3000 20240 13689.0 48318.0
4.571428571428571 2 3000 20240 13689.0 48864.0
4.571428571428571 3 3000 20236 13689.0 49092.0
4.571428571428571 4 3000 20228 13689.0 48687.0
4.571428571428571 5 3000 20232 13689.0 48915.0
4.571428571428571 6 3000 20238 13689.0 48252.0
4.571428571428571 7 3000 20234 13689.0 49545.0
4.571428571428571 8 3000 20234 13689.0 48996.0
4.571428571428571 9 3000 20230 13689.0 48720.0
4.938775510204081 0 3000 21622 14790.0 56937.0
4.938775510204081 1 3000 21614 14790.0 56814.0
4.938775510204081 2 3000 21608 14790.0 56571.0
4.938775510204081 3 3000 21624 14790.0 56385.0
4.938775510204081 4 3000 21602 14790.0 56964.0
4.938775510204081 5 3000 21618 14790.0 57477.0
4.938775510204081 6 3000 21616 14790.0 56655.0
4.938775510204081 7 3000 21618 14790.0 57237.0
4.938775510204081 8 3000 21622 14790.0 57315.0
4.938775510204081 9 3000 21618 14790.0 57072.0
5.3061224489795915 0 3000 23008 15900.0 65484.0
5.3061224489795915 1 3000 23024 15900.0 65856.0
5.3061224489795915 2 3000 23020 15900.0 65952.0
5.3061224489795915 3 3000 23024 15900.0 66156.0
5.3061224489795915 4 3000 23018 15900.0 65382.0
5.3061224489795915 5 3000 23018 15900.0 65616.0
5.3061224489795915 6 3000 23014 15900.0 66267.0
5.3061224489795915 7 3000 23024 15900.0 66480.0
5.3061224489795915 8 3000 23018 15900.0 66459.0
5.3061224489795915 9 3000 23018 15900.0 66000.0
5.673469387755102 0 3000 24400 17001.0 75531.0
5.673469387755102 1 3000 24410 17001.0 75927.0
5.673469387755102 2 3000 24406 17001.0 75777.0
5.673469387755102 3 3000 24400 17001.0 75801.0
5.673469387755102 4 3000 24400 17001.0 75336.0
5.673469387755102 5 3000 24386 17001.0 75255.0
5.673469387755102 6 3000 24404 17001.0 75852.0
5.673469387755102 7 3000 24390 17001.0 75060.0
5.673469387755102 8 3000 24394 17001.0 75993.0
5.673469387755102 9 3000 24400 17001.0 76005.0
6.040816326530613 0 3000 25788 18105.0 85029.0
6.040816326530613 1 3000 25794 18105.0 85230.0
6.040816326530613 2 3000 25796 18105.0 85416.0
6.040816326530613 3 3000 25800 18105.0 85791.0
6.040816326530613 4 3000 25812 18105.0 85305.0
6.040816326530613 5 3000 25804 18105.0 85494.0
6.040816326530613 6 3000 25800 18105.0 85428.0
6.040816326530613 7 3000 25792 18105.0 84975.0
6.040816326530613 8 3000 25800 18105.0 85386.0
6.040816326530613 9 3000 25788 18105.0 86814.0
6.408163265306123 0 3000 27160 19197.0 96681.0
6.408163265306123 1 3000 27160 19197.0 96225.0
6.408163265306123 2 3000 27164 19197.0 94590.0
6.408163265306123 3 3000 27156 19197.0 96432.0
6.408163265306123 4 3000 27162 19197.0 96075.0
6.408163265306123 5 3000 27152 19197.0 96579.0
6.408163265306123 6 3000 27154 19197.0 96261.0
6.408163265306123 7 3000 27156 19197.0 95664.0
6.408163265306123 8 3000 27152 19197.0 95967.0
6.408163265306123 9 3000 27164 19197.0 95184.0
6.775510204081633 0 3000 28588 20307.0 107310.0
6.775510204081633 1 3000 28568 20307.0 107343.0
6.775510204081633 2 3000 28566 20307.0 107076.0
6.775510204081633 3 3000 28554 20307.0 107256.0
6.775510204081633 4 3000 28572 20307.0 107583.0
6.775510204081633 5 3000 28566 20307.0 107046.0
6.775510204081633 6 3000 28566 20307.0 107823.0
6.775510204081633 7 3000 28552 20307.0 107211.0
6.775510204081633 8 3000 28578 20307.0 107262.0
6.775510204081633 9 3000 28572 20307.0 107346.0
7.142857142857143 0 3000 29940 21399.0 119286.0
7.142857142857143 1 3000 29922 21399.0 119670.0
7.142857142857143 2 3000 29922 21399.0 119361.0
7.142857142857143 3 3000 29930 21399.0 118518.0
7.142857142857143 4 3000 29930 21399.0 118068.0
7.142857142857143 5 3000 29926 21399.0 118851.0
7.142857142857143 6 3000 29918 21399.0 119118.0
7.142857142857143 7 3000 29928 21399.0 119922.0
7.142857142857143 8 3000 29916 21399.0 119412.0
7.142857142857143 9 3000 29938 21399.0 120435.0
7.510204081632653 0 3000 31328 22512.0 132405.0
7.510204081632653 1 3000 31348 22512.0 133443.0
7.510204081632653 2 3000 31336 22512.0 132291.0
7.510204081632653 3 3000 31332 22512.0 132396.0
7.510204081632653 4 3000 31334 22512.0 133614.0
7.510204081632653 5 3000 31348 22512.0 132714.0
7.510204081632653 6 3000 31322 22512.0 133050.0
7.510204081632653 7 3000 31338 22512.0 132204.0
7.510204081632653 8 3000 31340 22512.0 132720.0
7.510204081632653 9 3000 31350 22512.0 132825.0
7.877551020408164 0 3000 32704 23604.0 144999.0
7.877551020408164 1 3000 32680 23604.0 145269.0
7.877551020408164 2 3000 32700 23604.0 144948.0
7.877551020408164 3 3000 32716 23604.0 145230.0
7.877551020408164 4 3000 32690 23604.0 143838.0
7.877551020408164 5 3000 32702 23604.0 143649.0
7.877551020408164 6 3000 32706 23604.0 145434.0
7.877551020408164 7 3000 32702 23604.0 145842.0
7.877551020408164 8 3000 32696 23604.0 146151.0
7.877551020408164 9 3000 32716 23604.0 144810.0
8.244897959183675 0 3000 34106 24714.0 159582.0
8.244897959183675 1 3000 34078 24714.0 159762.0
8.244897959183675 2 3000 34116 24714.0 158988.0
8.244897959183675 3 3000 34102 24714.0 159765.0
8.244897959183675 4 3000 34098 24714.0 159333.0
8.244897959183675 5 3000 34108 24714.0 159054.0
8.244897959183675 6 3000 34086 24714.0 158787.0
8.244897959183675 7 3000 34094 24714.0 159060.0
8.244897959183675 8 3000 34094 24714.0 160200.0
8.244897959183675 9 3000 34068 24714.0 159090.0
8.612244897959183 0 3000 35482 25815.0 173634.0
8.612244897959183 1 3000 35490 25815.0 173691.0
8.612244897959183 2 3000 35476 25815.0 173655.0
8.612244897959183 3 3000 35478 25815.0 172872.0
8.612244897959183 4 3000 35490 25815.0 174717.0
8.612244897959183 5 3000 35470 25815.0 174597.0
8.612244897959183 6 3000 35478 25815.0 171687.0
8.612244897959183 7 3000 35468 25815.0 173946.0
8.612244897959183 8 3000 35470 25815.0 175203.0
8.612244897959183 9 3000 35480 25815.0 173505.0
8.979591836734695 0 3000 36892 26919.0 186771.0
8.979591836734695 1 3000 36882 26919.0 189615.0
8.979591836734695 2 3000 36882 26919.0 187869.0
8.979591836734695 3 3000 36856 26919.0 188253.0
8.979591836734695 4 3000 36844 26919.0 190896.0
8.979591836734695 5 3000 36844 26919.0 188655.0
8.979591836734695 6 3000 36880 26919.0 188310.0
8.979591836734695 7 3000 36862 26919.0 187839.0
8.979591836734695 8 3000 36846 26919.0 189960.0
8.979591836734695 9 3000 36874 26919.0 190086.0
9.346938775510203 0 3000 38234 28020.0 205557.0
9.346938775510203 1 3000 38260 28020.0 205329.0
9.346938775510203 2 3000 38234 28020.0 205125.0
9.346938775510203 3 3000 38212 28020.0 204756.0
9.346938775510203 4 3000 38254 28020.0 206241.0
9.346938775510203 5 3000 38238 28020.0 205710.0
9.346938775510203 6 3000 38240 28020.0 205644.0
9.346938775510203 7 3000 38252 28020.0 206400.0
9.346938775510203 8 3000 38262 28020.0 206034.0
9.346938775510203 9 3000 38250 28020.0 204432.0
9.714285714285715 0 3000 39642 29130.0 222093.0
9.714285714285715 1 3000 39636 29130.0 221733.0
9.714285714285715 2 3000 39636 29130.0 220488.0
9.714285714285715 3 3000 39642 29130.0 221838.0
9.714285714285715 4 3000 39640 29130.0 222411.0
9.714285714285715 5 3000 39670 29130.0 221604.0
9.714285714285715 6 3000 39610 29130.0 221184.0
9.714285714285715 7 3000 39662 29130.0 219786.0
9.714285714285715 8 3000 39634 29130.0 222336.0
9.714285714285715 9 3000 39646 29130.0 221967.0
10.081632653061225 0 3000 41010 30222.0 237414.0
10.081632653061225 1 3000 41008 30222.0 237543.0
10.081632653061225 2 3000 40996 30222.0 237417.0
10.081632653061225 3 3000 41008 30222.0 238938.0
10.081632653061225 4 3000 41002 30222.0 238152.0
10.081632653061225 5 3000 40990 30222.0 237639.0
10.081632653061225 6 3000 41028 30222.0 240333.0
10.081632653061225 7 3000 40994 30222.0 236673.0
10.081632653061225 8 3000 40972 30222.0 237459.0
10.081632653061225 9 3000 40994 30222.0 237864.0
10.448979591836736 0 3000 42386 31329.0 256290.0
10.448979591836736 1 3000 42400 31329.0 257880.0
10.448979591836736 2 3000 42402 31329.0 256476.0
10.448979591836736 3 3000 42416 31329.0 256158.0
10.448979591836736 4 3000 42406 31329.0 258114.0
10.448979591836736 5 3000 42406 31329.0 256461.0
10.448979591836736 6 3000 42442 31329.0 255771.0
10.448979591836736 7 3000 42420 31329.0 256542.0
10.448979591836736 8 3000 42428 31329.0 257355.0
10.448979591836736 9 3000 42396 31329.0 256272.0
10.816326530612246 0 3000 43784 32421.0 272760.0
10.816326530612246 1 3000 43740 32421.0 276168.0
10.816326530612246 2 3000 43754 32421.0 274656.0
10.816326530612246 3 3000 43774 32421.0 274377.0
10.816326530612246 4 3000 43770 32421.0 273639.0
10.816326530612246 5 3000 43778 32421.0 273294.0
10.816326530612246 6 3000 43764 32421.0 273234.0
10.816326530612246 7 3000 43796 32421.0 274845.0
10.816326530612246 8 3000 43768 32421.0 274644.0
10.816326530612246 9 3000 43772 32421.0 273885.0
11.183673469387756 0 3000 45194 33540.0 292269.0
11.183673469387756 1 3000 45182 33540.0 294615.0
11.183673469387756 2 3000 45196 33540.0 294909.0
11.183673469387756 3 3000 45184 33540.0 293514.0
11.183673469387756 4 3000 45190 33540.0 294150.0
11.183673469387756 5 3000 45180 33540.0 293841.0
11.183673469387756 6 3000 45186 33540.0 293226.0
11.183673469387756 7 3000 45200 33540.0 293061.0
11.183673469387756 8 3000 45166 33540.0 293970.0
11.183673469387756 9 3000 45200 33540.0 296307.0
11.551020408163266 0 3000 46530 34632.0 313128.0
11.551020408163266 1 3000 46566 34632.0 312543.0
11.551020408163266 2 3000 46542 34632.0 313623.0
11.551020408163266 3 3000 46528 34632.0 313050.0
11.551020408163266 4 3000 46568 34632.0 311565.0
11.551020408163266 5 3000 46538 34632.0 315600.0
11.551020408163266 6 3000 46566 34632.0 312372.0
11.551020408163266 7 3000 46536 34632.0 312378.0
11.551020408163266 8 3000 46570 34632.0 313599.0
11.551020408163266 9 3000 46540 34632.0 312186.0
11.918367346938776 0 3000 47922 35718.0 329838.0
11.918367346938776 1 3000 47904 35718.0 331785.0
11.918367346938776 2 3000 47866 35718.0 332907.0
11.918367346938776 3 3000 47884 35718.0 334629.0
11.918367346938776 4 3000 47894 35718.0 331863.0
11.918367346938776 5 3000 47886 35718.0 331953.0
11.918367346938776 6 3000 47890 35718.0 332919.0
11.918367346938776 7 3000 47892 35718.0 332652.0
11.918367346938776 8 3000 47918 35718.0 331866.0
11.918367346938776 9 3000 47900 35718.0 330429.0
12.285714285714286 0 3000 49320 36837.0 352590.0
12.285714285714286 1 3000 49308 36837.0 352245.0
12.285714285714286 2 3000 49304 36837.0 353025.0
12.285714285714286 3 3000 49310 36837.0 353742.0
12.285714285714286 4 3000 49322 36837.0 354660.0
12.285714285714286 5 3000 49326 36837.0 354768.0
12.285714285714286 6 3000 49292 36837.0 354597.0
12.285714285714286 7 3000 49322 36837.0 353847.0
12.285714285714286 8 3000 49332 36837.0 356703.0
12.285714285714286 9 3000 49326 36837.0 354588.0
12.653061224489797 0 3000 50670 37929.0 378567.0
12.653061224489797 1 3000 50668 37929.0 375381.0
12.653061224489797 2 3000 50658 37929.0 376350.0
12.653061224489797 3 3000 50654 37929.0 375393.0
12.653061224489797 4 3000 50684 37929.0 375975.0
12.653061224489797 5 3000 50684 37929.0 374751.0
12.653061224489797 6 3000 50678 37929.0 377244.0
12.653061224489797 7 3000 50650 37929.0 376257.0
12.653061224489797 8 3000 50692 37929.0 376266.0
12.653061224489797 9 3000 50668 37929.0 374505.0
13.020408163265307 0 3000 52098 39048.0 396699.0
13.020408163265307 1 3000 52086 39048.0 398121.0
13.020408163265307 2 3000 52108 39048.0 396888.0
13.020408163265307 3 3000 52052 39048.0 399726.0
13.020408163265307 4 3000 52096 39048.0 401106.0
13.020408163265307 5 3000 52072 39048.0 397485.0
13.020408163265307 6 3000 52090 39048.0 396507.0
13.020408163265307 7 3000 52104 39048.0 398502.0
13.020408163265307 8 3000 52058 39048.0 399534.0
13.020408163265307 9 3000 52076 39048.0 397422.0
13.387755102040817 0 3000 53448 40134.0 419871.0
13.387755102040817 1 3000 53416 40134.0 418212.0
13.387755102040817 2 3000 53448 40134.0 419781.0
13.387755102040817 3 3000 53416 40134.0 421746.0
13.387755102040817 4 3000 53420 40134.0 419499.0
13.387755102040817 5 3000 53452 40134.0 418887.0
13.387755102040817 6 3000 53442 40134.0 418470.0
13.387755102040817 7 3000 53460 40134.0 419364.0
13.387755102040817 8 3000 53462 40134.0 420105.0
13.387755102040817 9 3000 53424 40134.0 423477.0
13.755102040816327 0 3000 54814 41244.0 442812.0
13.755102040816327 1 3000 54808 41244.0 443919.0
13.755102040816327 2 3000 54824 41244.0 445662.0
13.755102040816327 3 3000 54816 41244.0 444366.0
13.755102040816327 4 3000 54818 41244.0 443841.0
13.755102040816327 5 3000 54820 41244.0 444450.0
13.755102040816327 6 3000 54852 41244.0 445434.0
13.755102040816327 7 3000 54810 41244.0 446016.0
13.755102040816327 8 3000 54848 41244.0 445197.0
13.755102040816327 9 3000 54836 41244.0 443541.0
14.122448979591837 0 3000 56200 42345.0 468732.0
14.122448979591837 1 3000 56222 42345.0 469479.0
14.122448979591837 2 3000 56230 42345.0 465708.0
14.122448979591837 3 3000 56204 42345.0 466404.0
14.122448979591837 4 3000 56220 42345.0 468561.0
14.122448979591837 5 3000 56218 42345.0 467982.0
14.122448979591837 6 3000 56178 42345.0 467511.0
14.122448979591837 7 3000 56186 42345.0 466623.0
14.122448979591837 8 3000 56202 42345.0 468234.0
14.122448979591837 9 3000 56216 42345.0 468660.0
14.489795918367347 0 3000 57594 43449.0 494001.0
14.489795918367347 1 3000 57610 43449.0 492477.0
14.489795918367347 2 3000 57584 43449.0 493239.0
14.489795918367347 3 3000 57588 43449.0 493431.0
14.489795918367347 4 3000 57584 43449.0 494595.0
14.489795918367347 5 3000 57594 43449.0 495147.0
14.489795918367347 6 3000 57602 43449.0 491577.0
14.489795918367347 7 3000 57598 43449.0 495243.0
14.489795918367347 8 3000 57618 43449.0 494658.0
14.489795918367347 9 3000 57572 43449.0 496416.0
14.857142857142858 0 3000 58964 44544.0 518316.0
14.857142857142858 1 3000 58942 44544.0 517563.0
14.857142857142858 2 3000 58970 44544.0 518889.0
14.857142857142858 3 3000 58986 44544.0 518529.0
14.857142857142858 4 3000 58954 44544.0 516501.0
14.857142857142858 5 3000 58974 44544.0 518736.0
14.857142857142858 6 3000 58976 44544.0 518229.0
14.857142857142858 7 3000 58944 44544.0 516765.0
14.857142857142858 8 3000 58974 44544.0 518013.0
14.857142857142858 9 3000 58952 44544.0 519645.0
15.224489795918368 0 3000 60358 45654.0 544743.0
15.224489795918368 1 3000 60370 45654.0 541896.0
15.224489795918368 2 3000 60318 45654.0 544842.0
15.224489795918368 3 3000 60342 45654.0 544845.0
15.224489795918368 4 3000 60354 45654.0 544251.0
15.224489795918368 5 3000 60372 45654.0 542415.0
15.224489795918368 6 3000 60366 45654.0 543201.0
15.224489795918368 7 3000 60352 45654.0 543435.0
15.224489795918368 8 3000 60376 45654.0 545109.0
15.224489795918368 9 3000 60366 45654.0 543966.0
15.591836734693878 0 3000 61718 46746.0 570570.0
15.591836734693878 1 3000 61700 46746.0 573438.0
15.591836734693878 2 3000 61764 46746.0 571032.0
15.591836734693878 3 3000 61728 46746.0 571113.0
15.591836734693878 4 3000 61752 46746.0 571962.0
15.591836734693878 5 3000 61712 46746.0 568233.0
15.591836734693878 6 3000 61694 46746.0 568983.0
15.591836734693878 7 3000 61720 46746.0 569046.0
15.591836734693878 8 3000 61736 46746.0 569205.0
15.591836734693878 9 3000 61692 46746.0 570927.0
15.959183673469388 0 3000 63144 47865.0 598251.0
15.959183673469388 1 3000 63122 47865.0 598692.0
15.959183673469388 2 3000 63122 47865.0 599949.0
15.959183673469388 3 3000 63108 47865.0 598269.0
15.959183673469388 4 3000 63128 47865.0 602190.0
15.959183673469388 5 3000 63124 47865.0 598362.0
15.959183673469388 6 3000 63098 47865.0 598521.0
15.959183673469388 7 3000 63118 47865.0 596643.0
15.959183673469388 8 3000 63144 47865.0 600606.0
15.959183673469388 9 3000 63088 47865.0 596757.0
16.3265306122449 0 3000 64494 48957.0 625800.0
16.3265306122449 1 3000 64484 48957.0 629049.0
16.3265306122449 2 3000 64494 48957.0 625389.0
16.3265306122449 3 3000 64500 48957.0 628935.0
16.3265306122449 4 3000 64498 48957.0 627219.0
16.3265306122449 5 3000 64498 48957.0 627570.0
16.3265306122449 6 3000 64468 48957.0 628269.0
16.3265306122449 7 3000 64476 48957.0 624357.0
16.3265306122449 8 3000 64522 48957.0 624411.0
16.3265306122449 9 3000 64482 48957.0 628062.0
16.693877551020407 0 3000 65892 50070.0 654633.0
16.693877551020407 1 3000 65894 50070.0 655284.0
16.693877551020407 2 3000 65906 50070.0 656610.0
16.693877551020407 3 3000 65898 50070.0 655119.0
16.693877551020407 4 3000 65880 50070.0 655455.0
16.693877551020407 5 3000 65908 50070.0 655242.0
16.693877551020407 6 3000 65870 50070.0 656655.0
16.693877551020407 7 3000 65894 50070.0 654291.0
16.693877551020407 8 3000 65846 50070.0 654255.0
16.693877551020407 9 3000 65858 50070.0 655407.0
17.06122448979592 0 3000 67282 51162.0 684036.0
17.06122448979592 1 3000 67246 51162.0 683055.0
17.06122448979592 2 3000 67194 51162.0 685806.0
17.06122448979592 3 3000 67280 51162.0 683535.0
17.06122448979592 4 3000 67268 51162.0 680409.0
17.06122448979592 5 3000 67248 51162.0 681816.0
17.06122448979592 6 3000 67240 51162.0 683496.0
17.06122448979592 7 3000 67228 51162.0 681534.0
17.06122448979592 8 3000 67260 51162.0 682776.0
17.06122448979592 9 3000 67214 51162.0 684591.0
17.42857142857143 0 3000 68666 52272.0 713370.0
17.42857142857143 1 3000 68614 52272.0 716091.0
17.42857142857143 2 3000 68612 52272.0 713127.0
17.42857142857143 3 3000 68656 52272.0 712617.0
17.42857142857143 4 3000 68648 52272.0 716481.0
17.42857142857143 5 3000 68620 52272.0 716292.0
17.42857142857143 6 3000 68650 52272.0 716163.0
17.42857142857143 7 3000 68624 52272.0 711423.0
17.42857142857143 8 3000 68616 52272.0 711015.0
17.42857142857143 9 3000 68636 52272.0 715182.0
17.79591836734694 0 3000 70010 53373.0 744168.0
17.79591836734694 1 3000 70000 53373.0 741837.0
17.79591836734694 2 3000 70010 53373.0 745332.0
17.79591836734694 3 3000 70016 53373.0 744132.0
17.79591836734694 4 3000 69956 53373.0 744474.0
17.79591836734694 5 3000 70012 53373.0 743610.0
17.79591836734694 6 3000 69982 53373.0 745002.0
17.79591836734694 7 3000 70026 53373.0 742881.0
17.79591836734694 8 3000 70000 53373.0 744876.0
17.79591836734694 9 3000 70036 53373.0 743886.0
18.16326530612245 0 3000 71388 54477.0 775827.0
18.16326530612245 1 3000 71406 54477.0 776718.0
18.16326530612245 2 3000 71388 54477.0 774435.0
18.16326530612245 3 3000 71370 54477.0 775650.0
18.16326530612245 4 3000 71396 54477.0 772617.0
18.16326530612245 5 3000 71334 54477.0 776379.0
18.16326530612245 6 3000 71382 54477.0 772971.0
18.16326530612245 7 3000 71382 54477.0 773835.0
18.16326530612245 8 3000 71364 54477.0 774636.0
18.16326530612245 9 3000 71404 54477.0 775299.0
18.53061224489796 0 3000 72806 55569.0 806742.0
18.53061224489796 1 3000 72750 55569.0 804867.0
18.53061224489796 2 3000 72718 55569.0 804795.0
18.53061224489796 3 3000 72752 55569.0 804666.0
18.53061224489796 4 3000 72756 55569.0 805449.0
18.53061224489796 5 3000 72734 55569.0 808053.0
18.53061224489796 6 3000 72756 55569.0 808614.0
18.53061224489796 7 3000 72756 55569.0 806652.0
18.53061224489796 8 3000 72736 55569.0 805419.0
18.53061224489796 9 3000 72736 55569.0 806235.0
18.89795918367347 0 3000 74118 56679.0 836586.0
18.89795918367347 1 3000 74152 56679.0 838446.0
18.89795918367347 2 3000 74178 56679.0 840177.0
18.89795918367347 3 3000 74148 56679.0 840201.0
18.89795918367347 4 3000 74150 56679.0 839751.0
18.89795918367347 5 3000 74158 56679.0 838014.0
18.89795918367347 6 3000 74100 56679.0 842499.0
18.89795918367347 7 3000 74140 56679.0 840273.0
18.89795918367347 8 3000 74170 56679.0 835461.0
18.89795918367347 9 3000 74112 56679.0 836784.0
19.26530612244898 0 3000 75484 57771.0 872748.0
19.26530612244898 1 3000 75542 57771.0 870021.0
19.26530612244898 2 3000 75488 57771.0 869649.0
19.26530612244898 3 3000 75504 57771.0 873666.0
19.26530612244898 4 3000 75436 57771.0 872130.0
19.26530612244898 5 3000 75486 57771.0 872361.0
19.26530612244898 6 3000 75532 57771.0 872277.0
19.26530612244898 7 3000 75454 57771.0 871260.0
19.26530612244898 8 3000 75500 57771.0 872727.0
19.26530612244898 9 3000 75442 57771.0 872121.0
19.63265306122449 0 3000 76840 58866.0 905118.0
19.63265306122449 1 3000 76810 58866.0 910332.0
19.63265306122449 2 3000 76838 58866.0 906591.0
19.63265306122449 3 3000 76828 58866.0 908874.0
19.63265306122449 4 3000 76870 58866.0 900759.0
19.63265306122449 5 3000 76840 58866.0 906288.0
19.63265306122449 6 3000 76880 58866.0 904749.0
19.63265306122449 7 3000 76890 58866.0 907878.0
19.63265306122449 8 3000 76852 58866.0 904503.0
19.63265306122449 9 3000 76848 58866.0 909894.0
20.0 0 3000 78246 59976.0 936360.0
20.0 1 3000 78222 59976.0 938559.0
20.0 2 3000 78286 59976.0 940098.0
20.0 3 3000 78252 59976.0 939849.0
20.0 4 3000 78220 59976.0 939816.0
20.0 5 3000 78258 59976.0 937374.0
20.0 6 3000 78274 59976.0 942132.0
20.0 7 3000 78252 59976.0 937851.0
20.0 8 3000 78270 59976.0 936642.0
20.0 9 3000 78266 59976.0 939231.0
