0.31 0 0.14060372737049576 4 1272.5551674365997
0.31 1 0.19179476289178624 3 1086.603925228119
0.31 2 0.16119201199131328 4 1337.358566045761
0.31 3 0.1610041814517805 4 985.8954725265503
0.31 4 0.18732237317945416 3 1352.6623439788818
0.302 0 0.2212529419179306 3 1985.9975454807281
0.302 1 0.22764644267823209 3 2170.4783091545105
0.302 2 0.18350796052017154 4 2195.442060947418
0.302 3 0.2391294467468794 3 2093.2244551181793
0.302 4 0.2163610642425585 3 1699.090502023697
0.316 0 0.17633639008523078 3 1097.925582408905
0.316 1 0.16853303709856993 3 1246.3951518535614
0.316 2 0.1606978318573851 3 1267.2134284973145
0.316 3 0.1650216167428254 3 1056.5677573680878
0.316 4 0.17560023997191082 3 1087.2982456684113
0.306 0 0.20125920770440567 3 2906.192390680313
0.306 1 0.20937327475864193 3 3674.2542827129364
0.306 2 0.17414173900828206 4 3862.9348924160004
0.306 3 0.22401231677105107 3 2594.9523940086365
0.306 4 0.20172396988041538 3 3274.9514017105103
0.304 0 0.21181167995639433 3 3807.4638533592224
0.304 1 0.21775483895861483 3 3153.0099546909332
0.304 2 0.17677505074807365 4 3210.9756801128387
0.304 3 0.23147797575731893 3 3433.793047428131
0.304 4 0.20656644235640298 3 2970.3808331489563
0.32 0 0.1383768817592157 3 1097.7792060375214
0.32 1 0.1442221411483546 3 1190.663902759552
0.32 2 0.15019856207487428 3 1298.0316350460052
0.32 3 0.15617188403024498 3 1099.1626448631287
0.32 4 0.1584852865083244 3 2290.0685329437256
0.318 0 0.16802543272276246 3 1360.9340796470642
0.318 1 0.1546218203077484 3 2061.527359008789
0.318 2 0.1528729854993252 3 1856.603101491928
0.318 3 0.15517668094926473 3 1552.872328042984
0.318 4 0.16759166796058625 3 2120.4093165397644
0.308 0 0.14808182640935905 4 4309.417732000351
0.308 1 0.19889396691047667 3 4713.871545314789
0.308 2 0.21275126449121579 3 5278.217844009399
0.308 3 0.21728676123577997 3 3458.9979639053345
0.308 4 0.1952299189273613 3 3868.6526639461517
0.312 0 0.13352449328467852 4 4219.686807155609
0.312 1 0.14980899324105362 4 4553.788938999176
0.312 2 0.15707389482471035 4 5398.896028518677
0.312 3 0.15085906579246197 4 4674.360587835312
0.312 4 0.17689294686662044 3 4385.390400886536
0.3 0 0.22678416559916098 3 5846.264676570892
0.3 1 0.24280500416901057 3 6487.884300231934
0.3 2 0.2429022484975788 3 5312.426749229431
0.3 3 0.24317176733805984 3 2510.7937707901
0.3 4 0.2241519470814669 3 4199.272749662399
0.314 0 0.13100885093364636 4 5035.927333116531
0.314 1 0.14222622496726262 4 6860.645100593567
0.314 2 0.15149540620831076 4 7400.320957660675
0.314 3 0.18882031017048267 3 4142.944386482239
0.314 4 0.17365482462848006 3 3007.974381685257
0.326 0 0.14148359951806172 3 1543.7929570674896
0.326 1 0.12939628679680246 3 2147.8403663635254
0.326 2 0.10684725811342978 4 1754.492823600769
0.326 3 0.1380986218478567 3 1450.5499467849731
0.326 4 0.1320316050049005 3 1707.032450914383
0.328 0 0.10112296754550819 3 2349.8456444740295
0.328 1 0.09694309805856069 4 1599.257069826126
0.328 2 0.11128988576650009 3 1940.5602910518646
0.328 3 0.11901596675491656 3 1597.3480322360992
0.328 4 0.13454485169805996 3 1830.8522460460663
0.322 0 0.15454485996234613 3 4689.375657558441
0.322 1 0.14257739877772987 3 3253.333384513855
0.322 2 0.13841891033246662 3 3567.1416430473328
0.322 3 0.15879292763412134 3 2966.208970308304
0.322 4 0.15258710661987246 3 2846.7196760177612
0.33799999999999997 0 0.08460062196464468 4 1745.3055348396301
0.33799999999999997 1 0.09349978754524857 3 1558.1366131305695
0.33799999999999997 2 0.0886738595368774 3 1818.717579126358
0.33799999999999997 3 0.10055662676471977 3 1716.3648211956024
0.33799999999999997 4 0.06297753698950749 3 1985.836157798767
0.33999999999999997 0 0.07074088514774553 4 2175.63968873024
0.33999999999999997 1 0.07872440622264858 3 1444.188235759735
0.33999999999999997 2 0.07874549766999278 3 1614.1094377040863
0.33999999999999997 3 0.10058735555614075 3 1633.2365539073944
0.33999999999999997 4 0.05660343488240781 2 1586.8363065719604
0.324 0 0.14609460747257047 3 4400.9401977062225
0.324 1 0.13688375241900205 3 6577.163230895996
0.324 2 0.13323164513920002 3 3774.257488012314
0.324 3 0.11741793879986612 4 3735.763720035553
0.324 4 0.14301479083045224 3 4084.4364194869995
0.32999999999999996 0 0.12369883449902101 3 3380.805778026581
0.32999999999999996 1 0.09128673511871939 4 4236.358905792236
0.32999999999999996 2 0.10471984468719496 3 4178.926316976547
0.32999999999999996 3 0.09766352650000666 4 4736.711033344269
0.32999999999999996 4 0.11658320291500117 3 4982.625367879868
0.346 0 0.055754426846285975 3 1194.624534368515
0.346 1 0.03291059992283239 3 1778.268226146698
0.346 2 0.04053381882198869 3 1363.107082605362
0.346 3 0.06591934307861985 4 1517.433809518814
0.346 4 0.06350720670388817 4 2144.5648741722107
0.344 0 0.06005248157285564 3 2684.3733882904053
0.344 1 0.07109300931310748 3 1153.6628966331482
0.344 2 0.0355130473877525 3 3246.9360365867615
0.344 3 0.03135343299264123 3 2318.757048845291
0.344 4 0.04862864218179437 4 1617.8952023983002
0.33599999999999997 0 0.10615630058063953 3 4070.2400658130646
0.33599999999999997 1 0.08317519868347657 3 3306.051656961441
0.33599999999999997 2 0.1005583676234012 3 3561.509432554245
0.33599999999999997 3 0.06566151202611911 4 3421.952871322632
0.33599999999999997 4 0.09613007310832712 3 6652.389866352081
0.33399999999999996 0 0.11024191454001571 3 5052.803777456284
0.33399999999999996 1 0.09280969505264067 3 4111.174518585205
0.33399999999999996 2 0.10323967731463699 3 5893.742806196213
0.33399999999999996 3 0.07067707383126003 4 3652.5378410816193
0.33399999999999996 4 0.10502714803974453 3 4942.969606876373
0.33199999999999996 0 0.11470445655534849 3 6155.167478084564
0.33199999999999996 1 0.09932545997285729 3 5139.5721571445465
0.33199999999999996 2 0.11055252625674516 3 3653.870678424835
0.33199999999999996 3 0.07990409634008937 4 5190.1141402721405
0.33199999999999996 4 0.1116900654295599 3 4745.388011455536
0.34199999999999997 0 0.09732851764879606 3 3273.460800409317
0.34199999999999997 1 0.08081570866163026 3 2785.428965806961
0.34199999999999997 2 0.04980243557788196 3 2616.737552165985
0.34199999999999997 3 0.05152106493491032 4 3917.133727312088
0.34199999999999997 4 0.100047811468422 3 3802.659428834915
0.352 0 0.05194772498483222 3 1584.5166244506836
0.352 1 0.019376918869108906 2 1371.2089474201202
0.352 2 0.045387361442493696 2 1323.8039238452911
0.352 3 0.028656952228192263 2 1622.139881849289
0.352 4 0.04959200647616381 3 2343.0133526325226
0.354 0 0.06664589961101583 3 2266.855409383774
0.354 1 0.01647717568515589 2 1811.192596912384
0.354 2 0.031780033807024696 3 2215.1828145980835
0.354 3 0.044583264345497586 3 2723.714850664139
0.354 4 0.026596019429287757 2 1215.3841304779053
0.348 0 0.08419004347345886 3 4096.123511791229
0.348 1 0.040237566199064254 4 4213.231170415878
0.348 2 0.014720847122824239 2 4695.754927396774
0.348 3 0.024308924616783207 2 4944.083453655243
0.348 4 0.06943049669319341 3 3357.3629789352417
0.35 0 0.07882699835751528 3 3152.115553855896
0.35 1 0.04945509710696302 3 3197.933624267578
0.35 2 0.017176055369341445 2 3995.0723905563354
0.35 3 0.0 1 3613.4757006168365
0.35 4 0.06757366145830378 3 3747.984107732773
0.364 0 0.02517858619209707 2 1144.0520753860474
0.364 1 0.021557112490899644 2 1483.9151542186737
0.364 2 0.005111057007035199 3 1858.3908395767212
0.364 3 0.019807987252181254 2 1553.4217007160187
0.364 4 0.0 1 2023.8247652053833
0.356 0 0.0 1 3879.8389546871185
0.356 1 0.0 1 3341.653993368149
0.356 2 0.019938345867771882 3 3169.842451810837
0.356 3 0.026341960457770923 2 3910.9326944351196
0.356 4 0.026222291205667908 3 4315.353399515152
0.366 0 0.0 1 1454.3028078079224
0.366 1 0.0 1 1537.6694836616516
0.366 2 0.0 1 2941.532810688019
0.366 3 0.009991339626521501 3 1378.5509929656982
0.366 4 0.023912429486670828 2 2181.6159298419952
0.372 0 0.0 1 1456.959459066391
0.372 1 0.015597547729741233 2 1311.9162604808807
0.372 2 0.0 1 1534.8020327091217
0.372 3 0.017223430283809325 2 1233.052062034607
0.372 4 0.0029457403496683694 3 1229.7905950546265
0.36 0 0.0 1 4768.248286008835
0.36 1 0.0 1 4475.03054857254
0.36 2 0.019636346490715578 3 4681.514053106308
0.36 3 0.024895666271773826 2 3576.0377185344696
0.36 4 0.023383220497438708 3 4752.544496059418
0.358 0 0.0 1 5624.832471847534
0.358 1 0.022729076245552975 2 4852.294575691223
0.358 2 0.029440869038549977 2 4206.853569984436
0.358 3 0.009875649637016039 3 4161.591618061066
0.358 4 0.036576331537529 2 3762.1030781269073
0.362 0 0.0031279266810724615 2 4147.2308032512665
0.362 1 0.0072257285963126475 2 5763.050790548325
0.362 2 0.014143520791453184 2 3502.664694547653
0.362 3 0.022595368023810024 2 5142.40003991127
0.362 4 0.011683588562450158 3 2602.5433056354523
0.378 0 0.01775019901674812 2 1797.919746875763
0.378 1 -2.922868653391335e-05 2 1495.1079726219177
0.378 2 0.0 1 1371.1567068099976
0.378 3 0.0 1 1814.3329241275787
0.378 4 0.010720265487131467 2 1541.4556212425232
0.376 0 0.009342196785897155 2 1473.364122390747
0.376 1 0.0031140467371755195 2 1678.5540580749512
0.376 2 0.0 1 2271.145746231079
0.376 3 0.0 1 2272.8322381973267
0.376 4 0.011926276573267938 2 1824.8598041534424
0.368 0 -2.8546198305744314e-06 2 4479.736740350723
0.368 1 0.0 1 3392.366768360138
0.368 2 0.0 1 2854.969497203827
0.368 3 -2.9973523627876785e-05 2 5758.224944114685
0.368 4 0.005917316377869293 4 5381.287619113922
0.374 0 0.009332729752191878 2 3069.080828666687
0.374 1 0.0027541765173453494 2 3749.4445662498474
0.374 2 0.0 1 2995.4937982559204
0.374 3 -1.970152517978933e-05 2 4299.208995819092
0.374 4 0.0021265581870728335 3 3542.82927775383
0.386 0 0.0 1 1393.9394886493683
0.386 1 0.0 1 2039.343286037445
0.386 2 0.0 1 1526.8099477291107
0.386 3 0.0 1 1903.0336439609528
0.386 4 0.0 1 2044.9452393054962
0.388 0 0.0 1 1548.3715827465057
0.388 1 0.002132775618469264 2 1824.717966079712
0.388 2 0.0 1 2347.165333509445
0.388 3 0.0 1 2270.4944326877594
0.388 4 0.0 1 1560.569002866745
0.37 0 0.0005380357693154561 2 5102.937720298767
0.37 1 5.5420572742845045e-06 2 6324.403338670731
0.37 2 0.0 1 5151.0162534713745
0.37 3 0.0 1 7501.301628112793
0.37 4 0.0 1 5289.387016534805
0.394 0 -3.523254602267196e-05 2 1557.6398301124573
0.394 1 1.3770965818338708e-05 2 1347.7690403461456
0.394 2 0.0 1 1721.8905942440033
0.394 3 0.0 1 1390.0909130573273
0.394 4 0.0 1 1967.6341435909271
0.384 0 0.0032309051332077812 2 4903.963188409805
0.384 1 0.0 1 4784.713170528412
0.384 2 -2.4808006286100557e-05 2 4734.9581179618835
0.384 3 -1.3522877002132208e-05 2 3684.6898028850555
0.384 4 0.0 1 4054.333687543869
0.38 0 0.0 1 5478.024835109711
0.38 1 0.0016825650041437893 2 4907.520476818085
0.38 2 0.0 1 4410.672017812729
0.38 3 -3.3872369293659926e-05 2 4289.28640627861
0.38 4 0.0015093924692434557 3 3954.476160764694
0.396 0 0.0 1 1357.516782283783
0.396 1 0.0 1 1835.4827926158905
0.396 2 0.0027119124873102064 2 2098.333106279373
0.396 3 0.0017295026551518448 2 1418.283213376999
0.396 4 0.0 1 1377.6926939487457
0.382 0 -2.446583329373995e-05 2 4051.6005477905273
0.382 1 0.0 1 5656.374273061752
0.382 2 -2.7730418187195715e-05 2 5489.850928783417
0.382 3 0.005147385927378691 3 5195.579254150391
0.382 4 0.0 1 4070.553402900696
0.4 0 0.0005819392960547799 2 1251.63312625885
0.4 1 0.0060832866048412815 2 1950.6082355976105
0.4 2 0.0 1 1593.9221649169922
0.4 3 0.0 1 1264.9296770095825
0.4 4 0.0 1 1342.5866329669952
0.40599999999999997 0 0.0 1 1721.667979478836
0.40599999999999997 1 0.0 1 1771.4854142665863
0.40599999999999997 2 8.968124198090853e-05 3 1903.2253017425537
0.40599999999999997 3 0.0 1 2299.9101424217224
0.40599999999999997 4 0.0 1 1265.841628074646
0.39 0 0.006799930461551593 3 4202.93231344223
0.39 1 0.0 1 4187.088169336319
0.39 2 -3.7147762074685205e-05 2 4209.818245649338
0.39 3 8.316275453313899e-06 2 4317.94869017601
0.39 4 0.007463729083348977 2 4776.10519194603
0.392 0 0.0 1 5919.901907920837
0.392 1 0.0 1 3911.58065533638
0.392 2 0.0 1 6008.134393215179
0.392 3 0.0 1 3969.5042786598206
0.392 4 -9.610340382564216e-06 2 4482.313198328018
0.402 0 0.0 1 3921.0156178474426
0.402 1 0.0 1 2487.715044736862
0.402 2 0.0 1 3700.4254956245422
0.402 3 0.0 1 4891.113199472427
0.402 4 0.0 1 3262.7677025794983
0.41 0 0.0 1 1681.7576520442963
0.41 1 8.775556913304752e-07 2 1569.540423631668
0.41 2 0.0 1 1463.8740854263306
0.41 3 3.8927313793202795e-05 2 3891.654219865799
0.41 4 0.0 1 3881.7003560066223
0.398 0 -2.9293316025578443e-05 2 7549.592430114746
0.398 1 0.0 1 3369.4378333091736
0.398 2 0.0 1 5183.089184045792
0.398 3 0.0 1 3716.0137498378754
0.398 4 0.0 1 4241.7945692539215
0.404 0 0.0 1 4551.397958755493
0.404 1 0.0 1 4074.3967974185944
0.404 2 0.0 1 6138.639369249344
0.404 3 0.0 1 3516.9193811416626
0.404 4 -1.1513674026428768e-05 2 3539.4967381954193
0.408 0 0.0006672368481875091 2 5706.535416603088
0.408 1 0.0 1 3617.8357009887695
0.408 2 -3.0806423144775996e-05 2 4508.902230024338
0.408 3 0.0 1 3707.1847035884857
0.408 4 0.0042191494205437025 2 3621.025954246521
0.412 0 0.0 1 4848.670529842377
0.412 1 -1.9959105488419933e-05 2 3502.737458229065
0.412 2 0.0 1 1973.8197071552277
0.412 3 1.4788135847393149e-05 2 1302.946212053299
0.412 4 0.0 1 1912.955234527588
0.42 0 0.0 1 2008.8847391605377
0.42 1 0.0 1 1079.048626422882
0.42 2 0.0 1 1093.4221093654633
0.42 3 0.0 1 1387.4349801540375
0.42 4 0.0 1 1802.002475976944
0.428 0 4.663855830439056e-05 2 1660.170753479004
0.428 1 0.00025312672751743974 3 1651.717217206955
0.428 2 1.2826884467489263e-05 2 1526.6570253372192
0.428 3 0.0 1 1937.1178724765778
0.428 4 0.0 1 1345.1040625572205
0.414 0 -3.244356083824772e-05 2 5558.496374368668
0.414 1 0.0 1 5405.000208854675
0.414 2 2.101254697188711e-06 2 5397.3382127285
0.414 3 -2.782961874323562e-05 2 3260.073046207428
0.414 4 0.0 1 3238.0471682548523
0.418 0 0.0 1 3275.957313299179
0.418 1 -2.943696870240636e-05 2 4509.52761387825
0.418 2 0.0 1 2926.199442625046
0.418 3 0.0 1 2266.3418695926666
0.418 4 0.0 1 3248.785278081894
0.43 0 -1.8850653398655837e-05 2 1279.421569108963
0.43 1 0.0 1 1330.2988560199738
0.43 2 0.0 1 1654.7728049755096
0.43 3 0.0 1 1702.4080023765564
0.43 4 0.0 1 1644.7981436252594
0.416 0 0.0 1 4237.871793985367
0.416 1 0.0 1 4858.7376618385315
0.416 2 0.0 1 4195.24330163002
0.416 3 0.0 1 4260.552994012833
0.416 4 0.0005427505555307088 2 4449.605695009232
0.432 0 0.0 1 1565.9573800563812
0.432 1 0.0 1 1898.1223168373108
0.432 2 0.001991260596159079 2 1462.5356636047363
0.432 3 0.0 1 1375.9490933418274
0.432 4 0.0 1 1760.4636490345001
0.424 0 0.0 1 3155.5405156612396
0.424 1 8.004276167335591e-05 2 3532.259435892105
0.424 2 -1.5148463405801386e-05 2 4849.13166809082
0.424 3 0.0 1 3973.401748418808
0.424 4 0.0 1 3524.3808999061584
0.438 0 0.0006013591406616492 2 1368.5774955749512
0.438 1 0.0 1 1357.450248003006
0.438 2 -2.046473891389782e-06 2 1906.101399421692
0.438 3 0.0 1 1460.6521527767181
0.438 4 0.0 1 1732.926504611969
0.422 0 0.0 1 3882.2582008838654
0.422 1 -2.683243859098872e-05 2 4735.727708339691
0.422 2 0.0 1 4129.0493240356445
0.422 3 0.0 1 5545.360140323639
0.422 4 0.0 1 3343.741057395935
0.426 0 0.0012192258745841542 3 3507.394310235977
0.426 1 -1.2385197252456943e-05 2 4213.793660402298
0.426 2 0.0 1 4978.243613958359
0.426 3 0.0 1 4514.06728887558
0.426 4 0.0 1 5168.642186164856
0.436 0 0.0 1 2093.534784555435
0.436 1 -2.6653572415203027e-05 2 3031.5337159633636
0.436 2 0.0 1 2490.9656896591187
0.436 3 -1.781668278447539e-05 2 3331.5422739982605
0.436 4 0.0 1 2787.2767021656036
0.442 0 0.0 1 2417.231812477112
0.442 1 0.0 1 1613.3235507011414
0.442 2 -3.092543405620973e-05 2 1573.4399013519287
0.442 3 0.0 1 1530.4611892700195
0.442 4 0.0 1 1816.8179388046265
0.44599999999999995 0 0.00022293425946467857 2 1670.7154068946838
0.44599999999999995 1 0.0 1 1337.535588979721
0.44599999999999995 2 -5.587534809743589e-06 2 1913.9837760925293
0.44599999999999995 3 0.0 1 1421.5827805995941
0.44599999999999995 4 0.0 1 1605.5451724529266
0.44 0 0.0 1 3756.650017261505
0.44 1 0.0 1 2857.939415216446
0.44 2 0.0 1 3883.079874277115
0.44 3 0.0002034942566844832 2 2558.3226914405823
0.44 4 0.00021032182454261186 2 2948.9760859012604
0.434 0 0.0009750110237607383 2 4597.5583238601685
0.434 1 0.0 1 4258.700308799744
0.434 2 0.0 1 4305.189114570618
0.434 3 -2.803804634744384e-05 2 4158.15736913681
0.434 4 0.0 1 3119.44616150856
0.45399999999999996 0 0.0 1 1092.6715784072876
0.45399999999999996 1 0.0 1 1720.0068626403809
0.45399999999999996 2 2.4536356903230023e-05 2 1851.180097103119
0.45399999999999996 3 2.7244493922833377e-06 2 1697.9902160167694
0.45399999999999996 4 -2.871267981632337e-05 2 1607.6060452461243
0.45599999999999996 0 -1.5823749062791484e-05 2 1873.0101208686829
0.45599999999999996 1 0.0 1 1346.7506837844849
0.45599999999999996 2 0.0 1 1680.699998140335
0.45599999999999996 3 8.697082111205837e-06 2 1755.6396386623383
0.45599999999999996 4 0.0 1 2198.9280502796173
0.444 0 0.0 1 4259.014762639999
0.444 1 0.0 1 4497.63901591301
0.444 2 0.0 1 4729.467798709869
0.444 3 0.0003365513648738731 3 3891.449547767639
0.444 4 0.0 1 3290.419456720352
0.46199999999999997 0 0.00018042038562327787 2 1599.4421882629395
0.46199999999999997 1 0.0 1 1608.0334458351135
0.46199999999999997 2 0.0 1 1356.145272731781
0.46199999999999997 3 0.0 1 1326.5894496440887
0.46199999999999997 4 0.0 1 1169.2557084560394
0.44799999999999995 0 0.0 1 4245.701456308365
0.44799999999999995 1 0.0 1 3551.6667296886444
0.44799999999999995 2 0.0 1 4826.837614059448
0.44799999999999995 3 1.0190947949259927e-05 2 3703.389748096466
0.44799999999999995 4 0.0 1 5202.761246442795
0.45199999999999996 0 0.0 1 2327.83522605896
0.45199999999999996 1 -2.9665646481668174e-05 2 3394.5687716007233
0.45199999999999996 2 0.0 1 3282.519299507141
0.45199999999999996 3 0.0 1 3402.3418350219727
0.45199999999999996 4 0.0 1 3859.6979129314423
0.46399999999999997 0 0.0 1 1454.7871613502502
0.46399999999999997 1 0.0 1 1503.160448551178
0.46399999999999997 2 -6.292632386574017e-06 2 1043.061107158661
0.46399999999999997 3 0.0 1 1754.7848653793335
0.46399999999999997 4 0.0 1 1399.0614142417908
0.44999999999999996 0 0.0 1 4232.435496091843
0.44999999999999996 1 -1.7796547486900068e-05 2 3388.9876749515533
0.44999999999999996 2 0.0 1 4232.488715648651
0.44999999999999996 3 0.0 1 4864.845302820206
0.44999999999999996 4 2.4603169236859265e-06 2 5377.974430561066
0.45799999999999996 0 0.0008099175753038349 2 3793.7547221183777
0.45799999999999996 1 0.0 1 3234.339490175247
0.45799999999999996 2 0.0 1 3622.925737142563
0.45799999999999996 3 0.0 1 2791.960997104645
0.45799999999999996 4 0.000924566981168907 2 3171.808291196823
0.46799999999999997 0 0.0 1 1665.6524405479431
0.46799999999999997 1 -3.542264544182188e-05 2 1503.2672023773193
0.46799999999999997 2 0.0 1 1238.6590733528137
0.46799999999999997 3 0.000711234359126465 2 1099.0146827697754
0.46799999999999997 4 0.0 1 1647.7837929725647
0.45999999999999996 0 0.0 1 4209.027170419693
0.45999999999999996 1 0.00021094673405095316 2 3771.3389933109283
0.45999999999999996 2 0.0 1 3843.643032312393
0.45999999999999996 3 0.0 1 3812.69207906723
0.45999999999999996 4 0.0 1 4583.689991235733
0.474 0 0.0 1 1361.2842764854431
0.474 1 0.0 1 1607.6689829826355
0.474 2 0.0 1 1944.3370637893677
0.474 3 0.0 1 2006.9254791736603
0.474 4 -1.8393328193098124e-05 2 1894.44038772583
0.48 0 0.0 1 1398.544382572174
0.48 1 0.0 1 1903.2047736644745
0.48 2 0.0 1 1912.669883966446
0.48 3 0.0 1 1545.7944984436035
0.48 4 0.0 1 2004.6092178821564
0.46599999999999997 0 0.0 1 4005.374128103256
0.46599999999999997 1 0.0 1 4082.766855239868
0.46599999999999997 2 0.0 1 3841.6873519420624
0.46599999999999997 3 0.0 1 2968.8910694122314
0.46599999999999997 4 0.0 1 4009.2742054462433
0.484 0 0.0 1 1323.7439365386963
0.484 1 0.0 1 1908.1084167957306
0.484 2 0.0 1 1177.7885892391205
0.484 3 0.0 1 1361.541490316391
0.484 4 0.0 1 1106.6645576953888
0.47 0 0.0 1 2588.055342435837
0.47 1 0.0 1 4265.501123905182
0.47 2 0.0 1 3901.881027698517
0.47 3 0.000450593312184753 3 4228.29448723793
0.47 4 0.0 1 3336.884483575821
0.478 0 0.00032839773916794974 2 2755.063816547394
0.478 1 0.0 1 2657.172262430191
0.478 2 0.0 1 3009.5202934741974
0.478 3 -2.63381123664902e-05 2 3755.6872947216034
0.478 4 1.9352984355530098e-05 2 3378.3779673576355
0.476 0 0.0 1 4650.2346804142
0.476 1 0.00013083579138820203 3 2651.05424118042
0.476 2 0.0 1 2724.1586565971375
0.476 3 0.0 1 3633.751095056534
0.476 4 0.0 1 4035.2125537395477
0.472 0 0.0 1 5383.743508815765
0.472 1 0.0 1 3745.789139032364
0.472 2 0.0 1 4148.125321388245
0.472 3 0.0 1 3579.843689918518
0.472 4 0.0 1 4336.913111448288
0.486 0 -2.9213781245601082e-05 2 1493.3167748451233
0.486 1 -1.4789532265551745e-05 2 1485.8469216823578
0.486 2 0.0005970987249063725 2 1879.9385645389557
0.486 3 0.0 1 1665.4991827011108
0.486 4 0.0 1 1151.7101373672485
0.49 0 -3.6632175159115935e-05 2 1331.2272384166718
0.49 1 0.0002550820898314049 3 1427.6659681797028
0.49 2 0.0 1 1055.9704854488373
0.49 3 0.0 1 1792.8192281723022
0.49 4 0.0 1 1714.9058344364166
0.482 0 0.0 1 3581.555584192276
0.482 1 0.0 1 4419.834319591522
0.482 2 0.0 1 3820.755417585373
0.482 3 0.0 1 2499.3928577899933
0.482 4 0.0 1 2571.751071214676
0.5 0 0.00032512524225920304 2 1593.4319911003113
0.5 1 -3.3308575421177436e-05 2 983.9561984539032
0.5 2 0.0 1 1247.164529800415
0.5 3 0.0 1 761.0070533752441
0.5 4 0.0006875825073122642 2 773.3400974273682
0.488 0 0.0 1 4320.576641082764
0.488 1 0.0 1 3978.2824382781982
0.488 2 0.0 1 3902.6177582740784
0.488 3 0.0 1 2173.810683488846
0.488 4 0.0 1 2802.911741733551
0.498 0 0.0001379769986421642 3 3881.9805755615234
0.498 1 1.1619285199647046e-05 2 3021.4846456050873
0.498 2 0.0 1 1439.0379869937897
0.498 3 0.0 1 1353.4525074958801
0.498 4 0.0005652328640482008 2 2467.264039993286
0.496 0 0.0 1 5581.106992483139
0.496 1 0.0 1 3248.3544013500214
0.496 2 0.0002849052611956311 2 2135.1430554389954
0.496 3 -2.1970235768011395e-05 2 1931.25665640831
0.496 4 0.0 1 666.1631875038147
0.494 0 0.0 1 3706.8062109947205
0.494 1 0.0002215004979367267 3 3874.0896933078766
0.494 2 0.0 1 2447.4499077796936
0.494 3 9.176022210944523e-05 2 2376.150817632675
0.494 4 0.0 1 1441.2069079875946
0.492 0 0.0 1 4486.624591827393
0.492 1 0.0 1 4085.581931591034
0.492 2 -1.2555534172988277e-05 2 3221.9848482608795
0.492 3 0.0 1 3183.683495759964
0.492 4 -3.646210581864016e-05 2 1330.53479886055
