0.3 0 0.00010882133788642184 3 1.0966238975524902
0.3 1 0.004541135372352055 3 0.8615012168884277
0.3 2 0.0007413961468997437 3 0.6399025917053223
0.3 3 3.5808725677656936e-05 3 0.9137773513793945
0.3 4 0.0038385691033722227 3 0.5709247589111328
0.3 5 6.246552594057269e-05 3 0.3361341953277588
0.3 6 0.00031326857855746605 3 0.6603853702545166
0.3 7 0.010802954521399635 3 0.9126060009002686
0.3 8 0.00656089370983221 3 0.5295870304107666
0.3 9 2.5084212457713754e-05 3 0.648914098739624
0.302 0 0.008126883264157048 3 1.0141940116882324
0.302 1 0.000453557177996261 3 0.6250283718109131
0.302 2 0.015671718083255872 3 0.5625405311584473
0.302 3 0.00039064962600527715 3 0.500136137008667
0.302 4 0.0031112106437433057 3 0.8404843807220459
0.302 5 0.0002068092454582079 3 0.39065074920654297
0.302 6 9.632991855809283e-05 3 0.4531388282775879
0.302 7 0.024490810302971126 3 0.7500696182250977
0.302 8 0.00010499673043119159 3 0.5312721729278564
0.302 9 0.0010680207708809316 3 0.750044584274292
0.304 0 0.00026316339699505663 3 0.4062671661376953
0.304 1 0.00012286438043700818 3 0.546912431716919
0.304 2 0.00011167533792416247 3 0.33666515350341797
0.304 3 0.0030101885052560484 3 0.5943725109100342
0.304 4 0.0003722939943680757 3 0.5080664157867432
0.304 5 7.643066205667241e-05 3 0.5404632091522217
0.304 6 0.000398785150925483 3 0.7272136211395264
0.304 7 -1.2394056898167805e-05 3 0.804760217666626
0.304 8 0.0001270571387610079 3 0.5694351196289062
0.304 9 0.0039642749884205904 3 0.6875653266906738
0.306 0 -8.38516656654178e-05 3 0.5396597385406494
0.306 1 6.58420498705666e-05 3 0.4765350818634033
0.306 2 0.0003480881245373393 3 0.6250228881835938
0.306 3 0.0003352789232248366 3 0.8444473743438721
0.306 4 0.00015474234962406795 3 0.4457817077636719
0.306 5 0.00019895930112909862 3 0.41469264030456543
0.306 6 -3.961163487334567e-06 3 0.3437831401824951
0.306 7 0.0009582580333671151 3 0.664473295211792
0.306 8 -6.630468147706487e-06 3 0.4771108627319336
0.306 9 0.011758137725983383 3 0.8207404613494873
0.308 0 0.0037170855438724434 3 0.7188007831573486
0.308 1 0.001558589352596837 3 0.633063554763794
0.308 2 0.00015813255137046484 3 0.577918529510498
0.308 3 0.008034487404762676 3 0.914825439453125
0.308 4 0.00028476091088393106 3 0.3318214416503906
0.308 5 0.0009718490503136497 3 0.8437998294830322
0.308 6 1.1633359914416059e-05 3 0.31252145767211914
0.308 7 0.0003625451353215259 3 0.2814459800720215
0.308 8 0.0011041530390107327 3 0.6100049018859863
0.308 9 0.004990445676438932 3 0.562516450881958
0.31 0 0.0007189816744192105 3 0.540102481842041
0.31 1 0.00012930327791992518 3 0.6173694133758545
0.31 2 8.405594771329066e-05 3 0.7806103229522705
0.31 3 4.084161531913471e-05 3 0.5640099048614502
0.31 4 0.00033279960668760087 3 0.5625391006469727
0.31 5 0.0004010766152390561 3 0.49239110946655273
0.31 6 0.0004980525534590098 3 0.586737871170044
0.31 7 -9.682092920600408e-06 3 0.4101982116699219
0.31 8 0.003770679344446379 3 0.6967542171478271
0.31 9 1.1621240984870438e-05 3 0.2829782962799072
0.312 0 0.01022941823164284 3 1.4903481006622314
0.312 1 -0.00010029329990677317 3 0.3066565990447998
0.312 2 0.001807838130155121 3 0.7350175380706787
0.312 3 0.0003021531624634005 3 0.5125372409820557
0.312 4 0.011849880881839012 3 0.8929107189178467
0.312 5 0.00012437391707531648 3 0.5999879837036133
0.312 6 9.135291619269044e-05 3 0.6589231491088867
0.312 7 0.004357690470485372 3 0.6736876964569092
0.312 8 0.0028821158307346223 3 0.5830392837524414
0.312 9 2.8988126163341013e-05 3 0.3585033416748047
0.314 0 0.00021429211684435165 3 0.6338846683502197
0.314 1 0.00010805145354360401 3 0.5556566715240479
0.314 2 0.00789548250616756 3 1.109773874282837
0.314 3 0.00401436369984763 3 0.8868443965911865
0.314 4 0.0016974580848212876 3 0.660548210144043
0.314 5 0.004533947496931923 3 0.7447149753570557
0.314 6 0.006619566041406579 3 0.700049877166748
0.314 7 0.0001149274115757752 3 0.4998316764831543
0.314 8 0.0004147680904434629 3 0.5694515705108643
0.314 9 0.0064668633062321245 3 0.9366316795349121
0.316 0 0.0032683807782518544 3 1.1539230346679688
0.316 1 0.004255814215660896 3 0.8896787166595459
0.316 2 0.00022720716024652142 3 0.4479258060455322
0.316 3 0.0025406595125674718 3 0.953068733215332
0.316 4 0.001622875493473589 3 0.615525484085083
0.316 5 -4.525493014588436e-05 3 0.4112727642059326
0.316 6 0.0008153066044496887 3 0.8950316905975342
0.316 7 0.0038009241106260606 3 0.7616243362426758
0.316 8 0.005019032069043627 3 0.6760907173156738
0.316 9 8.866792117199176e-05 3 0.4001438617706299
0.318 0 0.006349432327350229 3 0.8007485866546631
0.318 1 0.00012447142680521044 3 0.5236372947692871
0.318 2 0.0003071549316088278 3 0.6165447235107422
0.318 3 0.00022731007637265968 3 0.6044473648071289
0.318 4 6.096221520162497e-05 3 0.710625410079956
0.318 5 0.000346952492384299 3 0.8606095314025879
0.318 6 2.0930290432227114e-05 3 0.3468163013458252
0.318 7 -6.980878121834316e-05 3 0.5660867691040039
0.318 8 -3.3844434570764976e-05 3 0.6032688617706299
0.318 9 0.0026868202834861945 3 0.8092446327209473
0.32 0 0.00010067490371726382 3 0.43485260009765625
0.32 1 0.00017337545227124083 3 0.42954444885253906
0.32 2 9.393790140086662e-05 3 0.5287513732910156
0.32 3 0.0003639937447244214 3 0.6527085304260254
0.32 4 0.0005489163779469679 3 0.9722933769226074
0.32 5 5.797027709716706e-05 3 0.8408465385437012
0.32 6 0.0022890117208020384 3 0.632124662399292
0.32 7 0.0021363230485208474 3 0.7894248962402344
0.32 8 0.0004426313689100447 3 0.4744546413421631
0.32 9 0.0011353025568466859 3 0.6426022052764893
0.322 0 0.0009439728603549255 3 0.7594783306121826
0.322 1 -2.3537968858855474e-05 3 0.46668434143066406
0.322 2 -6.462681633400383e-06 3 0.39789843559265137
0.322 3 -4.6261823505206555e-05 3 0.5157396793365479
0.322 4 2.7234588489304126e-05 3 0.47195005416870117
0.322 5 0.00036988095881357455 3 0.5814769268035889
0.322 6 -6.836255846709677e-05 3 0.8189816474914551
0.322 7 8.425731531696286e-05 3 0.35430335998535156
0.322 8 0.00032342078512451953 3 0.34166383743286133
0.322 9 0.0015765850621103652 3 0.5645718574523926
0.324 0 0.00012560911916081766 3 0.6245837211608887
0.324 1 0.00015261939789890138 3 0.5955696105957031
0.324 2 0.00018024087904646701 3 0.5250110626220703
0.324 3 0.0003535522857174788 3 0.590888500213623
0.324 4 0.00040743588802037885 3 0.6533253192901611
0.324 5 -1.7837812498257265e-05 3 0.5920403003692627
0.324 6 0.0002709940413929582 3 0.6178040504455566
0.324 7 0.0002437409462761638 3 0.608464241027832
0.324 8 -8.404070127164666e-05 3 0.6117651462554932
0.324 9 0.003483066047094813 3 0.7094905376434326
0.326 0 0.0018717226622078492 3 0.5532021522521973
0.326 1 0.0001189970673368084 3 0.9266371726989746
0.326 2 0.0001126759570072575 3 0.34860730171203613
0.326 3 0.00012617567595973403 3 0.4687974452972412
0.326 4 0.00014127528746861383 3 0.5986378192901611
0.326 5 -5.8235992788555504e-06 3 0.7462527751922607
0.326 6 0.0007757220086808854 3 0.5760030746459961
0.326 7 0.0004115433178457403 3 0.6957776546478271
0.326 8 0.0007004247901314631 3 0.712653636932373
0.326 9 0.006508048616203946 3 0.7363364696502686
0.328 0 0.000124286167490048 3 0.6744740009307861
0.328 1 2.6364132639679798e-05 3 0.46386170387268066
0.328 2 0.005206576452325889 3 1.050241470336914
0.328 3 5.619009780287747e-05 3 0.49799275398254395
0.328 4 0.0007523424288049071 3 0.8016109466552734
0.328 5 0.000957320708173392 3 0.730299711227417
0.328 6 0.0011128109850058248 3 0.8975739479064941
0.328 7 0.00021981856195728725 3 0.6792042255401611
0.328 8 -1.7413768095254498e-05 3 0.48123788833618164
0.328 9 0.008711586477423969 3 1.1766154766082764
0.32999999999999996 0 0.0001759733434254086 3 1.1736295223236084
0.32999999999999996 1 0.00014753471428767347 3 0.43753695487976074
0.32999999999999996 2 -8.099779832098555e-05 3 0.8507730960845947
0.32999999999999996 3 8.32011078729273e-05 3 0.48618340492248535
0.32999999999999996 4 0.0003716291780662591 3 0.7039625644683838
0.32999999999999996 5 6.314469438030268e-05 3 0.6940228939056396
0.32999999999999996 6 -7.969518676252065e-05 3 0.6775681972503662
0.32999999999999996 7 -2.7415759001471073e-05 3 0.7070846557617188
0.32999999999999996 8 0.0005858529877157428 3 0.6364243030548096
0.32999999999999996 9 0.0003680357549547761 3 0.49990272521972656
0.33199999999999996 0 0.00019984543275034745 3 0.6338331699371338
0.33199999999999996 1 -4.380295652425732e-05 3 0.5818541049957275
0.33199999999999996 2 0.0004610511047545118 3 0.6885850429534912
0.33199999999999996 3 0.0031710009775931486 3 0.6613421440124512
0.33199999999999996 4 0.0005859791543575427 3 0.863616943359375
0.33199999999999996 5 0.00013808468629146787 3 0.6461508274078369
0.33199999999999996 6 0.0024161373956302994 3 0.6591570377349854
0.33199999999999996 7 0.00023741304994692448 3 0.32050371170043945
0.33199999999999996 8 0.0016795738204322696 3 0.6815271377563477
0.33199999999999996 9 0.0005714549959182181 3 0.7113010883331299
0.33399999999999996 0 8.307278549265719e-05 3 0.6764404773712158
0.33399999999999996 1 0.00046270317576904674 3 0.7381649017333984
0.33399999999999996 2 -4.4028637467441585e-05 3 0.4954869747161865
0.33399999999999996 3 -7.235977876575448e-05 3 0.5781826972961426
0.33399999999999996 4 0.004217161346219606 3 0.7229712009429932
0.33399999999999996 5 1.2203003131275212e-05 3 0.8677561283111572
0.33399999999999996 6 7.671481598232295e-05 3 0.5970358848571777
0.33399999999999996 7 0.00027753803534856053 3 0.6892216205596924
0.33399999999999996 8 0.00013818072228239376 3 0.4602346420288086
0.33399999999999996 9 0.00047222682532681103 3 0.5822124481201172
0.33599999999999997 0 8.099923704554987e-05 3 0.34569692611694336
0.33599999999999997 1 0.0011034701134633427 3 0.7395040988922119
0.33599999999999997 2 0.00011607024897318742 3 0.527550220489502
0.33599999999999997 3 0.0001476216872997095 3 0.5635521411895752
0.33599999999999997 4 0.0015134922005621621 3 0.5109155178070068
0.33599999999999997 5 -3.894460495857105e-05 3 0.7178549766540527
0.33599999999999997 6 0.00508353316184099 3 0.5904519557952881
0.33599999999999997 7 0.0001243843164633752 3 0.3242371082305908
0.33599999999999997 8 0.00038252755601797176 3 0.4135251045227051
0.33599999999999997 9 6.699162790829977e-05 3 0.6189796924591064
0.33799999999999997 0 0.00015389163730469976 3 0.7254765033721924
0.33799999999999997 1 0.0017196406979642178 3 0.8422393798828125
0.33799999999999997 2 0.0008847289175687188 3 1.016411304473877
0.33799999999999997 3 0.0011714528431032683 3 1.0129289627075195
0.33799999999999997 4 3.236579885691289e-05 3 0.6414852142333984
0.33799999999999997 5 0.0001164023190492187 3 0.5509264469146729
0.33799999999999997 6 0.0013621630138225117 3 0.8635818958282471
0.33799999999999997 7 0.0004541827723105913 3 0.8342366218566895
0.33799999999999997 8 -0.00010457547698892665 3 0.6992640495300293
0.33799999999999997 9 0.002046358089857553 3 0.7344403266906738
0.33999999999999997 0 0.0003932735369621029 3 0.8041715621948242
0.33999999999999997 1 6.0969554962657865e-05 3 0.3764481544494629
0.33999999999999997 2 0.00035270622647987846 3 0.31862974166870117
0.33999999999999997 3 0.00031145509460953736 3 0.8554856777191162
0.33999999999999997 4 0.0001578340998864942 3 0.7822670936584473
0.33999999999999997 5 2.089105501254416e-05 3 0.5001099109649658
0.33999999999999997 6 0.0018502286689223934 3 1.0517528057098389
0.33999999999999997 7 0.00021856429830787618 3 0.6260654926300049
0.33999999999999997 8 -0.00011471785980780425 3 0.5423257350921631
0.33999999999999997 9 0.0010338707185735666 3 0.5657651424407959
0.34199999999999997 0 0.0004917030398481877 3 0.6025471687316895
0.34199999999999997 1 -2.644496945113995e-05 3 0.7604284286499023
0.34199999999999997 2 0.0014715111969716174 3 0.6919505596160889
0.34199999999999997 3 0.00019956477543639088 3 0.41716837882995605
0.34199999999999997 4 0.0004901342782122316 3 0.623720645904541
0.34199999999999997 5 0.0006528436318374891 3 0.9891996383666992
0.34199999999999997 6 0.00026695652143372015 3 0.6723170280456543
0.34199999999999997 7 0.00038692081834069384 3 0.8447494506835938
0.34199999999999997 8 0.0003268962804050207 3 0.9713432788848877
0.34199999999999997 9 0.00015743510874850078 3 0.7546818256378174
0.344 0 0.00016718378223572409 3 0.5438759326934814
0.344 1 0.0004051263658981725 3 0.7071378231048584
0.344 2 0.00018481148218952385 3 0.7134735584259033
0.344 3 0.000874342742312835 3 0.6114387512207031
0.344 4 -1.001008048016413e-05 3 0.5583722591400146
0.344 5 8.713788781440502e-05 3 0.704399585723877
0.344 6 4.8322531451099006e-05 3 0.6169981956481934
0.344 7 0.000614715496499937 3 0.6206295490264893
0.344 8 2.2762742886088108e-05 3 0.7077732086181641
0.344 9 -0.00010005490255708778 3 0.5375204086303711
0.346 0 -4.113187061688997e-05 3 0.3139474391937256
0.346 1 -5.309676414840092e-05 3 0.48575401306152344
0.346 2 0.0017936797426087708 3 0.9393491744995117
0.346 3 0.00017919628009871092 3 0.670790433883667
0.346 4 -4.593640798518104e-05 3 0.5878217220306396
0.346 5 0.0003439646665162937 3 0.45348310470581055
0.346 6 0.005250938714391579 3 0.6423671245574951
0.346 7 -6.339193430748677e-06 3 0.4843626022338867
0.346 8 1.2043071819872723e-05 3 0.7890486717224121
0.346 9 0.002163698285470271 3 1.030480146408081
0.348 0 0.00014751655251288211 3 0.4631805419921875
0.348 1 5.124511479636404e-05 3 0.5370492935180664
0.348 2 -2.7013332014208736e-05 3 0.6994063854217529
0.348 3 0.0010055945384649229 3 0.5760021209716797
0.348 4 0.0007690587048844342 3 0.8128831386566162
0.348 5 -2.3537968858855497e-05 3 0.32898592948913574
0.348 6 3.8976059002915957e-07 3 0.5173311233520508
0.348 7 -8.405348440246695e-05 3 0.4462871551513672
0.348 8 2.3344457105504575e-06 3 0.4718139171600342
0.348 9 0.001197469653835317 3 1.162437915802002
0.35 0 0.00170019509744992 3 0.5713510513305664
0.35 1 -2.3137560851981965e-05 3 0.6624577045440674
0.35 2 1.1342658681880651e-05 3 0.8452515602111816
0.35 3 -8.295239568729717e-05 3 0.8215577602386475
0.35 4 -7.639023178542185e-05 3 0.7828018665313721
0.35 5 0.00011165717796538674 3 0.35952186584472656
0.35 6 -3.58359769661654e-05 3 0.4391305446624756
0.35 7 7.647998893666106e-05 3 0.42545008659362793
0.35 8 0.0003274973010112035 3 0.9981012344360352
0.35 9 -7.464871479522328e-05 3 0.6741137504577637
0.352 0 0.00036329931301377417 3 0.7094345092773438
0.352 1 0.0001286660188261131 3 0.6813404560089111
0.352 2 7.444199802898668e-05 3 0.7289421558380127
0.352 3 -3.2096585842195616e-05 3 0.8854808807373047
0.352 4 0.00034273750263314764 3 0.9266679286956787
0.352 5 0.00016601350555691768 3 0.37560176849365234
0.352 6 7.887250593674205e-05 3 0.6989500522613525
0.352 7 -7.488885488294305e-05 3 0.5853710174560547
0.352 8 -4.215660081997658e-06 3 0.5866904258728027
0.352 9 0.001194673427712358 3 0.9352564811706543
0.354 0 0.0013311332461613972 3 0.7813286781311035
0.354 1 0.0007826008982413635 3 0.636899471282959
0.354 2 9.57515408156696e-05 3 0.3230745792388916
0.354 3 -0.0001288138445644735 3 0.48074817657470703
0.354 4 0.0002147512160547377 3 0.8301112651824951
0.354 5 0.001502476197578019 3 0.8635976314544678
0.354 6 0.0002249067062043097 3 0.7626824378967285
0.354 7 -6.440984968068271e-06 3 0.5351221561431885
0.354 8 5.281948521395184e-06 3 0.5667052268981934
0.354 9 -0.00013916619805006612 3 0.40992307662963867
0.356 0 0.0006065619687350746 3 0.7911922931671143
0.356 1 0.00035757864345615034 3 0.5330119132995605
0.356 2 0.0007717974381911809 3 0.8411219120025635
0.356 3 6.871789917540804e-05 3 0.5800471305847168
0.356 4 0.0004368420864173155 3 0.6106283664703369
0.356 5 0.00014644921608153498 3 0.6677863597869873
0.356 6 6.19269725662347e-05 3 0.3923811912536621
0.356 7 0.0002251175308733647 3 0.557114839553833
0.356 8 0.0013512660484974984 3 0.6993775367736816
0.356 9 0.0003490526125280132 3 0.5799486637115479
0.358 0 -7.287086652401145e-05 3 0.4120323657989502
0.358 1 9.29533295336579e-05 3 0.7368535995483398
0.358 2 0.00033177173567879747 3 0.5487868785858154
0.358 3 0.000122806984854002 3 0.8954412937164307
0.358 4 0.00035235177212647695 3 0.34299397468566895
0.358 5 0.00035389685817020794 3 0.7144083976745605
0.358 6 0.00038018490882160016 3 0.6240594387054443
0.358 7 0.00024268719881487066 3 0.835928201675415
0.358 8 5.4577837419498365e-05 3 0.8002328872680664
0.358 9 4.335211416699236e-05 3 0.5494256019592285
0.36 0 0.0001645548026085488 3 0.4261798858642578
0.36 1 4.6066606501759773e-05 3 0.38889217376708984
0.36 2 9.77323439097019e-05 3 0.5968618392944336
0.36 3 0.0002242859070096401 3 0.8227360248565674
0.36 4 0.0014302121776201154 3 0.7669241428375244
0.36 5 0.00234188399277471 3 0.6751880645751953
0.36 6 0.00033792464052913686 3 0.8729188442230225
0.36 7 7.291740813764732e-05 3 0.5565767288208008
0.36 8 0.00010071862359511411 3 0.4652683734893799
0.36 9 5.626491406720911e-05 3 0.6008110046386719
0.362 0 0.0002772371376885381 3 0.3043959140777588
0.362 1 -5.523092535938491e-05 3 0.3675880432128906
0.362 2 0.0005927111928337911 3 0.9120328426361084
0.362 3 -1.42326573068795e-05 3 0.33118581771850586
0.362 4 0.00016917569366145527 3 0.6697146892547607
0.362 5 2.9689732501430886e-05 3 0.5115432739257812
0.362 6 0.0003764144186977351 3 0.6828670501708984
0.362 7 0.0019080324822571006 3 0.8736791610717773
0.362 8 0.00013307051322520414 3 0.6310086250305176
0.362 9 0.00011635874228616136 3 0.3307509422302246
0.364 0 0.00010640416304154135 3 0.7383766174316406
0.364 1 0.00036893365334675056 3 0.3132956027984619
0.364 2 1.1671336509155314e-05 3 0.6414585113525391
0.364 3 0.0003265549940363931 3 0.5995135307312012
0.364 4 6.964879824910865e-05 3 0.674544095993042
0.364 5 6.994345375647535e-05 3 0.7166635990142822
0.364 6 0.000601979501573605 3 0.6008844375610352
0.364 7 7.33075105069358e-06 3 0.7194762229919434
0.364 8 -2.0344073975634904e-06 3 0.38703465461730957
0.364 9 0.00043517331218334804 3 0.8775420188903809
0.366 0 -5.134380643638526e-05 3 0.6157927513122559
0.366 1 0.0019502499650887746 3 0.55466628074646
0.366 2 0.000272567577613265 3 0.6157207489013672
0.366 3 -1.714329364832362e-05 3 0.5582222938537598
0.366 4 0.0007375021614954747 3 0.7182807922363281
0.366 5 0.00022063984105390874 3 0.6170802116394043
0.366 6 -3.7660925844086356e-05 3 0.7647850513458252
0.366 7 0.00023476514541401693 3 0.6521360874176025
0.366 8 0.0010704430488444397 3 0.9568238258361816
0.366 9 5.511719759828355e-05 3 0.9692709445953369
0.368 0 0.000154235436297346 3 0.5078859329223633
0.368 1 3.060174960383458e-06 3 0.3088066577911377
0.368 2 0.00011316853733197396 3 0.9382710456848145
0.368 3 0.0004065402909875566 3 0.6265695095062256
0.368 4 0.0002548643616717412 3 0.4376988410949707
0.368 5 0.0008790911877831954 3 0.6343734264373779
0.368 6 -1.8386768336402073e-05 3 0.3723316192626953
0.368 7 0.002958868296201387 3 0.8596088886260986
0.368 8 9.444972740388783e-05 3 0.593355655670166
0.368 9 0.0008549740084101564 3 0.787874698638916
0.37 0 0.00016308547766119617 3 0.6953535079956055
0.37 1 0.0007815766619879705 3 1.0894579887390137
0.37 2 0.00015074834347094537 3 0.7422573566436768
0.37 3 0.0011473139701727421 3 0.7355210781097412
0.37 4 -4.33805289985604e-06 3 0.6200160980224609
0.37 5 0.00046574680181723783 3 0.7400987148284912
0.37 6 0.0002191486589650902 3 0.8189914226531982
0.37 7 -4.969300765609741e-05 3 0.40694355964660645
0.37 8 0.00024299162043343165 3 0.2726256847381592
0.37 9 0.002587449382203702 3 0.7547652721405029
0.372 0 7.44327056906743e-05 3 0.5558700561523438
0.372 1 2.152960906429272e-05 3 0.7185633182525635
0.372 2 0.00033851233305846396 3 0.9089615345001221
0.372 3 4.8300593727773904e-05 3 0.87636399269104
0.372 4 0.0006235847124279346 3 0.9588851928710938
0.372 5 -1.8398866061833132e-05 3 0.2448568344116211
0.372 6 0.00022915031226592626 3 0.6655316352844238
0.372 7 0.0008948463583267333 3 0.9595484733581543
0.372 8 0.00015228886750469649 3 0.7221119403839111
0.372 9 -1.312627738683623e-05 3 0.7213928699493408
0.374 0 0.0001789044749581634 3 0.5746464729309082
0.374 1 7.662699719989285e-05 3 0.7216310501098633
0.374 2 -5.630547665385877e-05 3 0.8037946224212646
0.374 3 -2.5125428356724536e-05 3 0.8354365825653076
0.374 4 0.00023815631669103898 3 0.6352965831756592
0.374 5 0.00028632203502318144 3 1.1071977615356445
0.374 6 0.0006007665500258601 3 0.8315167427062988
0.374 7 -0.0001252337065851926 3 0.6331884860992432
0.374 8 0.00041297518232356444 3 0.7803671360015869
0.374 9 8.775814089678894e-05 3 0.7437946796417236
0.376 0 -8.986370296505268e-05 3 0.49436211585998535
0.376 1 0.0005927142535749895 3 0.7258632183074951
0.376 2 -1.8836377078313436e-05 3 0.582744836807251
0.376 3 0.0003679877822697022 3 0.38985466957092285
0.376 4 0.00019908822029255648 3 0.4682803153991699
0.376 5 5.5375494528077855e-05 3 0.6039326190948486
0.376 6 0.0018343402561518823 3 0.6646344661712646
0.376 7 0.0002011595465147251 3 0.8292787075042725
0.376 8 0.0007013722036853312 3 0.7149605751037598
0.376 9 -6.879276295841663e-05 3 0.3816344738006592
0.378 0 -7.235977876575448e-05 3 0.3555290699005127
0.378 1 -7.979747703710822e-05 3 0.405087947845459
0.378 2 0.0005934098316458712 3 0.789351224899292
0.378 3 0.00021214315238124185 3 0.6085798740386963
0.378 4 6.929181589687844e-05 3 0.737471342086792
0.378 5 0.00011515274272970926 3 0.5268135070800781
0.378 6 0.0003889544904107704 3 0.5482897758483887
0.378 7 0.00014607423314329872 3 0.6230864524841309
0.378 8 7.989327466691949e-05 3 0.7670583724975586
0.378 9 5.9956059457418345e-05 3 0.6123621463775635
0.38 0 0.00037957648686255587 3 0.6562986373901367
0.38 1 -5.613218485006606e-05 3 0.4636268615722656
0.38 2 -7.980930440285753e-08 3 0.6576621532440186
0.38 3 1.1631359904369219e-06 3 0.5524184703826904
0.38 4 0.000234949007143789 3 0.690157413482666
0.38 5 -3.163498364062692e-05 3 0.6064445972442627
0.38 6 0.00017033303740339608 3 0.5365920066833496
0.38 7 0.0004432243417543081 3 1.115891933441162
0.38 8 0.00011250310571183087 3 1.4173383712768555
0.38 9 0.0003716860228415788 3 0.49701881408691406
0.382 0 1.842667812744499e-05 3 0.5566365718841553
0.382 1 9.488143410129048e-05 3 0.4431478977203369
0.382 2 0.00019221856076413356 3 0.6280412673950195
0.382 3 5.128469234501837e-05 3 0.5838320255279541
0.382 4 3.395404398569792e-05 3 0.8491792678833008
0.382 5 0.0007223711739847862 3 0.7207353115081787
0.382 6 -7.208335457842739e-05 3 0.29221606254577637
0.382 7 0.00012062865633686882 3 0.5577106475830078
0.382 8 0.000751113512079878 3 0.7360813617706299
0.382 9 0.00022021450130598605 3 0.6378364562988281
0.384 0 0.0002874274693174438 3 0.6190295219421387
0.384 1 0.000367691207646263 3 0.9824028015136719
0.384 2 9.718176349550936e-05 3 0.4021310806274414
0.384 3 0.0004029741220275069 3 0.7891242504119873
0.384 4 -2.7367196170107005e-05 3 0.8389732837677002
0.384 5 1.920445613512691e-06 3 0.6528544425964355
0.384 6 0.0009381450898932001 3 0.7251842021942139
0.384 7 0.00016270936153256937 3 0.7423489093780518
0.384 8 7.762554037279301e-05 3 0.4498262405395508
0.384 9 8.09810705993194e-05 3 0.32578468322753906
0.386 0 0.0001261079820886371 3 0.8204214572906494
0.386 1 -8.988299037641886e-05 3 0.5005996227264404
0.386 2 0.00039936372436414236 3 0.6967587471008301
0.386 3 -4.423065600035444e-05 3 0.4293406009674072
0.386 4 7.761164114292095e-06 3 0.7528605461120605
0.386 5 0.00013557750803706013 3 1.5406982898712158
0.386 6 4.414050818093575e-05 3 0.806685209274292
0.386 7 0.00029277052309432315 3 0.827019453048706
0.386 8 0.00012011997744106338 3 0.6578047275543213
0.386 9 0.00018948291099102213 3 0.6959700584411621
0.388 0 0.00023423512242235834 3 0.6049034595489502
0.388 1 3.631901273436725e-05 3 0.6802692413330078
0.388 2 0.0023616373773155583 3 0.8352000713348389
0.388 3 -4.182472653473569e-05 3 0.3815035820007324
0.388 4 0.0008035303296863515 3 0.8923492431640625
0.388 5 2.4988119887998943e-07 3 0.465348482131958
0.388 6 0.00033300058682066955 3 0.46412110328674316
0.388 7 -6.101524235219349e-05 3 0.4858572483062744
0.388 8 0.0006968533961141755 3 0.7230956554412842
0.388 9 0.000878268540916752 3 0.66811203956604
0.39 0 7.06500995653559e-06 3 0.5496642589569092
0.39 1 0.00018211389996711656 3 0.7267227172851562
0.39 2 2.8084044478912572e-05 3 0.8388378620147705
0.39 3 -9.443395765154027e-05 3 0.7259838581085205
0.39 4 -1.8386492534358872e-05 3 0.4817500114440918
0.39 5 0.0002102216735105644 3 0.43854665756225586
0.39 6 4.155893672908373e-05 3 0.7662296295166016
0.39 7 9.958544558156321e-06 3 0.5414152145385742
0.39 8 -1.6172541082757298e-05 3 0.4848783016204834
0.39 9 5.9347090046425414e-05 3 0.970768928527832
0.392 0 3.5812680898732623e-06 3 0.5952146053314209
0.392 1 0.0001080597002473204 3 0.5142998695373535
0.392 2 0.00010606307669856876 3 0.7980659008026123
0.392 3 9.873486201633676e-05 3 1.0288286209106445
0.392 4 0.0003950472587031737 3 0.5571906566619873
0.392 5 0.00020130913837466486 3 0.7453806400299072
0.392 6 -6.670307519005408e-05 3 0.663825511932373
0.392 7 0.000307524003613397 3 0.6731314659118652
0.392 8 0.00011873631380106555 3 0.9537127017974854
0.392 9 7.335005734785991e-05 3 0.7057099342346191
0.394 0 7.67559928936775e-05 3 0.5460810661315918
0.394 1 0.00024715817631676 3 0.7129645347595215
0.394 2 0.0003398895198521151 3 0.8142349720001221
0.394 3 0.0008443741048336072 3 0.8263769149780273
0.394 4 -1.9665459645157713e-05 3 0.6024148464202881
0.394 5 4.3331471028761076e-05 3 0.314835786819458
0.394 6 0.000746082997224289 3 0.7649037837982178
0.394 7 0.0013975957396608048 3 0.6756243705749512
0.394 8 0.00041078173208006257 3 0.6493790149688721
0.394 9 0.00026481141335209246 3 0.9954507350921631
0.396 0 0.001085076500458765 3 0.8917889595031738
0.396 1 0.00011924972258954169 3 0.553248405456543
0.396 2 -5.0165324253639894e-05 3 0.5084273815155029
0.396 3 4.380059680889867e-05 3 0.4633467197418213
0.396 4 0.0002060350799542562 3 0.9361190795898438
0.396 5 0.00015308782450646884 3 0.6148390769958496
0.396 6 0.00059741592190407 3 0.913104772567749
0.396 7 -0.0001277951376155284 3 0.5071907043457031
0.396 8 0.00020144938953785158 3 1.0604660511016846
0.396 9 0.0001893459601054996 3 0.5781416893005371
0.398 0 -4.279499419944607e-05 3 0.3842151165008545
0.398 1 -4.011528705437561e-05 3 0.7966711521148682
0.398 2 -1.2977600344966431e-06 3 0.569281816482544
0.398 3 0.00012348598931241053 3 0.43553805351257324
0.398 4 0.00021812752318205796 3 0.7103471755981445
0.398 5 0.0001130255957546729 3 0.5799064636230469
0.398 6 0.00014573131895349604 3 0.5985093116760254
0.398 7 -2.8229114510384245e-05 3 0.543323278427124
0.398 8 7.34904952734925e-05 3 0.8709709644317627
0.398 9 -1.8387044681741063e-05 3 0.7989215850830078
0.4 0 0.00034558338592448985 3 0.6193780899047852
0.4 1 3.7892074546085466e-05 3 0.4389677047729492
0.4 2 0.0008480916740171914 3 0.6969449520111084
0.4 3 0.00016705214975357762 3 0.6610145568847656
0.4 4 0.00039213620132034214 3 0.327800989151001
0.4 5 0.00017687512156108135 3 0.6221489906311035
0.4 6 0.0002583298168422583 3 0.6920366287231445
0.4 7 -7.065286279902226e-05 3 0.5256562232971191
0.4 8 -4.805139292288668e-05 3 0.6806502342224121
0.4 9 8.16715112890114e-06 3 0.4762876033782959
0.402 0 0.0007545271370778566 3 0.6616542339324951
0.402 1 0.00027265870067899015 3 0.6066670417785645
0.402 2 0.0002965475009706562 3 0.7650706768035889
0.402 3 4.070605530222123e-05 3 0.774301290512085
0.402 4 0.000602976256917842 3 0.877777099609375
0.402 5 0.0009611246993466405 3 0.745311975479126
0.402 6 0.000399367398431495 3 0.7578864097595215
0.402 7 0.00028912304296191876 3 0.67694091796875
0.402 8 -3.413696961672097e-05 3 0.5065262317657471
0.402 9 0.00022581120631608138 3 0.8095235824584961
0.404 0 0.00030616409773318704 3 0.5972244739532471
0.404 1 0.0007369428211023519 3 0.7422237396240234
0.404 2 0.0002060922688259932 3 0.6053943634033203
0.404 3 0.0002882779512082278 3 0.594576358795166
0.404 4 -9.366199276781584e-06 3 0.6156682968139648
0.404 5 5.1980074159639035e-05 3 0.7977204322814941
0.404 6 0.00023037806365189175 3 0.5023758411407471
0.404 7 2.8718300980394293e-05 3 0.31281089782714844
0.404 8 -3.285416841626664e-05 3 0.6384799480438232
0.404 9 4.660200390169341e-05 3 0.6518557071685791
0.40599999999999997 0 -7.492087181323586e-05 3 0.4551694393157959
0.40599999999999997 1 -8.217722975721138e-05 3 0.5233480930328369
0.40599999999999997 2 0.00023367442842684008 3 0.7904746532440186
0.40599999999999997 3 -5.4831525000424763e-05 3 0.6426849365234375
0.40599999999999997 4 4.71278341777414e-06 3 0.5934488773345947
0.40599999999999997 5 0.00045299655419572983 3 0.6864941120147705
0.40599999999999997 6 0.000606722380528571 3 0.5283997058868408
0.40599999999999997 7 8.325102709147294e-05 3 0.5978298187255859
0.40599999999999997 8 0.000560182161490978 3 0.789398193359375
0.40599999999999997 9 0.0006476244341786166 3 1.106278896331787
0.408 0 1.552245446548981e-05 3 0.6864602565765381
0.408 1 6.897043688236728e-05 3 0.43593382835388184
0.408 2 0.00030873270914987997 3 0.8158113956451416
0.408 3 0.0009003535617116128 3 0.9677820205688477
0.408 4 4.122677490260359e-05 3 0.5838413238525391
0.408 5 0.0009707022029216115 3 0.8536405563354492
0.408 6 -5.522486889264749e-05 3 0.30397939682006836
0.408 7 -0.00013068092280439685 3 0.44170045852661133
0.408 8 9.290474610608301e-05 3 0.6849615573883057
0.408 9 -0.00010062211583315211 3 0.36944127082824707
0.41 0 -3.364937684315622e-05 3 0.321652889251709
0.41 1 -1.6251590203358514e-05 3 0.7199583053588867
0.41 2 0.00011490384791973732 3 0.7516734600067139
0.41 3 0.0006554741772619254 3 0.7672460079193115
0.41 4 1.6543713737647378e-05 3 0.8113603591918945
0.41 5 6.545459376673822e-05 3 0.4047579765319824
0.41 6 -0.00010138381371660309 3 0.4204385280609131
0.41 7 0.00017044637414379094 3 1.2124643325805664
0.41 8 4.888852296441772e-05 3 0.5961394309997559
0.41 9 0.00030542924270658385 3 0.5289769172668457
0.412 0 0.0004739066439883041 3 0.9854257106781006
0.412 1 0.0002714987532411649 3 0.9231882095336914
0.412 2 0.0004055282209314799 3 0.8806395530700684
0.412 3 5.654878576987338e-06 3 0.6663403511047363
0.412 4 0.00012733672863968787 3 0.28019070625305176
0.412 5 0.00016390729225714443 3 0.6630363464355469
0.412 6 -6.826287505221194e-05 3 0.5468168258666992
0.412 7 0.00018664937315168565 3 0.371762752532959
0.412 8 4.3331471028761076e-05 3 0.3710024356842041
0.412 9 0.00038272872925479895 3 0.7223026752471924
0.414 0 7.670033007108796e-05 3 0.566972017288208
0.414 1 0.0003074625537211367 3 0.5821988582611084
0.414 2 1.3515026142288069e-05 3 0.6615138053894043
0.414 3 -3.223104616130343e-05 3 0.7446985244750977
0.414 4 6.819501901344455e-05 3 0.6551036834716797
0.414 5 0.0003173432021135556 3 0.7009682655334473
0.414 6 -5.224511792691163e-05 3 0.63454270362854
0.414 7 -2.6945898372318926e-05 3 0.517723798751831
0.414 8 0.0003095151244603339 3 0.5574941635131836
0.414 9 -3.813563700503197e-05 3 0.5167927742004395
0.416 0 -0.00013212999179929857 3 0.48075222969055176
0.416 1 5.531014298260756e-05 3 0.43480348587036133
0.416 2 -1.4647663085098943e-05 3 0.4727303981781006
0.416 3 8.531670614402793e-05 3 0.7926852703094482
0.416 4 0.00026415192465811875 3 0.25295424461364746
0.416 5 0.00016934915581745901 3 0.5558416843414307
0.416 6 -5.522486889264743e-05 3 0.30489420890808105
0.416 7 0.0006370317177838176 3 0.7889368534088135
0.416 8 0.00025994791101888897 3 0.5959353446960449
0.416 9 0.0007863297984790365 3 0.6080894470214844
0.418 0 0.00012090248898172825 3 0.6839580535888672
0.418 1 -5.364859750627452e-06 3 0.7707641124725342
0.418 2 4.666723193068469e-05 3 0.4493224620819092
0.418 3 -6.59731794610015e-05 3 0.39163899421691895
0.418 4 9.459506047163024e-05 3 0.28919219970703125
0.418 5 0.00033699763933987495 3 0.6882815361022949
0.418 6 7.129493167480969e-05 3 0.6702115535736084
0.418 7 0.00016911459494847232 3 0.3026413917541504
0.418 8 8.558995046424272e-05 3 0.604677677154541
0.418 9 0.0003562450624078693 3 0.6819264888763428
0.42 0 0.00015625287171356424 3 0.5388493537902832
0.42 1 -0.00011455200393843054 3 0.48915553092956543
0.42 2 0.00034905914093565305 3 0.7159743309020996
0.42 3 0.00011657309867906677 3 0.7376978397369385
0.42 4 0.0013019190593533253 3 0.7762107849121094
0.42 5 -5.486432166626313e-05 3 0.9167041778564453
0.42 6 7.401206156351735e-05 3 0.366788387298584
0.42 7 -4.181264291877566e-05 3 0.37513303756713867
0.42 8 -4.687359671399628e-05 3 0.6681618690490723
0.42 9 0.0002597827669553869 3 0.5331947803497314
0.422 0 0.00031054065391170055 3 0.7991597652435303
0.422 1 6.134035651658904e-05 3 0.5017063617706299
0.422 2 0.0001719120092476867 3 0.5917444229125977
0.422 3 0.00035985077622038673 3 0.6156830787658691
0.422 4 0.00016336893958240618 3 0.7169337272644043
0.422 5 0.0008033384198576598 3 0.6252796649932861
0.422 6 -0.00011219500913933915 3 0.532890796661377
0.422 7 -6.301519090067394e-05 3 0.7170534133911133
0.422 8 0.00024509386400099314 3 0.6743130683898926
0.422 9 0.00018664613672126132 3 1.0354530811309814
0.424 0 0.00012664617807170653 3 0.752758264541626
0.424 1 -5.945996281033431e-05 3 0.6007530689239502
0.424 2 0.00019111522721565273 3 0.6000614166259766
0.424 3 7.767544363701726e-05 3 0.4701409339904785
0.424 4 0.00012704797241243658 3 0.7469682693481445
0.424 5 0.0005702977869174251 3 0.6597657203674316
0.424 6 0.00018543896386512626 3 0.7728221416473389
0.424 7 -5.482547558594146e-05 3 0.6738908290863037
0.424 8 0.00011784156164483356 3 0.5433342456817627
0.424 9 0.00031946261538262253 3 0.6890518665313721
0.426 0 3.508505170141104e-05 3 0.9992184638977051
0.426 1 0.00028552397726849864 3 0.9505012035369873
0.426 2 -5.0370452942026076e-05 3 0.6249904632568359
0.426 3 4.581187770415869e-05 3 0.7581672668457031
0.426 4 0.0003075904729498231 3 0.9010286331176758
0.426 5 -7.119468196371133e-05 3 0.6903386116027832
0.426 6 5.0248205569266176e-05 3 0.6412343978881836
0.426 7 -0.0001037568971445965 3 0.5286316871643066
0.426 8 0.0003785455343090439 3 0.646043062210083
0.426 9 -2.448172620308948e-05 3 0.7906107902526855
0.428 0 0.00024599207657079777 3 0.5172488689422607
0.428 1 -5.482547558594149e-05 3 0.5561521053314209
0.428 2 0.0006780774299620027 3 0.624300479888916
0.428 3 0.00021715317357387913 3 0.44226717948913574
0.428 4 9.829892743364309e-06 3 0.7090804576873779
0.428 5 0.0004818997654942072 3 0.7420206069946289
0.428 6 -7.338446237956712e-05 3 0.7397382259368896
0.428 7 -5.006312085499168e-05 3 0.4360945224761963
0.428 8 0.00019548941557750955 3 0.40324950218200684
0.428 9 0.00018266862675503818 3 0.7235426902770996
0.43 0 0.00033861224394012165 3 0.6864278316497803
0.43 1 0.0001022716471596281 3 0.5619387626647949
0.43 2 0.00011266384588953241 3 0.30733799934387207
0.43 3 0.00028469101543374624 3 0.7989902496337891
0.43 4 0.0005036705764174694 3 0.6790347099304199
0.43 5 -2.909030254949552e-05 3 0.5799262523651123
0.43 6 0.0002617274032813313 3 0.5086848735809326
0.43 7 1.4518457207865069e-05 3 0.32244229316711426
0.43 8 0.0005543050406838046 3 0.7791500091552734
0.43 9 -9.567463907999844e-05 3 0.6927988529205322
0.432 0 -0.00011989366865072562 3 0.35428953170776367
0.432 1 0.0008662840270511217 3 0.6297428607940674
0.432 2 -1.2755608877269044e-05 3 0.5854408740997314
0.432 3 0.0001244367802503182 3 0.7777326107025146
0.432 4 7.122769690684393e-05 3 0.8200979232788086
0.432 5 -1.9781222687314304e-05 3 0.5523195266723633
0.432 6 6.597734505571037e-05 3 0.8599264621734619
0.432 7 0.00019108859944239707 3 0.5638444423675537
0.432 8 2.419772440192353e-05 3 0.6224706172943115
0.432 9 7.650421117332851e-05 3 0.33120155334472656
0.434 0 0.0006909179781249282 3 0.7613775730133057
0.434 1 0.0002714580675133927 3 0.9478766918182373
0.434 2 2.073982819875485e-05 3 0.52860426902771
0.434 3 0.00015929167954270682 3 0.786048173904419
0.434 4 -7.306053005016787e-05 3 0.7580194473266602
0.434 5 0.0002186315324691674 3 0.7781336307525635
0.434 6 7.752040372009818e-05 3 0.5629220008850098
0.434 7 8.349359713315505e-05 3 0.8071637153625488
0.434 8 3.3219535718534856e-05 3 0.5664072036743164
0.434 9 1.4871838272601558e-06 3 0.7786383628845215
0.436 0 1.5608549051668094e-05 3 0.711846113204956
0.436 1 -2.6440579109760055e-05 3 0.5825908184051514
0.436 2 -4.911201305336538e-05 3 0.7375409603118896
0.436 3 0.00012730037184984037 3 0.27577686309814453
0.436 4 5.302447560550545e-05 3 0.5256896018981934
0.436 5 -5.76421988161538e-05 3 0.47786712646484375
0.436 6 0.00043900648981886475 3 0.9468188285827637
0.436 7 6.455100522891485e-05 3 0.5701019763946533
0.436 8 0.00018294630621789256 3 0.7681622505187988
0.436 9 -8.169227040873115e-05 3 0.6499385833740234
0.438 0 0.0003348713933683768 3 0.5362050533294678
0.438 1 0.00019632267205782285 3 0.9662914276123047
0.438 2 0.00021124656243657873 3 0.5653164386749268
0.438 3 0.00023564161320436655 3 0.7240922451019287
0.438 4 1.7470370646041257e-05 3 0.6086244583129883
0.438 5 0.00035287472640008183 3 0.48371195793151855
0.438 6 8.18972015898476e-05 3 0.8534657955169678
0.438 7 0.00026449636072849197 3 0.5849330425262451
0.438 8 0.0007290811493259426 3 0.7034919261932373
0.438 9 -7.091187774061615e-05 3 0.5288746356964111
0.44 0 6.932285011621406e-05 3 0.7292170524597168
0.44 1 6.717765838479361e-05 3 0.749847412109375
0.44 2 2.8796492728632682e-05 3 0.4518392086029053
0.44 3 0.00025526583217599794 3 1.0419862270355225
0.44 4 0.0004193043743185629 3 0.7473161220550537
0.44 5 3.985163236655231e-05 3 0.6827094554901123
0.44 6 0.00010383618985885143 3 0.8658974170684814
0.44 7 0.00023727741102677613 3 0.5879466533660889
0.44 8 0.00013518314134056808 3 0.7360038757324219
0.44 9 -1.016853244185415e-05 3 0.4849100112915039
0.442 0 0.0006889229526964247 3 0.7284679412841797
0.442 1 0.0002950614415924208 3 0.5110926628112793
0.442 2 -5.521881303129441e-05 3 0.5375974178314209
0.442 3 -8.160700049000976e-05 3 0.6199984550476074
0.442 4 0.00022544403779771563 3 0.5655512809753418
0.442 5 3.9740291442141676e-05 3 0.5777695178985596
0.442 6 0.0002092346160545133 3 0.381610631942749
0.442 7 0.00046594295974780435 3 0.8059995174407959
0.442 8 0.00043057038456069017 3 0.4831969738006592
0.442 9 -2.0767075367615638e-05 3 0.7198970317840576
0.444 0 -6.934054478159441e-05 3 0.2639591693878174
0.444 1 -6.628326708572644e-05 3 0.6463186740875244
0.444 2 0.00010706595699272615 3 0.5770134925842285
0.444 3 -1.954710158583746e-05 3 0.6132724285125732
0.444 4 7.491112811517857e-05 3 0.9057719707489014
0.444 5 0.00018322853303844817 3 0.5547244548797607
0.444 6 0.00013445924325970716 3 1.031956672668457
0.444 7 -4.5495986443297506e-05 3 0.9212148189544678
0.444 8 0.0001989913656446857 3 0.5475621223449707
0.444 9 -6.42727328271086e-05 3 0.4678523540496826
0.44599999999999995 0 -5.196642138499669e-05 3 0.6289529800415039
0.44599999999999995 1 -4.113187061688997e-05 3 0.46360254287719727
0.44599999999999995 2 -4.720525095829483e-05 3 0.5241239070892334
0.44599999999999995 3 0.00017708979021403628 3 0.979555606842041
0.44599999999999995 4 0.00010660285262563831 3 0.7276859283447266
0.44599999999999995 5 0.00017166219588768126 3 0.6941189765930176
0.44599999999999995 6 0.00011102234607798067 3 0.5690708160400391
0.44599999999999995 7 -9.34260561950554e-05 3 0.5740344524383545
0.44599999999999995 8 0.0005138810192519431 3 0.6985955238342285
0.44599999999999995 9 6.446591049448597e-06 3 0.6416842937469482
0.44799999999999995 0 9.802518182292638e-06 3 0.5964312553405762
0.44799999999999995 1 -6.628326708572644e-05 3 0.5342528820037842
0.44799999999999995 2 0.0003537477699940928 3 0.6465206146240234
0.44799999999999995 3 6.0409417371290046e-05 3 0.3390538692474365
0.44799999999999995 4 7.702180075922085e-05 3 0.646214485168457
0.44799999999999995 5 -2.778582422583611e-06 3 0.6720035076141357
0.44799999999999995 6 -2.6829102816573387e-05 3 0.4247305393218994
0.44799999999999995 7 0.00014882205515052285 3 0.8406553268432617
0.44799999999999995 8 1.0574876037840474e-05 3 0.9229364395141602
0.44799999999999995 9 0.00021004013738612425 3 0.8336141109466553
0.44999999999999996 0 0.0004709164108932906 3 1.1544201374053955
0.44999999999999996 1 -3.6514091711319206e-05 3 0.6398670673370361
0.44999999999999996 2 0.00014319670153272487 3 0.43671298027038574
0.44999999999999996 3 -9.156117846134419e-05 3 0.5957739353179932
0.44999999999999996 4 0.0003411451418585989 3 0.6257655620574951
0.44999999999999996 5 6.18123175036532e-05 3 0.6368758678436279
0.44999999999999996 6 0.00011905982603624755 3 0.6777615547180176
0.44999999999999996 7 3.2122698198775564e-05 3 0.6671061515808105
0.44999999999999996 8 0.00029867950913484864 3 0.6313161849975586
0.44999999999999996 9 0.00018883960190366601 3 0.5548360347747803
0.45199999999999996 0 -6.921688837527326e-05 3 0.5693137645721436
0.45199999999999996 1 -4.575331237086387e-05 3 0.7397146224975586
0.45199999999999996 2 -7.925978352135643e-05 3 0.7378988265991211
0.45199999999999996 3 6.793063048963959e-05 3 0.7299182415008545
0.45199999999999996 4 -7.504253084385432e-05 3 0.47554755210876465
0.45199999999999996 5 -7.735938791792656e-05 3 0.5934617519378662
0.45199999999999996 6 0.0003714868715098552 3 0.5937912464141846
0.45199999999999996 7 0.000488377369776441 3 1.029475450515747
0.45199999999999996 8 0.00014836074207781716 3 0.9163644313812256
0.45199999999999996 9 -1.2889008442569141e-05 3 0.39066433906555176
0.45399999999999996 0 0.0001807085338568983 3 0.7631354331970215
0.45399999999999996 1 0.0002173516858151318 3 0.6665475368499756
0.45399999999999996 2 -3.169533835969399e-05 3 0.34996938705444336
0.45399999999999996 3 -2.7989992176924786e-05 3 0.5681791305541992
0.45399999999999996 4 0.0001932231063347106 3 0.7307648658752441
0.45399999999999996 5 -7.562121072198812e-06 3 0.5631821155548096
0.45399999999999996 6 9.877806717519012e-05 3 0.6462924480438232
0.45399999999999996 7 0.00014256310773836663 3 0.6225917339324951
0.45399999999999996 8 7.715527413382121e-05 3 0.7254321575164795
0.45399999999999996 9 -0.00010230041532430313 3 0.7132744789123535
0.45599999999999996 0 9.860283897815033e-05 3 0.5605258941650391
0.45599999999999996 1 9.888677472394464e-05 3 0.4636712074279785
0.45599999999999996 2 -1.657735439579257e-06 3 0.6543087959289551
0.45599999999999996 3 0.0001433665556926769 3 0.8890891075134277
0.45599999999999996 4 0.00012721656751867632 3 0.3672325611114502
0.45599999999999996 5 -7.069181171157368e-05 3 0.7131915092468262
0.45599999999999996 6 0.0003296782636242318 3 0.7195513248443604
0.45599999999999996 7 -7.037687015718765e-06 3 0.750173807144165
0.45599999999999996 8 -5.3995610501111525e-05 3 0.4184389114379883
0.45599999999999996 9 0.00013622999297806297 3 0.6079068183898926
0.45799999999999996 0 -6.5468839959019745e-06 3 0.4114241600036621
0.45799999999999996 1 -3.631428279324395e-05 3 0.8144397735595703
0.45799999999999996 2 0.00012519758159166552 3 0.6810503005981445
0.45799999999999996 3 -2.058175187038958e-05 3 0.2547307014465332
0.45799999999999996 4 7.112202950993388e-06 3 0.8690667152404785
0.45799999999999996 5 0.00029917415492147737 3 0.4719820022583008
0.45799999999999996 6 0.0006177566104161136 3 0.8462700843811035
0.45799999999999996 7 0.00020885420663476715 3 0.7034060955047607
0.45799999999999996 8 -2.405814255471056e-06 3 0.638359546661377
0.45799999999999996 9 0.0002548783599464963 3 0.6202402114868164
0.45999999999999996 0 -1.9763449339914683e-05 3 0.6742238998413086
0.45999999999999996 1 0.00011179275414192587 3 0.8406062126159668
0.45999999999999996 2 0.00012304614543719592 3 0.5273520946502686
0.45999999999999996 3 4.299521145489986e-05 3 1.172410011291504
0.45999999999999996 4 0.0007223940904685647 3 0.9611833095550537
0.45999999999999996 5 -9.615480750396817e-05 3 0.7019586563110352
0.45999999999999996 6 0.00018760216553851376 3 0.7173702716827393
0.45999999999999996 7 0.0001632797014775225 3 0.596733808517456
0.45999999999999996 8 0.00012687042540766874 3 0.3205883502960205
0.45999999999999996 9 0.0004110628485928978 3 0.594074010848999
0.46199999999999997 0 -9.094803471869666e-06 3 0.6567590236663818
0.46199999999999997 1 0.0006142331567645473 3 1.0617449283599854
0.46199999999999997 2 1.7726899152379068e-05 3 0.49289393424987793
0.46199999999999997 3 0.0006134787796015252 3 0.40755343437194824
0.46199999999999997 4 -6.168446949469295e-05 3 0.3208730220794678
0.46199999999999997 5 -2.406377684271086e-06 3 0.7643222808837891
0.46199999999999997 6 0.0001624149164162541 3 0.2839202880859375
0.46199999999999997 7 -9.478333698169695e-05 3 0.6332404613494873
0.46199999999999997 8 4.3903707888297855e-05 3 0.37380385398864746
0.46199999999999997 9 0.00037120787743093664 3 0.8220338821411133
0.46399999999999997 0 0.0002359886057651703 3 0.7522218227386475
0.46399999999999997 1 1.1621240984870438e-05 3 0.2950115203857422
0.46399999999999997 2 7.654348344145533e-05 3 0.6725549697875977
0.46399999999999997 3 0.00012998843194671382 3 0.6137306690216064
0.46399999999999997 4 0.00018176325646808967 3 0.7025446891784668
0.46399999999999997 5 -2.4514817278760214e-05 3 0.8814759254455566
0.46399999999999997 6 0.00017532570959841073 3 0.4577763080596924
0.46399999999999997 7 6.634525469457354e-05 3 0.5800051689147949
0.46399999999999997 8 7.311011963089735e-05 3 0.7679424285888672
0.46399999999999997 9 6.364911225391244e-05 3 0.4321303367614746
0.46599999999999997 0 -8.050035804340054e-05 3 0.5037026405334473
0.46599999999999997 1 -6.112517952048765e-05 3 0.5112464427947998
0.46599999999999997 2 0.0002535909882533897 3 0.8943588733673096
0.46599999999999997 3 7.262028652052495e-05 3 0.47452616691589355
0.46599999999999997 4 9.65293356836275e-05 3 0.5790376663208008
0.46599999999999997 5 5.921462632437831e-05 3 0.3367588520050049
0.46599999999999997 6 6.123734223071116e-05 3 0.4032566547393799
0.46599999999999997 7 0.0001284541086642926 3 0.6513762474060059
0.46599999999999997 8 0.000262929798662584 3 0.6955137252807617
0.46599999999999997 9 9.207814800426468e-05 3 0.4487423896789551
0.46799999999999997 0 0.00012088757539327874 3 0.5540730953216553
0.46799999999999997 1 -3.292301817021336e-05 3 0.868912935256958
0.46799999999999997 2 5.4585354354970964e-05 3 0.568204402923584
0.46799999999999997 3 -3.42839531525709e-05 3 0.6288037300109863
0.46799999999999997 4 9.814531121174686e-05 3 0.3114192485809326
0.46799999999999997 5 1.194526791331908e-05 3 0.5739121437072754
0.46799999999999997 6 -5.532545858140932e-05 3 0.7728192806243896
0.46799999999999997 7 0.0001341068223400267 3 0.4542872905731201
0.46799999999999997 8 1.2014714974683562e-05 3 0.42136383056640625
0.46799999999999997 9 -6.985491603573072e-05 3 0.6164963245391846
0.47 0 4.752940488553443e-05 3 0.8913428783416748
0.47 1 -7.965219239952164e-05 3 0.5215299129486084
0.47 2 -3.724647671702695e-05 3 0.6468989849090576
0.47 3 0.00020761810329730364 3 0.6589076519012451
0.47 4 3.57041843196475e-05 3 0.606520414352417
0.47 5 -2.761304755831731e-07 3 0.7082879543304443
0.47 6 6.693317934200209e-06 3 0.5653681755065918
0.47 7 0.00022543077475082604 3 0.6573326587677002
0.47 8 -0.000109433969130897 3 0.6427574157714844
0.47 9 0.00013857636143523592 3 0.603691816329956
0.472 0 -4.113187061688997e-05 3 0.3136863708496094
0.472 1 -4.965652133317903e-05 3 0.683093786239624
0.472 2 1.7142723774325276e-05 3 0.7469689846038818
0.472 3 -0.00012121534676594659 3 0.3783838748931885
0.472 4 0.0003006344221180625 3 1.035973072052002
0.472 5 0.00027840548814328004 3 0.542858362197876
0.472 6 4.4859995230983554e-05 3 0.3673875331878662
0.472 7 0.0007495108800567886 3 0.884019136428833
0.472 8 0.0005772097156203236 3 1.0418915748596191
0.472 9 0.00066155290493864 3 0.7414300441741943
0.474 0 0.0001305371499475903 3 0.5925853252410889
0.474 1 0.00013369998070912668 3 0.9860825538635254
0.474 2 9.001789044656503e-06 3 0.5362532138824463
0.474 3 0.000222911944882615 3 0.5270202159881592
0.474 4 5.269011317187237e-05 3 0.5865788459777832
0.474 5 5.207961643975455e-05 3 0.8726844787597656
0.474 6 0.0001344094617883762 3 0.7486250400543213
0.474 7 0.00015284218143790635 3 0.7643260955810547
0.474 8 2.041642042955646e-05 3 0.6797277927398682
0.474 9 8.601688969351738e-05 3 0.8120861053466797
0.476 0 -4.15816259755033e-05 3 0.9826343059539795
0.476 1 0.00016834411671565481 3 0.8303306102752686
0.476 2 0.0007873782784522096 3 0.5822360515594482
0.476 3 -3.26940942799996e-05 3 0.8097784519195557
0.476 4 0.0001954409508118534 3 0.4214460849761963
0.476 5 0.000384809268972569 3 0.6301331520080566
0.476 6 6.802051860812051e-05 3 0.9046707153320312
0.476 7 0.00012731854933604127 3 0.35342955589294434
0.476 8 6.815261292491944e-05 3 0.496213436126709
0.476 9 7.556215536689676e-05 3 0.5481572151184082
0.478 0 -7.30722735500751e-06 3 0.8790192604064941
0.478 1 0.00013489881671493954 3 0.6563334465026855
0.478 2 0.00021993875692879257 3 0.810570240020752
0.478 3 2.9307185358387313e-06 3 0.6715636253356934
0.478 4 8.347232781294135e-05 3 0.7580409049987793
0.478 5 -7.223442157837431e-05 3 0.6340458393096924
0.478 6 4.450215992843305e-05 3 0.575312614440918
0.478 7 0.00020007595442238422 3 0.8159568309783936
0.478 8 3.7569742524590715e-05 3 0.657705545425415
0.478 9 0.0001982346260447669 3 0.6184902191162109
0.48 0 0.00015047984681012375 3 0.2526392936706543
0.48 1 -5.452832011980388e-05 3 0.48279762268066406
0.48 2 6.126758503089125e-05 3 0.5309646129608154
0.48 3 7.03749765484081e-05 3 0.6109960079193115
0.48 4 -0.00011368430515672016 3 0.6606817245483398
0.48 5 -6.326330903338648e-05 3 0.741783857345581
0.48 6 7.959259370385892e-05 3 0.7003750801086426
0.48 7 8.599370320510051e-06 3 0.8867721557617188
0.48 8 0.0004859888377323627 3 0.8523790836334229
0.48 9 0.00037066910069525857 3 0.8749370574951172
0.482 0 4.2977235663358116e-05 3 0.5876193046569824
0.482 1 1.106747923088389e-05 3 0.8460323810577393
0.482 2 -3.0801154887373483e-06 3 0.6268737316131592
0.482 3 0.00024557055100512555 3 0.8407104015350342
0.482 4 0.00016211057650160197 3 0.8083608150482178
0.482 5 0.0001114885348091858 3 0.5443410873413086
0.482 6 1.2777241011875697e-05 3 0.8096923828125
0.482 7 9.881118439817154e-05 3 0.7290453910827637
0.482 8 9.270903998283667e-05 3 0.5322401523590088
0.482 9 0.00011266384588953241 3 0.3017134666442871
0.484 0 0.00011100183379308867 3 0.6788120269775391
0.484 1 3.472022737096001e-05 3 0.4938540458679199
0.484 2 1.1621240984870438e-05 3 0.3354506492614746
0.484 3 9.958544558156296e-06 3 0.4146456718444824
0.484 4 0.0001298389256759431 3 0.4596445560455322
0.484 5 -4.525799989405921e-05 3 0.6330437660217285
0.484 6 9.183313873916923e-05 3 0.8596756458282471
0.484 7 4.098143335627523e-05 3 0.96435546875
0.484 8 1.3012021478482653e-05 3 0.7787632942199707
0.484 9 3.7420544805945634e-05 3 0.8028674125671387
0.486 0 0.0004192653134052074 3 0.5492360591888428
0.486 1 6.217605156716808e-05 3 0.5655462741851807
0.486 2 8.719247199600946e-05 3 0.7162346839904785
0.486 3 0.0001116848778491432 3 0.8012282848358154
0.486 4 -0.0001072522021798386 3 0.6679179668426514
0.486 5 0.0003472209152690706 3 0.48476672172546387
0.486 6 -6.9584193923186e-05 3 0.6485576629638672
0.486 7 2.2117810993766705e-05 3 0.6954028606414795
0.486 8 3.1992752815575626e-05 3 0.6295185089111328
0.486 9 0.00015650452335458698 3 0.8859310150146484
0.488 0 -2.203460164920578e-05 3 0.9808142185211182
0.488 1 2.4308970553400707e-05 3 0.4856719970703125
0.488 2 0.0001785541165230501 3 0.9160935878753662
0.488 3 -4.530204308498199e-05 3 0.5532243251800537
0.488 4 0.00017198870863937638 3 0.6166534423828125
0.488 5 6.640897875048923e-05 3 1.0177850723266602
0.488 6 0.00013433941961011621 3 1.0624051094055176
0.488 7 -2.0847291823791025e-05 3 0.8210532665252686
0.488 8 0.00012733672863968787 3 0.47855210304260254
0.488 9 -2.6837078196874225e-05 3 0.4025380611419678
0.49 0 5.7969041070022044e-05 3 0.9499294757843018
0.49 1 2.0639881072083178e-05 3 0.6212339401245117
0.49 2 -0.00013916619805006618 3 0.509143590927124
0.49 3 4.4835795128081344e-05 3 0.31237125396728516
0.49 4 0.00010394600072951582 3 1.0001838207244873
0.49 5 6.039730383182573e-05 3 0.4840810298919678
0.49 6 -3.534092018030156e-05 3 0.3967118263244629
0.49 7 -0.00011132723400124889 3 0.6496169567108154
0.49 8 0.00042345171854944394 3 1.0123929977416992
0.49 9 7.34706214913254e-05 3 0.4795088768005371
0.492 0 -4.4511250261105345e-05 3 0.6700665950775146
0.492 1 0.00014658919155571682 3 0.5746359825134277
0.492 2 0.00018794395783843437 3 0.7749390602111816
0.492 3 7.188217352353553e-05 3 0.9940099716186523
0.492 4 0.00022425864707596973 3 0.9100511074066162
0.492 5 -9.913918275004892e-06 3 0.9241416454315186
0.492 6 -8.068846108750453e-05 3 0.5889513492584229
0.492 7 -1.5541751149317912e-05 3 0.9741001129150391
0.492 8 0.00017493974537660358 3 1.0015068054199219
0.492 9 0.00019659923771403646 3 0.5889143943786621
0.494 0 -1.0855942123859458e-05 3 0.6615874767303467
0.494 1 8.44335501125016e-05 3 0.7145230770111084
0.494 2 1.9371233827506485e-05 3 0.6041436195373535
0.494 3 2.6694414076071292e-05 3 0.8773484230041504
0.494 4 -7.769775356080029e-05 3 0.6187567710876465
0.494 5 1.1773577077830331e-05 3 0.5949649810791016
0.494 6 -8.457180505983622e-05 3 0.5167906284332275
0.494 7 -9.465708654962699e-05 3 0.4400660991668701
0.494 8 4.933541509635995e-05 3 0.7682864665985107
0.494 9 0.000217740388927171 3 0.796297550201416
0.496 0 0.00013212927781036348 3 0.6410138607025146
0.496 1 1.2801805408681287e-05 3 0.5970513820648193
0.496 2 0.0004124548947732314 3 1.1005961894989014
0.496 3 0.0001335958728017424 3 0.5232048034667969
0.496 4 5.0305594730171984e-05 3 0.4545869827270508
0.496 5 7.916098005789084e-06 3 0.4739565849304199
0.496 6 0.0011122836685599313 3 0.8102626800537109
0.496 7 0.0002505199904850567 3 0.7094826698303223
0.496 8 9.893536714659871e-05 3 0.6310844421386719
0.496 9 0.00012126982341406938 3 0.7976188659667969
0.498 0 1.7206328865264096e-05 3 0.5361006259918213
0.498 1 2.319992042074653e-05 3 0.8794748783111572
0.498 2 6.31214903895198e-06 3 0.5101377964019775
0.498 3 0.00012477363838731028 3 0.7229921817779541
0.498 4 0.00016212609331244697 3 0.9396414756774902
0.498 5 0.00015560993426510595 3 0.7524535655975342
0.498 6 0.000268230798640083 3 0.760216474533081
0.498 7 5.676541069567535e-05 3 0.6126883029937744
0.498 8 -9.347875544429775e-05 3 0.5511648654937744
0.498 9 -7.19807712817494e-06 3 0.5492503643035889
0.5 0 -3.874641935282169e-06 3 0.3779585361480713
0.5 1 -6.485417841436561e-05 3 0.7622709274291992
0.5 2 3.344073190259436e-05 3 0.3811173439025879
0.5 3 6.992317635610171e-06 3 0.7485795021057129
0.5 4 -4.0913435924146125e-05 3 0.8850455284118652
0.5 5 7.917420760821449e-05 3 1.0210444927215576
0.5 6 0.0001614717201364238 3 0.6619393825531006
0.5 7 0.00011628985300948521 3 1.011622667312622
0.5 8 8.900887779939703e-05 3 0.6513407230377197
0.5 9 5.7898580193656655e-05 3 1.0689053535461426
