0.41200000000000003 0 0.13611031414313873 3 1311.2919051647186
0.41200000000000003 1 0.2128460109663105 2 1690.12282705307
0.41200000000000003 2 0.22209075748138418 2 1930.985758781433
0.41200000000000003 3 0.14053819618502741 3 2582.0564386844635
0.41200000000000003 4 0.21446343544219212 2 1809.5474066734314
0.406 0 0.14935887830271397 3 2329.4830918312073
0.406 1 0.23128387815606744 2 2019.4531834125519
0.406 2 0.23880267553210094 2 2475.964944601059
0.406 3 0.1519251052038305 3 1596.7092506885529
0.406 4 0.2298505731963129 2 1541.1040828227997
0.41000000000000003 0 0.23323497685825909 2 2519.890622615814
0.41000000000000003 1 0.24264278068107945 2 2228.7615847587585
0.41000000000000003 2 0.24166871247726174 2 1757.2350203990936
0.41000000000000003 3 0.10831528913791455 4 3232.059187412262
0.41000000000000003 4 0.22635417309251407 2 2917.0845658779144
0.4 0 0.2640841348884295 2 2968.0557408332825
0.4 1 0.2666706974507925 2 3919.7170190811157
0.4 2 0.26685217100085495 2 2684.6811401844025
0.4 3 0.25717679371754765 2 3462.199075937271
0.4 4 0.24852008882558838 2 3172.1356534957886
0.41600000000000004 0 0.13291641780856156 3 1711.2139701843262
0.41600000000000004 1 0.20846378655642195 2 1590.1131813526154
0.41600000000000004 2 0.20487152910362447 2 1629.5590572357178
0.41600000000000004 3 0.21244856811285942 2 2431.1668784618378
0.41600000000000004 4 0.20644584089543006 2 1399.8523299694061
0.404 0 0.25602269324318017 2 3994.54545211792
0.404 1 0.25577600215954516 2 4173.135095357895
0.404 2 0.25885761430556026 2 3353.6521973609924
0.404 3 0.1542167956366581 3 3881.619918823242
0.404 4 0.24640690713824454 2 3375.595094680786
0.41800000000000004 0 0.2064460632202069 2 2003.4439942836761
0.41800000000000004 1 0.2087912875505698 2 1962.8520274162292
0.41800000000000004 2 0.21381206669495265 2 2227.443966627121
0.41800000000000004 3 0.18915792033003875 2 1525.4772040843964
0.41800000000000004 4 0.21017663878161094 2 1698.7250649929047
0.402 0 0.15476958298438673 3 3466.0357320308685
0.402 1 0.24228160147431718 2 3419.704826593399
0.402 2 0.24744332597650395 2 4695.23143362999
0.402 3 0.1567178015430883 3 5324.214203119278
0.402 4 0.24466380096963158 2 3457.5164086818695
0.41400000000000003 0 0.21398998549803105 2 4289.10826587677
0.41400000000000003 1 0.20306439300034207 2 3737.4794194698334
0.41400000000000003 2 0.23038352162070236 2 4760.143185853958
0.41400000000000003 3 0.14543462210984293 3 5464.811281204224
0.41400000000000003 4 0.20564533222031753 2 3681.702198266983
0.40800000000000003 0 0.24121820186682122 2 4281.818817138672
0.40800000000000003 1 0.15402714639677745 3 5381.697392702103
0.40800000000000003 2 0.23109076151746408 2 4084.9017918109894
0.40800000000000003 3 0.24667820645031202 2 4703.756462574005
0.40800000000000003 4 0.23256345905762046 2 5328.007913827896
0.42000000000000004 0 0.1996467378586867 2 2332.3139605522156
0.42000000000000004 1 0.20440492136214386 2 2509.5658764839172
0.42000000000000004 2 0.12048413373800271 3 2322.549179315567
0.42000000000000004 3 0.18260464363275303 2 2297.045644044876
0.42000000000000004 4 0.1980923877726069 2 2191.4591207504272
0.42400000000000004 0 0.18156982378232295 2 1865.3725860118866
0.42400000000000004 1 0.1063915565878356 3 1723.5681006908417
0.42400000000000004 2 0.11227974238512921 3 1475.2645576000214
0.42400000000000004 3 0.11838623454869499 3 1848.3215861320496
0.42400000000000004 4 0.10742734308295446 3 1427.2347326278687
0.428 0 0.1196853573863003 3 2547.0454988479614
0.428 1 0.0967135048823046 3 2150.8278419971466
0.428 2 0.10633331201715229 3 1680.091549873352
0.428 3 0.11208003195739313 3 2976.2576837539673
0.428 4 0.10179658958795366 3 2662.128489971161
0.42200000000000004 0 0.11587002104212757 3 3403.3027720451355
0.42200000000000004 1 0.12580965579870276 3 3141.116425037384
0.42200000000000004 2 0.19515987305184326 2 3286.5814633369446
0.42200000000000004 3 0.1785983937727605 2 2855.2395634651184
0.42200000000000004 4 0.19409337228424708 2 4328.785583734512
0.438 0 0.13796147557275026 2 1344.3552165031433
0.438 1 0.09016871927894722 3 1410.1414246559143
0.438 2 0.14893046787753178 2 1534.457095861435
0.438 3 0.08459306172136509 3 1212.2413976192474
0.438 4 0.1601003137865561 2 1808.3468928337097
0.42600000000000005 0 0.1826328467398751 2 3615.221524000168
0.42600000000000005 1 0.11436601919332795 3 3121.4297647476196
0.42600000000000005 2 0.18077950152396927 2 3219.0998713970184
0.42600000000000005 3 0.1659929281919188 2 2986.9062089920044
0.42600000000000005 4 0.1849781318634205 2 3272.932988166809
0.436 0 0.09454111529704928 3 3420.9452002048492
0.436 1 0.08237149431735306 3 2575.026335000992
0.436 2 0.09757417078034593 3 2436.7315258979797
0.436 3 0.09940999214983422 3 1610.5554893016815
0.436 4 0.14053138602510168 2 2054.5907294750214
0.432 0 0.16651564893921517 2 4520.924502849579
0.432 1 0.10387768599485803 3 3150.8508274555206
0.432 2 0.0999663285223996 3 3132.1380393505096
0.432 3 0.1690647333229777 2 3476.11523771286
0.432 4 0.16654329972869364 2 3602.7769796848297
0.444 0 0.1258305329232479 2 1374.4029231071472
0.444 1 0.0886338757282925 3 1256.8554027080536
0.444 2 0.11132128597320384 2 1213.8242015838623
0.444 3 0.08443146419229522 3 1892.0073289871216
0.444 4 0.1253224472701587 2 1697.1239440441132
0.43 0 0.16658374921957037 2 3698.4745275974274
0.43 1 0.17339887364573878 2 5162.849706411362
0.43 2 0.11110671121818251 3 3733.128755092621
0.43 3 0.10699966363220564 3 4519.095319032669
0.43 4 0.1751375942671671 2 4889.091233253479
0.44 0 0.13029247779359288 2 2721.9568796157837
0.44 1 0.14661929374542787 2 3995.301819086075
0.44 2 0.14699305943701313 2 2199.9501852989197
0.44 3 0.0799100390684951 3 2273.4419350624084
0.44 4 0.1428108601237425 2 1045.2633082866669
0.434 0 0.15983676907407046 2 5232.788911819458
0.434 1 0.10070689819525726 3 5226.77414393425
0.434 2 0.09869611355171254 3 6070.032160520554
0.434 3 0.16093230585160753 2 4920.92084813118
0.434 4 0.11109702389450327 3 3909.551964044571
0.452 0 0.09210338134706055 2 1954.7785754203796
0.452 1 0.06498710587120661 3 2071.0611798763275
0.452 2 0.09084187479441132 2 1583.7243785858154
0.452 3 0.10711206703078788 2 1381.2489960193634
0.452 4 0.09663100822755852 2 1803.1784858703613
0.448 0 0.11908012880035347 2 2682.6233472824097
0.448 1 0.12782402470282217 2 2921.926435947418
0.448 2 0.11769870259864905 2 3134.9929597377777
0.448 3 0.0453550023734455 4 3472.4368262290955
0.448 4 0.12342995025778868 2 1788.6534287929535
0.446 0 0.12294658768678138 2 3892.5415847301483
0.446 1 0.06930070836343981 3 3804.339867591858
0.446 2 0.08021219529098884 3 3260.267152786255
0.446 3 0.08116722050620657 3 3855.4981651306152
0.446 4 0.11421992123639586 2 3051.327395915985
0.456 0 0.11057538275140671 2 1952.904495716095
0.456 1 0.09775180274072479 2 1935.687639951706
0.456 2 0.07799848394283705 2 2168.1042218208313
0.456 3 0.06346330658921166 3 2451.0496819019318
0.456 4 0.059826446443579456 3 1575.2205839157104
0.442 0 0.14169704081752701 2 4600.209408283234
0.442 1 0.13776469552480924 2 5391.402178287506
0.442 2 0.12768339659082684 2 4054.174131631851
0.442 3 0.08762119860334555 3 4194.404988527298
0.442 4 0.13805202234283667 2 3669.866056203842
0.46 0 0.09292449111514506 2 1636.8634083271027
0.46 1 0.05790842096795214 3 1987.1825337409973
0.46 2 0.08606143340553449 2 1820.3377363681793
0.46 3 0.08939755533916481 2 1743.7188534736633
0.46 4 0.09742708799576635 2 1506.3908014297485
0.45 0 0.11789313631413567 2 4971.744087457657
0.45 1 0.11345828217529569 2 3136.4462554454803
0.45 2 0.1164642697083262 2 3513.5237176418304
0.45 3 0.11933718151358433 2 3329.4431848526
0.45 4 0.12084048617687082 2 4074.728513479233
0.462 0 0.03785593591722596 3 2792.7384102344513
0.462 1 0.051791687772934344 3 2735.985468149185
0.462 2 0.06996793268440446 2 2704.1766941547394
0.462 3 0.049765074364307986 3 2005.6664745807648
0.462 4 0.05486668801036134 3 2673.5903379917145
0.466 0 0.05892602675327296 2 2306.308741569519
0.466 1 0.04209117757788091 3 2136.3013978004456
0.466 2 0.06893094744804666 2 2873.15300655365
0.466 3 0.08115867153128332 2 2082.594883441925
0.466 4 0.08228337239282409 2 2108.708615541458
0.454 0 0.10362804554873306 2 5121.115738630295
0.454 1 0.05527223711590343 3 4724.146994829178
0.454 2 0.0525268298598498 4 4614.546546459198
0.454 3 0.06820199167386522 3 4160.262321472168
0.454 4 0.09556088239827054 2 5859.8938620090485
0.47000000000000003 0 0.02684663361030224 2 1516.4294469356537
0.47000000000000003 1 0.051733227707428116 2 1785.7622706890106
0.47000000000000003 2 0.04171220252759443 2 1808.2198474407196
0.47000000000000003 3 0.045336659137327075 3 2448.7333681583405
0.47000000000000003 4 0.0 1 1575.10005235672
0.464 0 0.06489801797905463 2 3652.2133955955505
0.464 1 0.08158494378482871 2 2354.159611940384
0.464 2 0.07218983800997635 2 3536.206560611725
0.464 3 0.04510358309051758 2 3047.1035540103912
0.464 4 0.08915805857714913 2 3923.002413749695
0.458 0 0.09748155338404478 2 5036.373903751373
0.458 1 0.09176426908609459 2 4549.351964235306
0.458 2 0.06178943710558113 3 4795.252019643784
0.458 3 0.04744336025746613 4 5218.949759483337
0.458 4 0.09081803386745946 2 3837.222566127777
0.468 0 0.020027522329464045 3 3142.6724348068237
0.468 1 0.08488601986523889 2 3591.9548738002777
0.468 2 0.06586425264569501 2 4045.918931245804
0.468 3 0.02122289128876872 3 4417.158042192459
0.468 4 0.08098454274760002 2 3195.864937067032
0.474 0 0.04166275349072754 2 2743.1841242313385
0.474 1 0.03437623722182228 3 2200.867779493332
0.474 2 0.030578607938905773 3 2562.0450735092163
0.474 3 0.06492605185572632 2 2060.169550895691
0.474 4 0.03225517843187897 3 2376.840664625168
0.476 0 0.050911092207104436 2 2060.767740011215
0.476 1 0.0 1 2123.9599726200104
0.476 2 0.046384512001378025 2 2344.2419312000275
0.476 3 0.05566421661995149 2 2245.9811532497406
0.476 4 0.05711680185150198 2 2370.37619805336
0.472 0 0.017281480266210826 3 4310.991387605667
0.472 1 0.07747647214585576 2 3129.65829539299
0.472 2 0.053604639952825044 2 3959.5201845169067
0.472 3 0.012088505417548972 3 3574.363580942154
0.472 4 0.07284987526205358 2 3296.7764003276825
0.48 0 0.04142125415834875 2 2068.3586649894714
0.48 1 9.662203815531732e-05 2 1646.8822622299194
0.48 2 0.05042799428747378 2 1704.7189054489136
0.48 3 0.0345164717385835 2 1381.9221003055573
0.48 4 -1.8118683664523185e-05 2 3301.9383223056793
0.488 0 0.016475830631593504 3 1857.2021498680115
0.488 1 -2.3585939905160814e-05 2 1613.403237104416
0.488 2 0.0024459094076319785 2 2122.580092191696
0.488 3 0.0005612909002744613 2 2985.4732642173767
0.488 4 0.0 1 2650.049262046814
0.494 0 0.0 1 1883.092392206192
0.494 1 0.0 1 2588.080599784851
0.494 2 0.0 1 1150.4094200134277
0.494 3 0.0 1 1430.2880306243896
0.494 4 0.0 1 1906.1434535980225
0.49 0 0.017575430694727775 3 2787.0676403045654
0.49 1 0.0 1 2362.2854709625244
0.49 2 0.0 1 1964.482347726822
0.49 3 -1.3630110160097698e-05 2 2198.7737233638763
0.49 4 0.0 1 2363.041033744812
0.482 0 0.03022993579910988 2 3067.3472876548767
0.482 1 0.03643667112324532 2 3144.429391860962
0.482 2 0.032773367119482893 2 4524.243790149689
0.482 3 -2.2889710670838872e-05 2 5323.648691654205
0.482 4 1.9228021503867743e-06 2 3928.0766241550446
0.486 0 0.01572345278646328 3 4842.0106291770935
0.486 1 0.03166042889032932 2 3670.73872256279
0.486 2 0.031014342182822646 2 3529.774257183075
0.486 3 -1.3628260376419052e-05 2 4794.703384876251
0.486 4 0.0 1 3231.832063436508
0.478 0 0.0032523354011782532 2 5304.507492542267
0.478 1 0.05132754131499535 2 3543.2118847370148
0.478 2 0.0 1 5460.925577163696
0.478 3 0.0 1 6888.887672185898
0.478 4 0.05663214009240088 2 6557.284566640854
0.498 0 0.0 1 1304.8134829998016
0.498 1 0.0036213596409215574 2 1053.3461561203003
0.498 2 0.01629497087973714 3 1931.5580356121063
0.498 3 0.0 1 2033.9472541809082
0.498 4 0.0011092246092283921 2 1398.9990797042847
0.484 0 0.0006666320296448763 2 4422.573864221573
0.484 1 0.037965988001464474 2 5379.257906198502
0.484 2 0.0 1 5141.092950820923
0.484 3 0.0 1 4711.369140148163
0.484 4 0.030435294439562107 2 4619.4658987522125
0.492 0 0.0 1 4744.108976364136
0.492 1 0.02181227251717031 2 3712.715559244156
0.492 2 0.013006277407566857 3 3117.702372312546
0.492 3 0.0 1 5164.301297187805
0.492 4 0.0 1 4318.921909093857
0.496 0 0.016286907088388824 2 3559.556027173996
0.496 1 7.527618381793692e-05 2 2205.275702238083
0.496 2 0.0 1 3232.6612384319305
0.496 3 0.0 1 3009.380933046341
0.496 4 0.0 1 2856.0408992767334
0.5 0 0.01165670055999324 2 2159.2422845363617
0.5 1 0.0 1 2874.6913187503815
0.5 2 -2.3841961160973607e-05 2 2786.444797515869
0.5 3 0.0 1 2280.7199194431305
0.5 4 -1.7262454146266022e-05 2 3308.6821069717407
0.508 0 0.0 1 2153.98113656044
0.508 1 2.2086221352230753e-07 2 1140.3745789527893
0.508 2 8.458236987840228e-05 3 1772.6580579280853
0.508 3 0.008344050877089584 2 1534.628754377365
0.508 4 -9.73959132573479e-06 3 1358.8861908912659
0.502 0 0.013218135807062232 2 3566.2696390151978
0.502 1 -1.665990748477598e-05 2 2884.337809085846
0.502 2 0.004324369924026749 2 4136.713999271393
0.502 3 0.01514457428892703 2 3578.616950273514
0.502 4 0.0 1 4436.711508274078
0.518 0 0.0015257545596893676 2 1835.1634502410889
0.518 1 0.00014840757204278638 3 1793.6865632534027
0.518 2 0.0012778921989608238 3 1435.4598999023438
0.518 3 0.0 1 1436.7259709835052
0.518 4 -2.0965682956282988e-05 2 1795.818879365921
0.516 0 0.0 1 2342.084632396698
0.516 1 0.0 1 2104.264217853546
0.516 2 0.0 1 1869.9589216709137
0.516 3 0.0 1 1693.9809367656708
0.516 4 -1.726264574923979e-05 2 1770.7932670116425
0.504 0 0.0 1 3529.6231503486633
0.504 1 -1.917063934394828e-05 2 4362.3881957530975
0.504 2 0.0026726979954526764 3 2868.0398156642914
0.504 3 0.0 1 3287.2406566143036
0.504 4 0.0 1 4265.48523235321
0.512 0 0.0 1 4421.599035739899
0.512 1 0.0016734460157932175 2 4151.398864507675
0.512 2 0.0 1 3046.820124387741
0.512 3 0.005762709217689368 2 2965.3585498332977
0.512 4 0.00010422155472787745 2 3904.9122655391693
0.514 0 0.005112775762662717 2 2315.640411376953
0.514 1 0.0 1 3003.6696066856384
0.514 2 0.0 1 4799.272104740143
0.514 3 0.0 1 4185.630295991898
0.514 4 0.0 1 3142.324742794037
0.506 0 1.0631379243566186e-05 2 5484.006908416748
0.506 1 0.0 1 5322.576607942581
0.506 2 0.0 1 4426.991693019867
0.506 3 0.0 1 4625.249735593796
0.506 4 -1.250461914360631e-05 2 4803.581855535507
0.522 0 0.0 1 1561.4955611228943
0.522 1 0.0008632199058615005 2 2092.52486205101
0.522 2 -1.6964473412734838e-05 2 1381.5607137680054
0.522 3 -8.780683234341339e-06 2 1664.1422863006592
0.522 4 0.0 1 1762.3560383319855
0.524 0 0.0 1 1823.6989312171936
0.524 1 -1.9893391179590043e-05 2 1739.4120321273804
0.524 2 2.20412071478926e-07 2 2271.20028591156
0.524 3 0.0 1 1956.2031168937683
0.524 4 0.0 1 2416.2174406051636
0.51 0 3.0973485282055205e-05 2 6112.646651506424
0.51 1 0.004513610804549053 2 4744.902505159378
0.51 2 0.004186696810866556 3 5389.76752614975
0.51 3 0.0 1 5842.3221962451935
0.51 4 6.0116079251466485e-05 2 3847.41925907135
0.52 0 0.0 1 3962.5906839370728
0.52 1 0.0 1 4142.054230690002
0.52 2 0.001919262099766031 3 2984.051325559616
0.52 3 0.0 1 2329.3926725387573
0.52 4 0.00010289210719555621 3 3897.3074247837067
0.534 0 0.0 1 1642.0745468139648
0.534 1 0.0 1 1381.3799045085907
0.534 2 0.0 1 1132.3256220817566
0.534 3 0.0 1 1840.7979662418365
0.534 4 0.0 1 1458.2241146564484
0.526 0 0.0 1 4766.40567612648
0.526 1 0.0 1 3505.779709339142
0.526 2 0.0 1 4249.424660682678
0.526 3 0.0 1 2639.503908395767
0.526 4 2.341072977192001e-05 3 2947.778923034668
0.536 0 0.0 1 3295.7897443771362
0.536 1 0.0 1 1888.7563302516937
0.536 2 -2.1351366518405686e-05 2 1592.5070145130157
0.536 3 0.0 1 2197.3355946540833
0.536 4 0.0 1 3205.7532818317413
0.53 0 0.0 1 3497.414902448654
0.53 1 0.0 1 2738.9591665267944
0.53 2 0.0 1 3385.810135126114
0.53 3 0.0 1 2509.691136598587
0.53 4 -2.4020498460954425e-05 2 3142.6872413158417
0.542 0 0.0 1 1537.0848653316498
0.542 1 0.0 1 1660.9964809417725
0.542 2 0.0 1 1642.7726051807404
0.542 3 0.0 1 1378.3100905418396
0.542 4 0.0 1 1369.5878953933716
0.528 0 0.0 1 3999.562803030014
0.528 1 0.0 1 4673.162560939789
0.528 2 0.0 1 5248.8651468753815
0.528 3 6.0136163088799615e-05 2 3729.2489516735077
0.528 4 3.528310792290029e-05 2 3875.8240518569946
0.55 0 0.0 1 1160.4172084331512
0.55 1 0.0 1 2026.5384678840637
0.55 2 0.0 1 1355.1267507076263
0.55 3 0.0 1 1625.5309932231903
0.55 4 0.0 1 1498.711548089981
0.532 0 0.0 1 5364.90288901329
0.532 1 8.727398292759356e-05 3 4076.905201435089
0.532 2 0.0 1 4211.716847896576
0.532 3 0.00018938124465482444 2 5057.717980861664
0.532 4 0.00010961748501286465 3 5959.893367528915
0.546 0 0.0 1 2591.8463480472565
0.546 1 0.0 1 1947.5374989509583
0.546 2 0.0 1 2693.658698797226
0.546 3 0.0 1 1962.8595519065857
0.546 4 0.0009214087344322536 3 2123.0540087223053
0.54 0 0.0 1 4913.886067390442
0.54 1 0.0 1 3528.4374146461487
0.54 2 0.0 1 4711.7712914943695
0.54 3 0.0 1 3185.91996049881
0.54 4 9.984389843980898e-06 2 3574.932226419449
0.538 0 0.0 1 5731.74476647377
0.538 1 0.00057924457750184 3 4399.335456371307
0.538 2 0.0 1 3759.4148757457733
0.538 3 -8.78064279206791e-06 2 4813.997087478638
0.538 4 -2.3326503219843823e-05 2 4260.637805223465
0.548 0 0.0 1 1784.9049882888794
0.548 1 0.0007246209064817998 2 1902.7453186511993
0.548 2 0.0 1 2151.6849818229675
0.548 3 0.0 1 2987.6546421051025
0.548 4 0.0 1 2896.110651254654
0.544 0 0.002723398749781793 2 3759.9132072925568
0.544 1 0.0 1 3494.239426612854
0.544 2 0.0 1 3828.50670003891
0.544 3 0.0 1 3622.2728173732758
0.544 4 -1.3991761950654103e-05 2 2603.0509202480316
0.554 0 -1.4348051147021337e-05 2 1529.1129312515259
0.554 1 0.0 1 1439.310527086258
0.554 2 0.0 1 1862.0655949115753
0.554 3 0.0 1 1889.9437255859375
0.554 4 0.001097495481929025 2 1565.6477320194244
0.558 0 0.0 1 2128.430650472641
0.558 1 -1.3256886693964117e-05 2 1624.5744605064392
0.558 2 2.3672964677544924e-05 2 2130.7705478668213
0.558 3 0.0 1 2069.4053888320923
0.558 4 0.0 1 2153.001902103424
0.552 0 0.0 1 3957.3677501678467
0.552 1 0.0 1 3881.8958756923676
0.552 2 0.0 1 2404.852872133255
0.552 3 0.003869830846835982 2 3622.545469522476
0.552 4 0.0 1 4931.380159378052
0.568 0 0.0014641806858563765 2 1584.6292009353638
0.568 1 -4.037546285108361e-06 2 1654.4881937503815
0.568 2 0.0 1 2045.1977264881134
0.568 3 -3.225014496619857e-05 3 1500.1628370285034
0.568 4 0.0 1 1151.8376500606537
0.5640000000000001 0 0.0 1 2727.8986535072327
0.5640000000000001 1 0.0 1 3706.962955713272
0.5640000000000001 2 0.0 1 2491.733556985855
0.5640000000000001 3 0.0009751317963621069 2 2343.4853518009186
0.5640000000000001 4 -1.755429482997292e-05 2 2698.7735135555267
0.556 0 0.0 1 4198.0340924263
0.556 1 0.0 1 4619.574750185013
0.556 2 0.001369967389899631 2 3989.9001474380493
0.556 3 0.0 1 3247.8344066143036
0.556 4 0.0 1 2900.6915230751038
0.574 0 0.0 1 1620.2136001586914
0.574 1 0.0 1 1459.189250946045
0.574 2 0.0 1 1601.4413685798645
0.574 3 0.0 1 1632.2989978790283
0.574 4 0.0 1 1964.349375963211
0.5660000000000001 0 0.0 1 3947.0251631736755
0.5660000000000001 1 0.0 1 3349.4961547851562
0.5660000000000001 2 -1.811926919942831e-05 2 3716.4418127536774
0.5660000000000001 3 0.0 1 4064.8354268074036
0.5660000000000001 4 0.0 1 4728.0859162807465
0.56 0 0.0 1 4032.749578475952
0.56 1 0.0 1 5602.914708852768
0.56 2 -2.2200397421583494e-05 2 4727.121337175369
0.56 3 0.0 1 2818.4027638435364
0.56 4 9.967125703744073e-06 2 4784.247092723846
0.57 0 0.0 1 3045.0794224739075
0.57 1 0.0 1 2856.4536802768707
0.57 2 0.0 1 2307.0023362636566
0.57 3 0.0 1 1687.1118669509888
0.57 4 0.0 1 2261.1313016414642
0.562 0 0.0006785193886127951 2 5432.505343675613
0.562 1 0.0 1 5461.676147699356
0.562 2 0.0 1 4641.3102214336395
0.562 3 0.0 1 4363.342888116837
0.562 4 0.0 1 4978.022448301315
0.576 0 0.0 1 4360.095104932785
0.576 1 0.0 1 2325.3412430286407
0.576 2 -2.3995970082729793e-05 2 2222.4547176361084
0.576 3 0.0 1 2477.266879081726
0.576 4 -3.659241099139747e-05 3 3145.248995780945
0.572 0 0.0 1 3211.1089844703674
0.572 1 0.0 1 4244.917908191681
0.572 2 0.0 1 3781.5281393527985
0.572 3 0.0 1 2891.6279921531677
0.572 4 0.0004917569154208012 2 4479.889945268631
0.58 0 0.0 1 1626.1508085727692
0.58 1 0.0 1 2041.4060406684875
0.58 2 -1.3232525966107447e-05 3 2298.5519886016846
0.58 3 0.0 1 1491.4557251930237
0.58 4 0.0 1 2938.8445162773132
0.586 0 0.0 1 1555.3929722309113
0.586 1 0.0 1 1867.9202620983124
0.586 2 -2.235072701242952e-05 2 2635.6222290992737
0.586 3 0.0 1 2031.933268070221
0.586 4 9.864453440685572e-05 3 2148.829860687256
0.578 0 0.0 1 3430.1344096660614
0.578 1 0.0 1 3870.135055065155
0.578 2 0.0 1 3784.956866979599
0.578 3 -2.393222462153881e-05 2 3937.186208963394
0.578 4 0.0 1 4888.431778430939
0.584 0 0.0 1 3023.6674926280975
0.584 1 0.0 1 2040.1690819263458
0.584 2 0.0 1 4309.878745555878
0.584 3 0.0 1 3450.6264927387238
0.584 4 0.0 1 3296.8413240909576
0.594 0 0.0 1 1580.5011763572693
0.594 1 -2.366034565147511e-05 2 1744.2783365249634
0.594 2 0.0 1 1592.803174495697
0.594 3 0.0 1 1794.3702099323273
0.594 4 0.0 1 1904.206557750702
0.596 0 0.0 1 1637.0704092979431
0.596 1 0.0 1 1270.4206879138947
0.596 2 0.0 1 1689.871399641037
0.596 3 3.707872529660898e-05 2 2217.454221010208
0.596 4 -1.4158472938922651e-06 2 1512.8865866661072
0.582 0 6.119564296799819e-06 2 3515.931012392044
0.582 1 0.0 1 3043.7136001586914
0.582 2 0.0 1 3398.013477563858
0.582 3 0.00035758978768761756 2 5456.742051124573
0.582 4 0.0 1 3455.1574420928955
0.59 0 0.0 1 2574.6775670051575
0.59 1 0.0 1 3302.5557401180267
0.59 2 0.0 1 2625.8194859027863
0.59 3 0.0 1 2856.1511120796204
0.59 4 0.0 1 1280.1041688919067
0.592 0 -1.8118689634446176e-05 2 4242.96879863739
0.592 1 0.0 1 4088.144649744034
0.592 2 0.0 1 3348.9084005355835
0.592 3 0.00033180360048106074 2 1179.8134582042694
0.592 4 -1.7839745070875476e-05 2 1338.0960948467255
0.588 0 0.0 1 5659.99693775177
0.588 1 0.0 1 4584.8941831588745
0.588 2 4.5269238275755493e-05 2 5051.174230337143
0.588 3 0.001200953058390961 2 2610.9250252246857
0.588 4 0.0 1 1391.4688115119934
0.6 0 -1.83911916870689e-05 2 2946.33456492424
0.6 1 0.0 1 958.0623953342438
0.6 2 0.0 1 1097.7583501338959
0.6 3 0.0 1 1003.0688362121582
0.6 4 -2.263294905810027e-05 2 687.8627183437347
0.598 0 -2.3120244275492102e-05 2 4459.2044069767
0.598 1 -2.0763685610869907e-05 2 1966.0549211502075
0.598 2 0.0 1 863.4428660869598
0.598 3 0.0 1 142.85878133773804
0.598 4 -1.9417371045368652e-05 2 125.95066857337952
