0.1 0 0.4056039144173175 7 38.038007736206055
0.1 1 0.41740234700106393 7 40.43338990211487
0.1 2 0.4000405921409295 7 41.711360931396484
0.1 3 0.3821188811297906 8 44.50011968612671
0.1 4 0.3813811662120955 7 43.90130424499512
0.10800000000000001 0 0.34419970639318026 9 53.4653205871582
0.10800000000000001 1 0.4166713925543284 7 37.14623546600342
0.10800000000000001 2 0.3600182095218986 9 36.059818744659424
0.10800000000000001 3 0.37343198184413817 9 38.130956172943115
0.10800000000000001 4 0.3581120844605698 8 39.03492093086243
0.116 0 0.3627963724276589 7 46.51035118103027
0.116 1 0.34729847695609234 9 37.43458890914917
0.116 2 0.323404819739565 8 39.38711142539978
0.116 3 0.35308446659389064 7 36.56632351875305
0.116 4 0.3499023814903222 10 39.221049785614014
0.124 0 0.30025294778681133 10 43.770079612731934
0.124 1 0.3386193727396969 8 42.576342821121216
0.124 2 0.3441376873460617 8 41.07590842247009
0.124 3 0.3264900095259708 10 41.163026094436646
0.124 4 0.31949829869623003 9 39.06815958023071
0.132 0 0.301798926600525 11 40.23513317108154
0.132 1 0.2929976180655734 11 40.69887852668762
0.132 2 0.3133167767578144 8 43.90494775772095
0.132 3 0.3047507377993876 10 40.97488355636597
0.132 4 0.2901210838712667 10 42.9349479675293
0.14 0 0.27246896195121373 11 38.92000865936279
0.14 1 0.30795716439037163 9 50.28374624252319
0.14 2 0.2808855131270418 10 42.10732650756836
0.14 3 0.3094764344914278 9 43.8967809677124
0.14 4 0.28811167301992596 11 43.80761003494263
0.14800000000000002 0 0.24255087287307633 12 41.72547364234924
0.14800000000000002 1 0.24874612426509943 12 46.69534611701965
0.14800000000000002 2 0.2784628601006427 11 46.65287399291992
0.14800000000000002 3 0.22226894108090292 14 45.28683137893677
0.14800000000000002 4 0.2839160762548603 10 42.85770344734192
0.156 0 0.24859376684781684 12 39.56057596206665
0.156 1 0.25519665357612686 11 44.22692561149597
0.156 2 0.2306053608031744 11 46.14889621734619
0.156 3 0.2649559584836314 11 46.04226303100586
0.156 4 0.23424235118524087 11 43.78409242630005
0.164 0 0.20098986246108974 16 49.581403732299805
0.164 1 0.2308584584674969 13 41.99648141860962
0.164 2 0.233684828006757 13 43.07984280586243
0.164 3 0.21533838753904558 14 46.696850299835205
0.164 4 0.2292540690457593 12 40.688754081726074
0.17200000000000001 0 0.24278155910247695 11 48.81484913825989
0.17200000000000001 1 0.18315211074343216 15 43.37380886077881
0.17200000000000001 2 0.2717905049793208 10 43.314162492752075
0.17200000000000001 3 0.21789615612351662 14 45.07459831237793
0.17200000000000001 4 0.1744633079278548 15 48.45656228065491
0.18 0 0.1447173283861439 16 46.64825510978699
0.18 1 0.19496247661269098 14 43.91813659667969
0.18 2 0.1777547123202118 16 48.317009687423706
0.18 3 0.17240287258094547 14 44.81452178955078
0.18 4 0.19753103821369303 13 46.0983304977417
0.188 0 0.1897064864540698 16 44.253411054611206
0.188 1 0.10811514527474517 17 44.65019106864929
0.188 2 0.2055928719604101 13 39.44276309013367
0.188 3 0.16888664212252705 16 43.051207065582275
0.188 4 0.15923138081671356 15 42.39425611495972
0.196 0 0.14755992133772006 15 44.83819127082825
0.196 1 0.15465404429939233 18 45.16434288024902
0.196 2 0.17575360020997818 15 39.782716274261475
0.196 3 0.12218013528176144 18 47.15266561508179
0.196 4 0.16422195139510098 16 44.987839698791504
0.20400000000000001 0 0.12286602354045018 17 54.27580165863037
0.20400000000000001 1 0.16040516367609342 16 45.58707666397095
0.20400000000000001 2 0.12204969561113808 17 46.70295763015747
0.20400000000000001 3 0.1427308516407953 17 42.507821559906006
0.20400000000000001 4 0.1171166185672514 16 42.94887328147888
0.21200000000000002 0 0.12770491539869852 17 43.7118866443634
0.21200000000000002 1 0.14420509660895486 15 46.4797420501709
0.21200000000000002 2 0.11698312315908667 17 41.27516436576843
0.21200000000000002 3 0.14065969104214368 16 42.60993576049805
0.21200000000000002 4 0.11938516424487113 17 45.36359691619873
0.22 0 0.12995321586518035 16 45.96584677696228
0.22 1 0.1284669529804479 19 43.84619164466858
0.22 2 0.11134104494246828 19 41.23046088218689
0.22 3 0.09408631455723619 18 45.13221836090088
0.22 4 0.1317251211621846 17 45.731927156448364
0.228 0 0.08637717469674028 21 51.01710033416748
0.228 1 0.13283022170153896 17 44.63461351394653
0.228 2 0.10101547494513487 18 53.90009665489197
0.228 3 0.11928241561074976 17 40.63138127326965
0.228 4 0.1278355805315124 17 44.78064179420471
0.23600000000000002 0 0.10584362555389977 21 49.39768886566162
0.23600000000000002 1 0.06733912740420646 18 51.12127494812012
0.23600000000000002 2 0.06914205039956159 19 47.321640491485596
0.23600000000000002 3 0.12358192656210619 17 39.38846182823181
0.23600000000000002 4 0.11511216658696136 16 47.64896488189697
0.24400000000000002 0 0.11064271925399331 17 47.20664048194885
0.24400000000000002 1 0.08432188162043032 19 46.89253330230713
0.24400000000000002 2 0.1071891657059384 14 42.36034393310547
0.24400000000000002 3 0.09298344817524047 18 49.899027824401855
0.24400000000000002 4 0.05858620123633309 19 44.341185569763184
0.252 0 0.05335110740524618 23 47.573856830596924
0.252 1 0.08685673929285576 20 44.83222937583923
0.252 2 0.06891252108111742 20 45.287827014923096
0.252 3 0.07425133723692391 18 48.46031308174133
0.252 4 0.0703843997020572 22 49.1271755695343
0.26 0 0.06348498031168166 21 58.447876930236816
0.26 1 0.05928051035254455 22 48.69125056266785
0.26 2 0.09007055225276929 21 48.65220594406128
0.26 3 0.0562616707751859 21 44.5223662853241
0.26 4 0.06297959135994477 20 51.352129220962524
0.268 0 0.07650993379773491 18 47.07409405708313
0.268 1 0.05545178583532583 21 43.27381634712219
0.268 2 0.04788532477864498 18 46.275519371032715
0.268 3 0.057344042969812284 21 43.79767894744873
0.268 4 0.05318764461882089 19 49.70613646507263
0.276 0 0.06588549863964273 17 47.73764681816101
0.276 1 0.04398111137378672 22 46.985350608825684
0.276 2 0.06003882512184459 17 51.794169902801514
0.276 3 0.05694093994406623 19 54.78865170478821
0.276 4 0.05842352980276712 19 47.79374313354492
0.28400000000000003 0 0.06074612830120521 18 47.04745054244995
0.28400000000000003 1 0.05550724477971096 20 51.79150748252869
0.28400000000000003 2 0.04285971323643831 21 47.41287422180176
0.28400000000000003 3 0.03714605298641154 20 45.75788068771362
0.28400000000000003 4 0.04725768022003109 21 46.87651348114014
0.29200000000000004 0 0.03131255505051014 22 43.539936780929565
0.29200000000000004 1 0.04948335285817891 20 44.56830930709839
0.29200000000000004 2 0.042166989606755655 21 49.12838077545166
0.29200000000000004 3 0.03403928050481926 22 64.71165156364441
0.29200000000000004 4 0.04499646383927824 20 56.75832152366638
0.30000000000000004 0 0.047546160764920006 20 45.71069550514221
0.30000000000000004 1 0.037544209637872354 23 46.43360137939453
0.30000000000000004 2 0.045993176919588444 19 46.831950187683105
0.30000000000000004 3 0.050107974726477884 18 46.09747910499573
0.30000000000000004 4 0.040358625803677356 20 52.926382064819336
0.30800000000000005 0 0.0232230402272671 21 48.41072988510132
0.30800000000000005 1 0.034026356347163174 19 41.749924182891846
0.30800000000000005 2 0.03375517169418386 22 47.37168908119202
0.30800000000000005 3 0.030299737374528502 22 46.926297426223755
0.30800000000000005 4 0.024887865416903656 18 46.995753049850464
0.316 0 0.03488587183880511 20 46.40368676185608
0.316 1 0.021849768283179936 21 54.86669659614563
0.316 2 0.03581752266969613 21 45.46057057380676
0.316 3 0.02896141406645616 20 44.362388610839844
0.316 4 0.039542881310993275 19 58.26520013809204
0.324 0 0.03464702202416237 21 53.31671690940857
0.324 1 0.03877280507265041 18 46.85395383834839
0.324 2 0.046458719257407785 22 45.639899492263794
0.324 3 0.025821180690483413 19 48.974456548690796
0.324 4 0.026486538191748534 23 43.4016900062561
0.332 0 0.010116168357959518 20 47.20492601394653
0.332 1 0.027926908598495472 20 47.49073314666748
0.332 2 0.02229971429467461 21 44.78264093399048
0.332 3 0.03239210055706725 19 43.82547354698181
0.332 4 0.02297847318841397 22 48.707226037979126
0.33999999999999997 0 0.026341618803968264 18 48.439759731292725
0.33999999999999997 1 0.017162369033036383 20 54.611571311950684
0.33999999999999997 2 0.026615196639488563 20 52.03051137924194
0.33999999999999997 3 0.0076245268402429095 19 45.959473609924316
0.33999999999999997 4 0.024856906856123948 20 48.369404315948486
0.348 0 0.02023205699156853 21 51.39991331100464
0.348 1 0.01600385304373962 20 55.06308126449585
0.348 2 0.017249038813831198 22 45.03665256500244
0.348 3 0.01240455774897266 21 45.76846885681152
0.348 4 0.020288207749724136 19 48.07719016075134
0.356 0 0.01507701334837222 20 45.68574857711792
0.356 1 0.012085521032985496 19 44.54923987388611
0.356 2 0.018224769026210935 22 47.88124990463257
0.356 3 0.0162015664598079 20 51.648255825042725
0.356 4 0.016153199645739413 19 49.42281794548035
0.364 0 0.018583570121953982 23 51.11548566818237
0.364 1 0.022453693864091004 22 51.442538261413574
0.364 2 0.011573184090837872 20 46.275673389434814
0.364 3 0.021884860636848944 20 48.72073149681091
0.364 4 0.020319671768587778 24 47.225804805755615
0.372 0 0.00900885118989458 19 45.169755697250366
0.372 1 0.01594494858729759 21 50.83896827697754
0.372 2 0.014577308927349349 20 51.06985902786255
0.372 3 0.01854874598015848 23 51.657726764678955
0.372 4 0.014697500252839907 18 49.8530387878418
0.38 0 0.007399860728563798 22 48.87095069885254
0.38 1 0.01589043679688226 18 55.57804465293884
0.38 2 0.01603805825650664 22 48.283198833465576
0.38 3 0.016622659221484364 22 47.98725414276123
0.38 4 0.023907170612573737 21 44.86418080329895
0.388 0 0.009566061027605079 21 47.970078229904175
0.388 1 0.02480348621082018 22 49.28196477890015
0.388 2 0.007594828055839801 23 48.45370531082153
0.388 3 0.0211619439705375 21 44.894660234451294
0.388 4 0.013451391076870415 21 50.22283482551575
0.396 0 0.013409822334877504 21 50.891894578933716
0.396 1 0.012468235545420816 20 50.29724836349487
0.396 2 0.016350756771393905 21 48.94351506233215
0.396 3 0.008668587931987626 19 41.34111261367798
0.396 4 0.013058978021665885 19 51.13046884536743
0.404 0 0.016824968621401717 19 47.68195915222168
0.404 1 0.009905880512192024 21 46.42878007888794
0.404 2 0.01035179641719144 22 49.380430459976196
0.404 3 0.014121389724708767 23 45.853450536727905
0.404 4 0.016135402253154567 23 43.828574419021606
0.41200000000000003 0 0.010609678669288872 19 42.97219800949097
0.41200000000000003 1 0.006613108737730119 21 49.490604877471924
0.41200000000000003 2 0.004985647555339058 24 47.95079445838928
0.41200000000000003 3 0.011906637477659644 23 48.427101612091064
0.41200000000000003 4 0.010583136370941769 23 49.217811584472656
0.42000000000000004 0 0.01620356030674817 21 48.91226863861084
0.42000000000000004 1 0.011273333666168913 19 45.469966888427734
0.42000000000000004 2 0.0049452464183588314 21 46.241013050079346
0.42000000000000004 3 0.0047264472034255645 21 47.788742542266846
0.42000000000000004 4 0.005082114343981315 23 45.685712575912476
0.42800000000000005 0 0.007700777487302541 19 45.400248765945435
0.42800000000000005 1 0.005758035216791778 21 45.00738787651062
0.42800000000000005 2 0.0020302094970352748 23 59.10751724243164
0.42800000000000005 3 0.006959803543530451 19 46.68677592277527
0.42800000000000005 4 0.013816729821542695 22 48.66330432891846
0.43600000000000005 0 0.007990825688252068 24 54.682865858078
0.43600000000000005 1 0.0055041166517069365 22 46.716055393218994
0.43600000000000005 2 0.015716967861418425 21 48.78832244873047
0.43600000000000005 3 0.012867238971309279 20 48.89440202713013
0.43600000000000005 4 0.008741926902289641 21 45.96015453338623
0.44400000000000006 0 0.006340250287465452 23 51.415427684783936
0.44400000000000006 1 0.006334636547788542 22 49.53827404975891
0.44400000000000006 2 0.0072441009935551425 19 48.02981162071228
0.44400000000000006 3 0.005342934919649229 20 44.389140605926514
0.44400000000000006 4 0.008238996996911553 19 43.903886795043945
0.45199999999999996 0 0.0045105713986791675 18 48.3611524105072
0.45199999999999996 1 0.004867124680691938 21 44.401317834854126
0.45199999999999996 2 0.006113443812635187 22 44.15762257575989
0.45199999999999996 3 0.009560661648082495 20 50.149978160858154
0.45199999999999996 4 0.008311275367723754 22 47.80809426307678
0.45999999999999996 0 0.005733055364241546 20 47.417383909225464
0.45999999999999996 1 0.005610969060270297 18 49.58698272705078
0.45999999999999996 2 0.008794098653435334 23 44.38795590400696
0.45999999999999996 3 0.00738665681265079 19 47.969945192337036
0.45999999999999996 4 0.006019665921995973 21 47.38867783546448
0.46799999999999997 0 0.0073606933400521025 22 48.12138366699219
0.46799999999999997 1 0.005794537896764995 21 44.14521360397339
0.46799999999999997 2 0.0019253692999736012 18 52.61156678199768
0.46799999999999997 3 0.005370303139600611 21 52.31949782371521
0.46799999999999997 4 0.00871756696839082 20 44.98953056335449
0.476 0 0.007389735701698299 19 54.04348874092102
0.476 1 0.010341326268230385 21 43.07549715042114
0.476 2 0.011036986678237319 19 46.24021935462952
0.476 3 0.007978184571639057 22 46.43630075454712
0.476 4 0.004132549119482076 20 45.563400745391846
0.484 0 0.005610123240126352 22 44.46822786331177
0.484 1 0.006281627985337997 22 52.72011351585388
0.484 2 0.0055899746466122335 23 50.96025228500366
0.484 3 0.009866562977019024 20 53.847893714904785
0.484 4 0.0038174634832702503 22 55.99202346801758
0.492 0 0.004000235280067782 21 44.329830169677734
0.492 1 0.003586583378081956 21 46.56286263465881
0.492 2 0.006239023542987457 24 52.297330379486084
0.492 3 0.0028618644730031852 22 52.99087119102478
0.492 4 0.00928574423752825 23 50.44772458076477
0.5 0 0.005497940814230697 21 54.63291335105896
0.5 1 0.003810755213006588 21 46.08262610435486
0.5 2 0.006406995208745796 22 45.26529908180237
0.5 3 0.008871096130544324 21 48.071298360824585
0.5 4 0.004588522929974441 22 47.676798582077026
0.508 0 0.009119300161725012 25 51.11998534202576
0.508 1 0.005662622559758515 22 48.18329954147339
0.508 2 0.005239433052190546 20 53.2105176448822
0.508 3 0.004669177226025609 22 48.42681550979614
0.508 4 0.005406579139991388 22 48.685791015625
0.516 0 0.0025641161903525813 24 47.120208501815796
0.516 1 0.011441523655273862 20 53.34484934806824
0.516 2 0.005262201336787103 19 49.16714358329773
0.516 3 0.007388469795911126 23 44.538623094558716
0.516 4 0.0048670785224337425 22 45.49926424026489
0.524 0 0.003909977278765242 21 51.53287482261658
0.524 1 0.004328681698243758 21 49.26251745223999
0.524 2 0.005856051958377576 20 48.49787139892578
0.524 3 0.00456802900361005 22 44.08892321586609
0.524 4 0.002484721318002904 20 45.61131954193115
0.532 0 0.0029201515930647706 20 44.54028630256653
0.532 1 0.002755140369679444 21 55.7841477394104
0.532 2 0.004680708683404131 22 47.23018741607666
0.532 3 0.0031569108403964215 21 48.857181787490845
0.532 4 0.0010612124426575271 22 43.21471309661865
0.54 0 0.004030004148418083 20 47.88257622718811
0.54 1 0.0025591614042393958 23 45.2278950214386
0.54 2 0.006634434459204195 20 50.036059617996216
0.54 3 0.0012398737226991371 20 47.76529312133789
0.54 4 0.005985004314046477 19 47.394668102264404
0.548 0 0.004165056018792098 23 46.17031812667847
0.548 1 0.003706517988010074 22 48.478983640670776
0.548 2 0.004351487421381062 20 47.748180627822876
0.548 3 0.003369022378766036 21 48.4469039440155
0.548 4 0.004308899957538249 20 47.923180103302
0.556 0 0.0017643759011217947 22 74.29020380973816
0.556 1 0.006408697956224122 21 85.51507472991943
0.556 2 0.001799197680495217 20 57.035168409347534
0.556 3 0.00314977058804427 21 50.231974601745605
0.556 4 0.0050076902072467445 18 46.4123854637146
0.5640000000000001 0 0.00509810843650972 24 53.48032259941101
0.5640000000000001 1 0.0028213751372043287 23 45.65505123138428
0.5640000000000001 2 0.0019500487080910099 21 49.07461929321289
0.5640000000000001 3 0.002239106799685591 19 47.04841876029968
0.5640000000000001 4 0.0041461820074921735 24 54.20669722557068
0.5720000000000001 0 0.002058890928061355 21 49.254408836364746
0.5720000000000001 1 0.0044507822870698014 18 50.75886344909668
0.5720000000000001 2 0.0017015141183599916 20 53.01834535598755
0.5720000000000001 3 0.0010418524486922134 20 54.96911859512329
0.5720000000000001 4 0.005559139703944114 20 47.87476420402527
0.58 0 0.002162474839499084 19 52.97328162193298
0.58 1 0.0013712640155500015 22 51.73446774482727
0.58 2 0.004140738781557869 20 54.453519105911255
0.58 3 0.0005083539268189466 23 47.54416036605835
0.58 4 0.002241259398648128 23 62.67558193206787
0.588 0 0.004733720374828373 20 55.136311531066895
0.588 1 0.0013492139388507072 20 50.676289319992065
0.588 2 0.0026227537035208573 22 46.8605170249939
0.588 3 0.0016395800054812006 23 48.40164923667908
0.588 4 0.006983545142070564 21 50.97863721847534
0.596 0 0.002747898387993662 25 54.40329718589783
0.596 1 0.003361653074581675 23 48.88489127159119
0.596 2 0.0015832278614403682 23 52.075693130493164
0.596 3 0.0034280467923478754 21 47.15717363357544
0.596 4 0.0017962755112261896 23 46.6424241065979
0.604 0 0.0014526553169061682 23 50.56702494621277
0.604 1 0.002086896431361279 22 58.65965414047241
0.604 2 0.0018792569089028804 20 50.221275329589844
0.604 3 0.0037548149676919916 20 52.27737474441528
0.604 4 0.0029361718106241186 23 48.68622303009033
0.612 0 0.0031219735890266162 20 54.25415062904358
0.612 1 0.0034447693547238764 21 53.749091148376465
0.612 2 0.003555194997625511 22 50.76895809173584
0.612 3 0.0005635565260168248 21 54.56309366226196
0.612 4 -0.0001954138400322104 22 50.78454065322876
0.62 0 0.0005892556829885479 21 53.78579378128052
0.62 1 0.0009516557891039418 20 50.80165433883667
0.62 2 0.0006049426990809844 23 48.99498009681702
0.62 3 0.0018709083000622584 23 50.00688028335571
0.62 4 0.0020077516177329792 21 53.78889465332031
0.628 0 0.0033403561037377927 19 53.2375123500824
0.628 1 0.0036906152414262297 20 47.27398896217346
0.628 2 0.0019331790805050728 20 49.608574628829956
0.628 3 0.0024365362954825373 23 56.64830017089844
0.628 4 0.0015997861519561282 22 69.13340044021606
0.636 0 0.000731679697339585 20 49.21796417236328
0.636 1 0.0008469753956213169 21 52.79764270782471
0.636 2 0.0004266631194551807 20 56.86475491523743
0.636 3 0.0008847142877604937 20 50.52779579162598
0.636 4 0.0015928423513723198 22 51.12305164337158
0.644 0 0.003008587805021533 20 52.5572509765625
0.644 1 0.0002279001892832168 23 56.48934030532837
0.644 2 0.0022249152924985758 19 60.12973713874817
0.644 3 -0.0006085271643078165 21 61.28438901901245
0.644 4 0.0021030587443001464 24 59.99557614326477
0.652 0 0.0018856798356015987 20 51.57187461853027
0.652 1 0.0034602287187358374 19 49.7894332408905
0.652 2 0.0020549016109551463 23 46.844643354415894
0.652 3 0.0016401439720794358 22 51.480897665023804
0.652 4 0.0034142940451177997 25 51.830642223358154
0.66 0 0.0018226595806980705 22 51.72894501686096
0.66 1 0.0007035119540866659 20 56.346893548965454
0.66 2 0.0038649059888660035 20 53.3443067073822
0.66 3 0.0017130982907803606 22 43.365065574645996
0.66 4 0.0007998674013168655 19 48.793604612350464
0.668 0 0.00032613155401664014 18 54.260454177856445
0.668 1 0.0009552729330162635 22 84.40576672554016
0.668 2 0.002687028569912691 21 56.61057662963867
0.668 3 0.003944728122312102 23 53.152639389038086
0.668 4 0.0009363343725492452 20 51.5388970375061
0.676 0 0.0014324074959889592 24 88.44280672073364
0.676 1 0.0013174831864283317 20 53.997878074645996
0.676 2 0.0014539951203110637 22 60.722371339797974
0.676 3 0.0025256840214743005 21 53.47900414466858
0.676 4 0.003918331828339887 24 55.62220239639282
0.6839999999999999 0 0.0019348119557490598 20 49.23336458206177
0.6839999999999999 1 0.0009727433784500883 22 60.42592167854309
0.6839999999999999 2 0.0003263375811645504 21 46.695719957351685
0.6839999999999999 3 0.00200414577185196 23 48.703906536102295
0.6839999999999999 4 0.0023801692367165016 20 49.926236152648926
0.692 0 0.0011201372326089718 23 48.94313669204712
0.692 1 0.0010329187640856032 24 51.06351280212402
0.692 2 0.001499848953563638 23 47.11131453514099
0.692 3 0.004682097001488481 20 47.14680552482605
0.692 4 0.002140331555456966 21 54.90040183067322
0.7 0 0.001161878888448587 22 57.581653118133545
0.7 1 0.0007288842070800399 21 58.499460220336914
0.7 2 0.0016454522151767381 22 52.602590560913086
0.7 3 0.0009437874644321619 19 48.98244833946228
0.7 4 0.003024658235469802 20 53.307101011276245
0.708 0 0.0012910900952058783 20 48.76277446746826
0.708 1 0.0014579006686182368 24 50.15453767776489
0.708 2 0.002372891590159088 20 46.00558090209961
0.708 3 0.0030479702571279466 21 51.924140214920044
0.708 4 0.0022183225400631977 21 53.33688163757324
0.716 0 0.0015346784556522484 19 48.97439694404602
0.716 1 0.0019348515715132877 19 50.611820936203
0.716 2 6.987542435481151e-05 20 50.997326135635376
0.716 3 0.0012806624836629536 20 49.38563585281372
0.716 4 0.0016856058369540711 25 51.2704873085022
0.724 0 0.0005131761467765917 20 54.55953073501587
0.724 1 0.0028835040653361586 21 51.05694603919983
0.724 2 0.0003089742914795201 20 49.43012237548828
0.724 3 0.0011247236991679605 22 46.94293451309204
0.724 4 0.001404465551635415 21 55.411648988723755
0.732 0 0.0004900745285609561 22 47.14014410972595
0.732 1 0.0013110348715330076 21 47.380951166152954
0.732 2 0.0011677719090098632 21 46.853636026382446
0.732 3 0.0014760121105458276 23 44.351051330566406
0.732 4 0.003512200695707343 18 49.584582567214966
0.74 0 2.695578592539953e-05 22 50.872300148010254
0.74 1 0.001801719004432013 20 51.875080823898315
0.74 2 0.0016709029676229385 19 52.6406409740448
0.74 3 6.760688615965503e-05 22 49.6751766204834
0.74 4 0.00039129729088856506 20 56.16909718513489
0.748 0 0.000632894015563811 19 44.082149267196655
0.748 1 -5.2861065739376935e-05 23 61.85323762893677
0.748 2 0.001327760396680411 22 49.03634023666382
0.748 3 0.0011329886773619228 19 50.54094386100769
0.748 4 0.0009652163773051169 23 57.890669107437134
0.756 0 0.0017236443246014914 19 49.700923204422
0.756 1 -0.00042688868070690463 22 57.08405327796936
0.756 2 0.0015326399716798845 22 65.45163822174072
0.756 3 0.00051582448025295 21 55.221880197525024
0.756 4 0.001131763466417272 22 51.471328258514404
0.764 0 0.0015324134351245547 21 44.18767213821411
0.764 1 0.0018145752127403435 20 50.890238761901855
0.764 2 0.0006155780819368293 22 49.56385684013367
0.764 3 -7.132601423525835e-05 21 49.437331199645996
0.764 4 0.0006137071481377656 21 44.7803111076355
0.772 0 0.00046405705083276734 24 56.33656597137451
0.772 1 -0.00012778360394741236 21 47.58036780357361
0.772 2 0.001374851146643036 21 46.859408378601074
0.772 3 0.000775735275258219 23 48.294764280319214
0.772 4 0.0009530790965867363 21 53.48056197166443
0.78 0 0.0012513582519431104 21 54.669947147369385
0.78 1 0.0007503170100680722 21 51.2922580242157
0.78 2 -9.422580480498584e-05 22 49.14839744567871
0.78 3 -0.0006496818812739429 25 47.31419277191162
0.78 4 0.0009283123796573431 23 48.96702718734741
0.788 0 0.00021357049322028263 22 45.89491534233093
0.788 1 0.0001438701783295892 21 45.119136571884155
0.788 2 0.000355392814096225 22 56.84344434738159
0.788 3 0.0008765355668569639 23 42.440935134887695
0.788 4 0.00134362333224501 23 54.91534447669983
0.796 0 0.0015753648873999065 22 76.38056421279907
0.796 1 3.455672753616383e-05 23 70.15796446800232
0.796 2 0.002079906389260084 22 51.76821279525757
0.796 3 0.001052783648865777 19 59.55005407333374
0.796 4 0.000296186983239495 23 57.36441922187805
0.8039999999999999 0 -0.0001014613306688967 24 50.4913489818573
0.8039999999999999 1 0.0010858797277518172 21 49.63880491256714
0.8039999999999999 2 -0.00036575832158519813 22 48.405925273895264
0.8039999999999999 3 -0.0002915420890194353 23 52.86918878555298
0.8039999999999999 4 0.002033069453669693 22 52.33525562286377
0.8119999999999999 0 0.0014048942418318482 24 51.721914529800415
0.8119999999999999 1 -0.00018077238628255477 20 51.468008518218994
0.8119999999999999 2 0.0004583695742483898 22 46.225632429122925
0.8119999999999999 3 0.0003033663931743225 20 48.44083380699158
0.8119999999999999 4 0.003103114686384685 23 47.817909240722656
0.82 0 0.0009938998059527886 21 51.364686489105225
0.82 1 0.0005275035610707227 20 50.64082860946655
0.82 2 -6.177984123777561e-05 22 54.843669414520264
0.82 3 0.0001516861739067439 21 47.89475083351135
0.82 4 0.0017537486659783984 21 59.478657722473145
0.828 0 0.0009023064255144188 20 53.561195850372314
0.828 1 0.0002455421491928375 22 48.86700654029846
0.828 2 -0.0005512567174380726 22 46.29456973075867
0.828 3 0.00011734626445208738 23 47.530513763427734
0.828 4 -8.780175365682093e-05 22 48.871833086013794
0.836 0 0.0006088527775164529 23 50.17483925819397
0.836 1 0.0018512971812179504 21 44.31200456619263
0.836 2 0.0007970611849957568 20 45.2889404296875
0.836 3 -0.00025944117798443753 22 51.200390577316284
0.836 4 0.0013257319754270502 23 54.54154300689697
0.844 0 0.0007631933308642482 23 53.063652753829956
0.844 1 5.314317575312535e-05 21 47.522358655929565
0.844 2 0.0022585637874573497 24 44.72709560394287
0.844 3 0.001792029447991269 19 47.511473655700684
0.844 4 0.0009186593336250222 22 45.64617371559143
0.852 0 -0.0007479836112615075 20 45.20653438568115
0.852 1 -0.00042003188688225754 22 49.593780755996704
0.852 2 -0.00038971155012876724 23 47.912601709365845
0.852 3 0.00040370642720651413 22 49.71573853492737
0.852 4 0.0009999640213120937 23 55.417256593704224
0.86 0 -0.0005891597963274971 23 45.055996894836426
0.86 1 0.0005273412576006139 21 47.85908007621765
0.86 2 0.00036366935271175385 19 50.22543144226074
0.86 3 0.000163295949709471 22 47.5699896812439
0.86 4 -0.00019347679197917938 22 55.2901713848114
0.868 0 0.0009342840817491792 22 49.125279903411865
0.868 1 0.001362686943904879 22 48.633790016174316
0.868 2 -8.103408361459239e-05 21 49.923295736312866
0.868 3 0.0007216317146738749 20 53.745580434799194
0.868 4 0.000859783952638659 21 44.192991971969604
0.876 0 0.0014728386345416423 21 50.11575698852539
0.876 1 0.0011011944870308913 22 52.77993655204773
0.876 2 -0.0006028149610179724 21 55.84255623817444
0.876 3 0.001077969990377091 21 45.383708477020264
0.876 4 0.0014310020411417842 19 48.42330050468445
0.884 0 -0.0005299495852088814 23 54.60309648513794
0.884 1 0.0009995841637247226 21 51.46447730064392
0.884 2 1.5033651645012486e-06 23 51.204853534698486
0.884 3 0.0023780653869745504 22 51.15943193435669
0.884 4 7.853607185316325e-05 22 51.269914388656616
0.892 0 -0.00017599906507584286 24 46.284353256225586
0.892 1 0.0005554460658383851 19 48.57671403884888
0.892 2 0.0003625619924600664 21 41.52155065536499
0.892 3 -0.0006396733596735939 21 40.9590060710907
0.892 4 0.0008561277827398168 24 47.20284390449524
0.9 0 -0.00013703786965808947 24 46.984116315841675
0.9 1 0.00022650943078786467 20 47.26154637336731
0.9 2 0.0006624715890644256 21 49.75645089149475
0.9 3 0.00025053735299259734 22 51.449384689331055
0.9 4 -0.0006535975008405088 22 60.2130925655365
