0.1 0 1.0 2
0.1 1 1.0 2
0.1 2 1.0 2
0.1 3 1.0 2
0.1 4 1.0 2
0.2 0 0.9286022516535728 2
0.2 1 0.8773072618436142 2
0.2 2 1.0 2
0.2 3 1.0 2
0.2 4 1.0 2
0.30000000000000004 0 0.7592561769713603 2
0.30000000000000004 1 0.8065446315451662 2
0.30000000000000004 2 0.8575159537539401 2
0.30000000000000004 3 0.9286022516535728 2
0.30000000000000004 4 0.5921475400556024 2
0.4 0 0.47438027498553 2
0.4 1 0.6322976674068047 2
0.4 2 0.0 1
0.4 3 0.0 1
0.4 4 0.3149055603644834 2
0.5 0 0.0 1
0.5 1 0.0 1
0.5 2 0.0 1
0.5 3 0.0 1
0.5 4 0.35153927826059445 2
0.6 0 0.0 1
0.6 1 0.0 1
0.6 2 0.0 1
0.6 3 0.0 1
0.6 4 0.0 1
0.7000000000000001 0 0.0 1
0.7000000000000001 1 0.0 1
0.7000000000000001 2 0.0 1
0.7000000000000001 3 0.0 1
0.7000000000000001 4 0.0 1
0.8 0 0.0 1
0.8 1 0.0 1
0.8 2 0.0 1
0.8 3 0.0 1
0.8 4 0.0 1
0.9 0 0.0 1
0.9 1 0.0 1
0.9 2 0.0 1
0.9 3 0.0 1
0.9 4 0.0 1
1.0 0 0.0 1
1.0 1 0.0 1
1.0 2 0.0 1
1.0 3 0.0 1
1.0 4 0.0 1
2.0 0 0.0 1
2.0 1 0.0 1
2.0 2 0.0 1
2.0 3 0.2369249542038178 2
2.0 4 0.0 1
3.0 0 0.7128426776147976 2
3.0 1 0.29357759230945457 2
3.0 2 0.6399520592597279 2
3.0 3 0.7128426776147976 2
3.0 4 0.38871043367420405 2
4.0 0 0.8065446315451662 2
4.0 1 0.7631083245723179 2
4.0 2 0.7128426776147976 2
4.0 3 0.8575159537539402 2
4.0 4 0.7559202555796879 2
5.0 0 0.9286022516535728 2
5.0 1 0.6746161775765513 2
5.0 2 1.0 2
5.0 3 1.0 2
5.0 4 0.8773072618436142 2
6.0 0 0.8065446315451662 2
6.0 1 1.0 2
6.0 2 0.7946207065282216 2
6.0 3 0.8575159537539402 2
6.0 4 0.8575159537539402 2
7.0 0 1.0 2
7.0 1 1.0 2
7.0 2 1.0 2
7.0 3 1.0 2
7.0 4 1.0 2
8.0 0 1.0 2
8.0 1 1.0 2
8.0 2 0.9286022516535728 2
8.0 3 0.9286022516535728 2
8.0 4 0.8773072618436142 2
9.0 0 1.0 2
9.0 1 0.8065446315451662 2
9.0 2 0.8575159537539402 2
9.0 3 1.0 2
9.0 4 0.9286022516535728 2
10.0 0 1.0 2
10.0 1 1.0 2
10.0 2 1.0 2
10.0 3 0.8575159537539401 2
10.0 4 0.8575159537539401 2
