0.1 0 0.95025383716402 2 0.4181945323944092
0.1 1 0.9623685867085947 2 0.197265625
0.1 2 0.9521039297299722 2 0.2455461025238037
0.1 3 0.9429940399067817 2 0.21093368530273438
0.1 4 0.949671061146896 2 0.19809770584106445
0.10800000000000001 0 0.9547188783881142 2 0.19550848007202148
0.10800000000000001 1 0.9545903383019588 2 0.20003986358642578
0.10800000000000001 2 0.9521039297299722 2 0.2016141414642334
0.10800000000000001 3 0.9571370167618057 2 0.19536256790161133
0.10800000000000001 4 0.9426445911421287 2 0.20157718658447266
0.116 0 0.9399157036217105 2 0.21655797958374023
0.116 1 0.9149175718397089 2 0.19138789176940918
0.116 2 0.9348388701705286 2 0.19630646705627441
0.116 3 0.9624487875865817 2 0.19628167152404785
0.116 4 0.9351015173842943 2 0.20605206489562988
0.124 0 0.935184717873085 2 0.19867801666259766
0.124 1 0.9327622798990464 2 0.18595194816589355
0.124 2 0.9282010457606045 2 0.1968529224395752
0.124 3 0.9236752072408115 2 0.1997382640838623
0.124 4 0.8998999144368648 2 0.20565414428710938
0.132 0 0.9282010457606045 2 0.1918036937713623
0.132 1 0.9170542163955473 2 0.19295573234558105
0.132 2 0.9398244466280465 2 0.19820427894592285
0.132 3 0.9331236467453183 2 0.20125174522399902
0.132 4 0.9109213775113235 2 0.20829129219055176
0.14 0 0.9064377665685516 2 0.2068464756011963
0.14 1 0.8962243980430759 2 0.19896602630615234
0.14 2 0.9197008625301308 2 0.20133495330810547
0.14 3 0.900193000608551 2 0.2429828643798828
0.14 4 0.9066246564375958 2 0.19987130165100098
0.14800000000000002 0 0.8916654726668687 2 0.19821739196777344
0.14800000000000002 1 0.90440038694998 2 0.1886281967163086
0.14800000000000002 2 0.8737936948706571 2 0.19268131256103516
0.14800000000000002 3 0.8705422739384165 2 0.19952964782714844
0.14800000000000002 4 0.8999485421677594 2 0.20149970054626465
0.156 0 0.875949454751824 2 0.19789743423461914
0.156 1 0.8648813614147316 2 0.1926424503326416
0.156 2 0.8474926646272859 2 0.2023465633392334
0.156 3 0.8940633252637472 2 0.1995537281036377
0.156 4 0.8856253235601999 2 0.1908268928527832
0.164 0 0.862872978293786 2 0.2039330005645752
0.164 1 0.8776978282436849 2 0.1915295124053955
0.164 2 0.8796500636493487 2 0.20151042938232422
0.164 3 0.8623021930373765 2 0.20227837562561035
0.164 4 0.8624319300832746 2 0.19405555725097656
0.17200000000000001 0 0.8492972956881422 2 0.19524621963500977
0.17200000000000001 1 0.8349160188167951 2 0.22825050354003906
0.17200000000000001 2 0.8331143605463521 2 0.19571256637573242
0.17200000000000001 3 0.8547975682509112 2 0.18734288215637207
0.17200000000000001 4 0.8548126805004909 2 0.1956477165222168
0.18 0 0.8349927626643978 2 0.19364619255065918
0.18 1 0.8331143605463521 2 0.1961822509765625
0.18 2 0.8263396390363581 2 0.1986401081085205
0.18 3 0.8298463735080955 2 0.20034480094909668
0.18 4 0.8368226983449129 2 0.19034790992736816
0.188 0 0.8008701389127597 2 0.19809579849243164
0.188 1 0.8348649229313918 2 0.19273018836975098
0.188 2 0.807056821111851 2 0.19523000717163086
0.188 3 0.7923564152847575 2 0.19619297981262207
0.188 4 0.8123373374353993 2 0.200455904006958
0.196 0 0.8005722175923503 2 0.1890718936920166
0.196 1 0.7874919984870692 2 0.20235276222229004
0.196 2 0.7826674042560665 2 0.20589184761047363
0.196 3 0.8239904472761864 2 0.1904010772705078
0.196 4 0.7925911864460974 2 0.19275927543640137
0.20400000000000001 0 0.7531722483723317 2 0.19303297996520996
0.20400000000000001 1 0.7795542265028487 2 0.1849985122680664
0.20400000000000001 2 0.7782499564628258 2 0.19811296463012695
0.20400000000000001 3 0.76539529055562 2 0.19770550727844238
0.20400000000000001 4 0.7736836536289533 2 0.18600225448608398
0.21200000000000002 0 0.7669060119899543 2 0.20041346549987793
0.21200000000000002 1 0.7685533564387395 2 0.1998307704925537
0.21200000000000002 2 0.7768477985521937 2 0.19939899444580078
0.21200000000000002 3 0.7829850162651334 2 0.19428801536560059
0.21200000000000002 4 0.7309418528814342 2 0.20542454719543457
0.22 0 0.7179818457496089 2 0.19168329238891602
0.22 1 0.7180547365029897 2 0.20323634147644043
0.22 2 0.7426769990175591 2 0.1959514617919922
0.22 3 0.7486158961296239 2 0.24552083015441895
0.22 4 0.7318839229379988 2 0.2164931297302246
0.228 0 0.7026686040033454 2 0.18921399116516113
0.228 1 0.7166687245039929 2 0.20286011695861816
0.228 2 0.7094177552696614 2 0.20125246047973633
0.228 3 0.7065604275944936 2 0.24964570999145508
0.228 4 0.7131980106362804 2 0.19774675369262695
0.23600000000000002 0 0.6706448769531621 2 0.20032167434692383
0.23600000000000002 1 0.6886147443894677 2 0.2012941837310791
0.23600000000000002 2 0.7277643438697324 2 0.1991438865661621
0.23600000000000002 3 0.69543354521766 2 0.19422650337219238
0.23600000000000002 4 0.6913389806273144 2 0.20135211944580078
0.24400000000000002 0 0.6511732474513118 2 0.24425768852233887
0.24400000000000002 1 0.6452970876164392 2 0.20260143280029297
0.24400000000000002 2 0.6712515086259639 2 0.1981983184814453
0.24400000000000002 3 0.6888719473583632 2 0.24222517013549805
0.24400000000000002 4 0.665316523793829 2 0.23798418045043945
0.252 0 0.6834064309259231 2 0.23828363418579102
0.252 1 0.6685480916295278 2 0.2460496425628662
0.252 2 0.6378155569341031 2 0.2693912982940674
0.252 3 0.662536008076829 2 0.31438612937927246
0.252 4 0.6529363218406089 2 0.27904486656188965
0.26 0 0.6394872865177954 2 0.2760775089263916
0.26 1 0.6529451472935546 2 0.25940680503845215
0.26 2 0.6070607413862803 2 0.2799694538116455
0.26 3 0.6146266700420968 2 0.2827930450439453
0.26 4 0.629034912608824 2 0.3482983112335205
0.268 0 0.6072505210406449 2 0.2782297134399414
0.268 1 0.5990468371300359 2 0.21843600273132324
0.268 2 0.6120387978982229 2 0.2615022659301758
0.268 3 0.612216486821456 2 0.3810708522796631
0.268 4 0.6062606241211157 2 0.24404406547546387
0.276 0 0.5775449613079365 2 0.2519822120666504
0.276 1 0.5613101274693437 2 0.32878780364990234
0.276 2 0.5546880974385632 2 0.2935352325439453
0.276 3 0.5679412619386112 2 0.2969937324523926
0.276 4 0.5764592444010315 2 0.3037590980529785
0.28400000000000003 0 0.5578916230163337 2 0.26590418815612793
0.28400000000000003 1 0.5524961030811624 2 0.3299250602722168
0.28400000000000003 2 0.5736405889031088 2 0.26709508895874023
0.28400000000000003 3 0.5544954047599226 2 0.2860555648803711
0.28400000000000003 4 0.5384479564265412 2 0.2596781253814697
0.29200000000000004 0 0.5402861137943442 2 0.24344754219055176
0.29200000000000004 1 0.5000771554949361 2 0.2631990909576416
0.29200000000000004 2 0.5896945000077803 2 0.2871086597442627
0.29200000000000004 3 0.5009708245828118 2 0.24605965614318848
0.29200000000000004 4 0.5322978849263506 2 0.24303603172302246
0.30000000000000004 0 0.49414206706277136 2 0.27239012718200684
0.30000000000000004 1 0.52387348022354 2 0.2511014938354492
0.30000000000000004 2 0.46102101625787406 2 0.3524899482727051
0.30000000000000004 3 0.4867640965506189 2 0.2638576030731201
0.30000000000000004 4 0.525412296029453 2 0.2897679805755615
0.30800000000000005 0 0.4486926544006431 2 0.27681803703308105
0.30800000000000005 1 0.4555039996364403 2 0.2997245788574219
0.30800000000000005 2 0.5083646075076635 2 0.25366854667663574
0.30800000000000005 3 0.4687633536859455 2 0.25673604011535645
0.30800000000000005 4 0.34870197388250523 2 0.2925717830657959
0.316 0 0.4931670513733458 2 0.3138449192047119
0.316 1 0.45201698789611405 2 0.3027820587158203
0.316 2 0.4748617526128654 2 0.3001439571380615
0.316 3 0.44207541888579815 2 0.24665570259094238
0.316 4 0.4731814068773837 2 0.25650548934936523
0.324 0 0.4298493111194029 2 0.28891921043395996
0.324 1 0.4147485002810056 2 0.284771203994751
0.324 2 0.4429593764028827 2 0.2624979019165039
0.324 3 0.3851222646102428 2 0.2960929870605469
0.324 4 0.43399468241912226 2 0.24554800987243652
0.332 0 0.41836649635247825 2 0.2991604804992676
0.332 1 0.3874881208220092 2 0.2915163040161133
0.332 2 0.38544957873016406 2 0.24888253211975098
0.332 3 0.3839560858003113 2 0.2908024787902832
0.332 4 0.41118800264789546 2 0.2528223991394043
0.33999999999999997 0 0.33761073665104 2 0.31922078132629395
0.33999999999999997 1 0.34331400397848455 2 0.2913329601287842
0.33999999999999997 2 0.3738456383541412 2 0.2920687198638916
0.33999999999999997 3 0.3385884577567284 2 0.30341315269470215
0.33999999999999997 4 0.3948995741331366 2 0.2954103946685791
0.348 0 0.0008789980284997411 2 0.33284974098205566
0.348 1 0.3217318434622303 2 0.3337264060974121
0.348 2 0.3121252735443591 2 0.2970914840698242
0.348 3 0.3461003948884482 2 0.2939026355743408
0.348 4 0.3265736894699119 2 0.28931164741516113
0.356 0 0.28128352273663026 2 0.35799455642700195
0.356 1 0.31248995790432377 2 0.34551477432250977
0.356 2 0.30306635412084815 2 0.3141801357269287
0.356 3 0.29980573482629647 2 0.2908492088317871
0.356 4 0.30361563449539924 2 0.3556201457977295
0.364 0 0.260260266336588 2 0.35384535789489746
0.364 1 0.2558572629772686 2 0.3025062084197998
0.364 2 0.001364153492170262 2 0.28786444664001465
0.364 3 0.2969708215639212 2 0.3065788745880127
0.364 4 0.2902260124136522 2 0.3531680107116699
0.372 0 0.2603295013792442 2 0.35454869270324707
0.372 1 0.22775885202818585 2 0.29135751724243164
0.372 2 0.21847841022143366 2 0.3109557628631592
0.372 3 0.22675587149074014 2 0.3385457992553711
0.372 4 0.001364153492170262 2 0.20158863067626953
0.38 0 -0.0003982218255588121 2 0.2924385070800781
0.38 1 0.1683951213682765 2 0.4171020984649658
0.38 2 0.20887206897179203 2 0.35981249809265137
0.38 3 0.173772361039818 2 0.4092850685119629
0.38 4 0.2209015675655798 2 0.362093448638916
0.388 0 0.11063507393096617 2 0.34365010261535645
0.388 1 0.2213684396378749 2 0.34739017486572266
0.388 2 0.18232249071791648 2 0.4074084758758545
0.388 3 0.16629254164321572 2 0.40338659286499023
0.388 4 0.02982370624913689 2 0.48619985580444336
0.396 0 0.15513708775088714 2 0.4044375419616699
0.396 1 0.02777881041853766 2 0.42372679710388184
0.396 2 0.12747415000017914 2 0.37361955642700195
0.396 3 0.2127941524018174 2 0.3439910411834717
0.396 4 0.18582839005365095 2 0.3616981506347656
0.404 0 0.01644857571913764 2 0.5591738224029541
0.404 1 0.19870393965508598 2 0.38663554191589355
0.404 2 0.15546446683091578 2 0.44014763832092285
0.404 3 0.11104832312608436 2 0.48582935333251953
0.404 4 -0.0002752733828980549 2 0.3418715000152588
0.41200000000000003 0 0.03877007312466633 2 0.4403815269470215
0.41200000000000003 1 0.021322935419625672 2 0.4568469524383545
0.41200000000000003 2 0.14946616706396418 2 0.44843006134033203
0.41200000000000003 3 0.022960515736585415 2 0.5510694980621338
0.41200000000000003 4 0.13833883575327774 2 0.40169477462768555
0.42000000000000004 0 0.012041808603245415 2 0.531867265701294
0.42000000000000004 1 0.0747131017499331 2 0.4064509868621826
0.42000000000000004 2 0.03413226976826547 2 0.792370080947876
0.42000000000000004 3 0.03618971160695937 2 0.576519250869751
0.42000000000000004 4 0.066166968965752 2 0.6551485061645508
0.42800000000000005 0 -0.00010316397242972893 2 0.38245511054992676
0.42800000000000005 1 0.01251094799464499 2 0.4753284454345703
0.42800000000000005 2 0.00012775184765299142 2 0.6438860893249512
0.42800000000000005 3 0.033103794023575356 2 0.4924485683441162
0.42800000000000005 4 0.05102075536154848 2 0.5461761951446533
0.43600000000000005 0 0.038208536407059734 2 0.4635591506958008
0.43600000000000005 1 0.022351046387883794 2 0.44089174270629883
0.43600000000000005 2 0.0905457209443303 2 0.535353422164917
0.43600000000000005 3 0.004541728209545927 2 0.5165894031524658
0.43600000000000005 4 0.08981420766786098 2 0.445664644241333
0.44400000000000006 0 -0.00027065479268734204 2 0.536710262298584
0.44400000000000006 1 0.015730034888184512 2 0.5210506916046143
0.44400000000000006 2 4.812274151864201e-05 2 1.0714530944824219
0.44400000000000006 3 0.008695753835378075 2 0.565406084060669
0.44400000000000006 4 0.002233222046195657 2 0.5280697345733643
0.45199999999999996 0 0.005155551699199041 2 0.5174875259399414
0.45199999999999996 1 0.030721265753064744 2 0.5498828887939453
0.45199999999999996 2 0.028899021566585043 2 0.4741973876953125
0.45199999999999996 3 0.001364153492170262 2 0.47037601470947266
0.45199999999999996 4 0.03328261910881121 2 0.6653776168823242
0.45999999999999996 0 0.0029516764734456697 2 0.3541855812072754
0.45999999999999996 1 0.042393539957699115 2 0.45838451385498047
0.45999999999999996 2 0.006027814771781644 2 0.5506651401519775
0.45999999999999996 3 -0.00010492556016595921 2 0.45602965354919434
0.45999999999999996 4 0.01067200443398551 2 0.5676116943359375
0.46799999999999997 0 -0.0004464228044742161 2 0.4688563346862793
0.46799999999999997 1 0.0011413041862388476 2 0.5691032409667969
0.46799999999999997 2 0.05954716272025169 2 0.4660990238189697
0.46799999999999997 3 0.005207105419223939 2 0.7157373428344727
0.46799999999999997 4 0.0016220110892356547 2 0.5259878635406494
0.476 0 0.002147614611852655 2 0.5669963359832764
0.476 1 0.0017390496115885958 2 0.5495221614837646
0.476 2 0.03434022134871328 2 0.507575273513794
0.476 3 0.0006104347582078161 2 0.3521442413330078
0.476 4 0.0010423658357274644 2 0.485271692276001
0.484 0 -0.00023264726215793083 2 0.5277228355407715
0.484 1 0.0028136592626455985 2 0.4455680847167969
0.484 2 0.011002875113891556 2 0.48834943771362305
0.484 3 0.0033456586457652287 2 0.41681909561157227
0.484 4 -0.0004476830322701503 2 0.2958085536956787
0.492 0 0.0040326186004410736 2 0.49933409690856934
0.492 1 0.004734436879180038 2 0.45252346992492676
0.492 2 -0.0002374320213750807 2 0.5839970111846924
0.492 3 0.010378753689416141 2 0.5854558944702148
0.492 4 0.001762372268714773 2 0.44767141342163086
0.5 0 0.0011581141601204458 2 0.4971644878387451
0.5 1 -0.0004476830322701503 2 0.320526123046875
0.5 2 0.007879360476751147 2 0.584803581237793
0.5 3 -0.00018198394300165968 2 0.49396324157714844
0.5 4 0.005916512193520569 2 0.3945436477661133
0.508 0 0.00352452502911334 2 0.4114670753479004
0.508 1 0.0005829842345451866 2 0.5947504043579102
0.508 2 0.013649125797846768 2 0.5461132526397705
0.508 3 -0.0003591840309213493 2 0.44590067863464355
0.508 4 0.0015698759648021818 2 0.39653873443603516
0.516 0 0.003335098609970085 2 0.5846679210662842
0.516 1 0.00023815071560157123 2 0.5009725093841553
0.516 2 0.0021420665399161836 2 0.3912031650543213
0.516 3 0.0002056587708316016 2 0.565864086151123
0.516 4 0.0009032153742408656 2 0.6584224700927734
0.524 0 0.0022981740325832005 2 0.40029430389404297
0.524 1 -0.0002043621325236641 2 0.44893789291381836
0.524 2 0.001976975731772962 2 0.4405221939086914
0.524 3 0.00024734334339263976 2 0.5464906692504883
0.524 4 0.002023415771379527 2 0.39889001846313477
0.532 0 -0.00020438531277772355 2 0.44141602516174316
0.532 1 -0.0002403200496101512 2 0.8202195167541504
0.532 2 -6.304435770980964e-05 2 0.403090238571167
0.532 3 -6.481865961365237e-05 2 0.5786399841308594
0.532 4 -0.00013662635959940032 2 0.5256836414337158
0.54 0 0.004913129944756502 2 0.43766236305236816
0.54 1 0.0032767951371062073 2 0.5503323078155518
0.54 2 0.002759980731352539 2 0.4955720901489258
0.54 3 -2.078189592250202e-05 2 0.4910252094268799
0.54 4 -0.00022581090281394045 2 0.49918293952941895
0.548 0 -0.0002063676090434395 2 0.46414899826049805
0.548 1 -0.00012304493291187028 2 0.5466039180755615
0.548 2 -0.0003636067026275511 2 0.4195218086242676
0.548 3 0.011559823043832403 2 0.4499824047088623
0.548 4 0.002364954776740206 2 0.4419124126434326
0.556 0 -0.0004476830322701503 2 0.5045125484466553
0.556 1 -9.808801282401713e-05 2 0.4590473175048828
0.556 2 0.0005404045411536658 2 0.5644025802612305
0.556 3 -5.872046053797587e-05 2 0.36579394340515137
0.556 4 0.003496312429007536 2 0.39791369438171387
0.5640000000000001 0 0.0008559508348694701 2 0.4598259925842285
0.5640000000000001 1 -0.0002695654382935917 2 0.40403246879577637
0.5640000000000001 2 8.270366662194807e-05 2 0.6515223979949951
0.5640000000000001 3 -7.900075619961684e-05 2 0.402008056640625
0.5640000000000001 4 0.0036468000843616916 2 0.5841560363769531
0.5720000000000001 0 0.001378303781068911 2 0.6424386501312256
0.5720000000000001 1 -0.00020645846210337642 2 0.4786338806152344
0.5720000000000001 2 0.002781457775190849 2 0.47584962844848633
0.5720000000000001 3 0.00042317581429825835 2 0.6130416393280029
0.5720000000000001 4 4.8791498363649774e-05 2 0.498856782913208
0.58 0 0.0005721519714274231 2 0.5066170692443848
0.58 1 -7.756342261999953e-05 2 0.5577006340026855
0.58 2 0.00024731348064744403 2 0.45064401626586914
0.58 3 0.00027525290632682595 2 0.3271195888519287
0.58 4 0.00016346493605878543 2 0.6217362880706787
0.588 0 0.004104977616603675 2 0.6246881484985352
0.588 1 -0.00045365914649227336 2 0.3306248188018799
0.588 2 0.0005181533921280501 2 0.4568960666656494
0.588 3 0.0021713438341606703 2 0.6574752330780029
0.588 4 0.001281938813376794 2 0.5764956474304199
0.596 0 0.00016685727083691872 2 0.5648193359375
0.596 1 0.0012045839872335247 2 0.45212888717651367
0.596 2 0.00048300194510499035 2 0.6255576610565186
0.596 3 -0.0004473107480132344 2 0.3231017589569092
0.596 4 0.001364153492170262 2 0.5225780010223389
0.604 0 0.0011814603349923696 2 0.5928716659545898
0.604 1 -2.333134761252578e-05 2 0.7652945518493652
0.604 2 0.003098333657320779 2 0.5431604385375977
0.604 3 -0.00017712712287517842 2 0.537900447845459
0.604 4 0.0014352225827813487 2 0.4739089012145996
0.612 0 0.001409261120941403 2 0.6629321575164795
0.612 1 0.001407772020951762 2 0.5533096790313721
0.612 2 0.0033742444458157456 2 0.4992215633392334
0.612 3 -0.00020855959217670907 2 0.5585343837738037
0.612 4 0.000500014466816233 2 0.5263030529022217
0.62 0 0.0004663747474008751 2 0.4273664951324463
0.62 1 0.004465200164950264 2 0.49037647247314453
0.62 2 -5.2527358109411184e-05 2 0.5693774223327637
0.62 3 7.412947731854952e-05 2 0.4694681167602539
0.62 4 0.01163348104072627 2 0.3958728313446045
0.628 0 0.0005478233311045006 2 0.8552608489990234
0.628 1 0.0013883124038110352 2 0.7699356079101562
0.628 2 3.0160304701548497e-05 2 0.5981988906860352
0.628 3 0.0026563204152556434 2 0.5435934066772461
0.628 4 3.53385498810983e-05 2 0.5382449626922607
0.636 0 -0.0004536591464922734 2 0.44106221199035645
0.636 1 -0.0004541115402756591 2 0.4059574604034424
0.636 2 -3.9996961286933045e-05 2 0.6040158271789551
0.636 3 0.000535550873203701 2 0.4586503505706787
0.636 4 4.4807551407036343e-05 2 0.4965391159057617
0.644 0 0.00022750823814299235 2 0.5622479915618896
0.644 1 0.000498798725122499 2 0.5193798542022705
0.644 2 2.8297489081032126e-05 2 0.46044230461120605
0.644 3 0.0006104347582078161 2 0.30602502822875977
0.644 4 0.0008535439504855608 2 0.52121901512146
0.652 0 -0.00022042191496992678 2 0.45879220962524414
0.652 1 9.058591068678309e-05 2 0.45822739601135254
0.652 2 -0.00025064320452023375 2 0.33903956413269043
0.652 3 0.0012296955879104083 2 0.6152529716491699
0.652 4 -0.0002078515096903393 2 0.3732748031616211
0.66 0 0.00032998188349682867 2 0.4686591625213623
0.66 1 -3.818084911693825e-05 2 0.41486048698425293
0.66 2 0.0007451913761819807 2 0.5543653964996338
0.66 3 5.391544882889973e-05 2 0.606809139251709
0.66 4 0.0008191037444822203 2 0.6453354358673096
0.668 0 -0.00013547680210370343 2 0.4641749858856201
0.668 1 0.001162288564102055 2 0.4418220520019531
0.668 2 0.001364153492170262 2 0.4162330627441406
0.668 3 0.0002527845604802974 2 0.478701114654541
0.668 4 -0.00011321526368487446 2 0.7823314666748047
0.676 0 0.005438398260183455 2 0.5901734828948975
0.676 1 -0.0001683601259460133 2 0.6544950008392334
0.676 2 1.2230977301299319e-05 2 0.5984859466552734
0.676 3 -0.0002088459883887233 2 0.7581841945648193
0.676 4 0.0007010666858391625 2 0.5780868530273438
0.6839999999999999 0 -0.0002502144044933559 2 0.5465843677520752
0.6839999999999999 1 -9.786992141576076e-05 2 0.5068135261535645
0.6839999999999999 2 0.0009591389971043349 2 0.5050089359283447
0.6839999999999999 3 0.0023457217087001995 2 0.496903657913208
0.6839999999999999 4 0.0034150877739383945 2 1.075186014175415
0.692 0 -9.521997596762513e-05 2 0.742668628692627
0.692 1 0.0002855276643285388 2 0.6384150981903076
0.692 2 0.00022299007600134105 2 0.4845540523529053
0.692 3 -0.0004263652419973718 2 0.37404346466064453
0.692 4 -0.00024457799119210365 2 0.6345601081848145
0.7 0 -0.0005070236955516512 2 0.3527867794036865
0.7 1 -0.00017778033497108965 2 0.6154038906097412
0.7 2 -0.0002070534323169678 2 0.5768167972564697
0.7 3 0.00013197271411267275 2 0.6294050216674805
0.7 4 -0.00022857690221601045 2 0.5019204616546631
0.708 0 -0.00011900221916363923 2 0.5316619873046875
0.708 1 0.0002404597618826802 2 0.5839240550994873
0.708 2 0.000439904341726065 2 0.6529853343963623
0.708 3 -0.00022498418754174094 2 0.5490775108337402
0.708 4 -0.00020859679691836636 2 0.6433866024017334
0.716 0 -0.0004536591464922734 2 0.40108489990234375
0.716 1 -0.0002347173265613503 2 0.44903135299682617
0.716 2 0.00024395863978412966 2 0.5456538200378418
0.716 3 8.619860057027396e-05 2 0.49640727043151855
0.716 4 -0.00031411171434348573 2 0.33603715896606445
0.724 0 0.0025975202305007607 2 0.4420912265777588
0.724 1 -0.00030060461577110576 2 0.41296863555908203
0.724 2 0.00047419162189291314 2 0.4586937427520752
0.724 3 -0.00016845652830730729 2 0.4923880100250244
0.724 4 0.0034338862154731503 2 0.7662057876586914
0.732 0 -6.691602841608296e-05 2 0.6789472103118896
0.732 1 -7.056159058217983e-05 2 0.5556087493896484
0.732 2 0.00032500498526879753 2 0.4673335552215576
0.732 3 -0.00043726352772494335 2 0.3494436740875244
0.732 4 -5.5082932727488235e-05 2 0.5441977977752686
0.74 0 0.0001637768452997079 2 0.44806385040283203
0.74 1 -0.00024002759518618845 2 0.5838432312011719
0.74 2 0.0003340343756423632 2 0.38608455657958984
0.74 3 0.0003460152846502895 2 0.6858327388763428
0.74 4 -0.00017777571514454528 2 0.4481973648071289
0.748 0 -0.0002209720931043582 2 0.5387446880340576
0.748 1 1.2261409670742874e-05 2 0.49828219413757324
0.748 2 0.00036997383820932053 2 0.49321818351745605
0.748 3 -0.00010853788414413174 2 0.392960786819458
0.748 4 0.0006426832125847982 2 0.6457338333129883
0.756 0 0.0005897562045219806 2 0.4688229560852051
0.756 1 -2.362611586794777e-05 2 0.5524005889892578
0.756 2 0.002581636202688967 2 0.5220141410827637
0.756 3 -0.00017724491576600875 2 0.6231288909912109
0.756 4 0.0003636223988289305 2 0.442626953125
0.764 0 -0.00022581090281394045 2 0.5784885883331299
0.764 1 0.0002611721569109812 2 0.8284735679626465
0.764 2 7.020538291192558e-05 2 0.6969256401062012
0.764 3 0.00010909807127444161 2 0.3214740753173828
0.764 4 -0.0004263652419973718 2 0.4425370693206787
0.772 0 -5.220962301871804e-05 2 0.522205114364624
0.772 1 -0.00024075084455122683 2 0.533301830291748
0.772 2 -0.00017777964713151621 2 0.47252774238586426
0.772 3 4.525951788945756e-06 2 0.4268922805786133
0.772 4 -1.5221522733572542e-05 2 0.4264364242553711
0.78 0 -6.969436577320189e-05 2 0.5750327110290527
0.78 1 0.0011609043783178204 2 0.6799991130828857
0.78 2 -0.00015849292556592304 2 0.4272594451904297
0.78 3 0.00041987211344533343 2 0.6360054016113281
0.78 4 -4.0176966036622085e-05 2 0.6304671764373779
0.788 0 -2.3802494419212904e-05 2 0.5731832981109619
0.788 1 0.0002029852993132196 2 0.5817873477935791
0.788 2 -0.0003059717601386869 2 0.31330204010009766
0.788 3 -3.203739361157156e-05 2 0.5197029113769531
0.788 4 -0.00015257537527545094 2 0.42461681365966797
0.796 0 -0.00023668353128715306 2 0.5731561183929443
0.796 1 0.0005297200190998088 2 0.5723180770874023
0.796 2 -0.0002410837045432636 2 0.5183756351470947
0.796 3 -0.0002259445074159722 2 0.41881299018859863
0.796 4 -0.00018732141884935803 2 0.4752078056335449
0.8039999999999999 0 0.0024253879924837373 2 0.5789415836334229
0.8039999999999999 1 -0.00026617929760355884 2 0.4671177864074707
0.8039999999999999 2 -0.0003134383281681503 2 0.3836050033569336
0.8039999999999999 3 -0.00024169943491956825 2 0.5821418762207031
0.8039999999999999 4 -0.00024087380467617393 2 0.47444796562194824
0.8119999999999999 0 -0.00024064172849679944 2 0.4820363521575928
0.8119999999999999 1 -0.0004476830322701503 2 0.34525322914123535
0.8119999999999999 2 -3.192338889917047e-05 2 0.8370871543884277
0.8119999999999999 3 -7.973278651798528e-05 2 0.6317164897918701
0.8119999999999999 4 6.592302243999647e-05 2 0.5520858764648438
0.82 0 -0.00018710362838976244 2 0.5933284759521484
0.82 1 -0.0001864350169080426 2 0.8154358863830566
0.82 2 -4.8527854667810467e-05 2 0.511955738067627
0.82 3 0.0010983030336344367 2 0.7145745754241943
0.82 4 0.00011060634823677044 2 0.6275811195373535
0.828 0 0.0007513326603378793 2 0.36769914627075195
0.828 1 -0.00019640228216775607 2 0.5968661308288574
0.828 2 -0.00020356732468503535 2 0.6418983936309814
0.828 3 -0.00023975535427183555 2 0.8361260890960693
0.828 4 -0.0004476830322701503 2 0.4409472942352295
0.836 0 0.0003383264417825997 2 0.5101397037506104
0.836 1 0.0005845354656398757 2 0.43398189544677734
0.836 2 -0.00042239988129308696 2 0.4176013469696045
0.836 3 -0.0002262893286772898 2 0.3800473213195801
0.836 4 0.00035679930259820093 2 0.6118180751800537
0.844 0 -0.00023893806168824062 2 0.5892589092254639
0.844 1 -0.00025314243407522437 2 0.5399768352508545
0.844 2 -9.39885719733586e-05 2 0.5797975063323975
0.844 3 -0.00024313762091459197 2 0.48015403747558594
0.844 4 0.002056279377885957 2 0.524855375289917
0.852 0 -0.00011231323954596281 2 0.5840716361999512
0.852 1 -0.00012387440005707178 2 0.5736098289489746
0.852 2 -0.0002414968877013958 2 0.47895050048828125
0.852 3 -0.00022101514424571815 2 0.5266973972320557
0.852 4 -0.00023058349367284086 2 0.5254120826721191
0.86 0 -0.00012478474355704335 2 0.6303057670593262
0.86 1 -4.883017457240676e-05 2 0.5653448104858398
0.86 2 -0.00012465326621302164 2 0.5290408134460449
0.86 3 0.0007656320435818633 2 0.4669628143310547
0.86 4 0.0009344302668051511 2 0.5721826553344727
0.868 0 -0.00019788682459143377 2 0.325725793838501
0.868 1 0.0001104209108368412 2 0.5439918041229248
0.868 2 1.1984854928645927e-05 2 0.6151032447814941
0.868 3 -0.00016751820055455673 2 0.4642484188079834
0.868 4 -0.00021465301523810402 2 0.5119352340698242
0.876 0 -0.00011226327598333533 2 0.5691297054290771
0.876 1 0.00032748060188537314 2 0.6127417087554932
0.876 2 -3.997105816481837e-06 2 0.4767935276031494
0.876 3 0.0005858596814847028 2 0.47914981842041016
0.876 4 0.0014772202369189914 2 0.5191802978515625
0.884 0 -0.00012088354284899006 2 0.5191812515258789
0.884 1 0.0006660604034740657 2 0.6843454837799072
0.884 2 0.0007390142109112115 2 0.5298142433166504
0.884 3 -0.00013022226925206548 2 0.506758451461792
0.884 4 -0.00024318061469164655 2 0.539086103439331
0.892 0 0.00013025149668483937 2 0.5388221740722656
0.892 1 0.00034286266848645644 2 0.37917160987854004
0.892 2 -0.0002454462492077877 2 0.8469705581665039
0.892 3 0.0005641066453291055 2 0.4503488540649414
0.892 4 -1.93832629800095e-05 2 0.5018670558929443
0.9 0 -0.0004473107480132344 2 0.4288492202758789
0.9 1 0.0004717053268045642 2 0.6825811862945557
0.9 2 -7.788695992852995e-05 2 0.4415583610534668
0.9 3 0.0002874998506830918 2 0.540123462677002
0.9 4 -0.0002092897111789364 2 0.48624181747436523
