0.40800000000000003 0 0.23637701278177198 2 1856.6180102825165
0.40800000000000003 1 0.14162789200229228 3 1369.206563949585
0.40800000000000003 2 0.2334250274325366 2 1289.7776980400085
0.40800000000000003 3 0.2268770414909877 2 1121.210901260376
0.40800000000000003 4 0.23059016582433114 2 991.9664885997772
0.404 0 0.2457041488635561 2 3083.8321669101715
0.404 1 0.14601079832811037 3 2837.790770292282
0.404 2 0.2470810806413195 2 2693.125628232956
0.404 3 0.2366035801418221 2 1138.3140559196472
0.404 4 0.24234313854511644 2 1432.5588171482086
0.402 0 0.1581006321798441 3 1085.679268836975
0.402 1 0.15513954532459526 3 3436.2104444503784
0.402 2 0.24577701562038168 2 2771.57071185112
0.402 3 0.24399226245185757 2 2426.9503746032715
0.402 4 0.2579301285721233 2 2212.525530099869
0.41200000000000003 0 0.22643889181083313 2 844.4049971103668
0.41200000000000003 1 0.21346994061785673 2 1123.3529262542725
0.41200000000000003 2 0.23223645927751438 2 1497.9701311588287
0.41200000000000003 3 0.22040713590496214 2 1361.1652727127075
0.41200000000000003 4 0.22623928786461706 2 1394.7936968803406
0.406 0 0.15243732867121712 3 2626.5540025234222
0.406 1 0.14815715492371273 3 2322.2997510433197
0.406 2 0.23299879404159707 2 3725.959304332733
0.406 3 0.14456457325909575 3 2085.3020734786987
0.406 4 0.23683634680033733 2 2315.963388442993
0.41000000000000003 0 0.2311773795910564 2 2558.115667104721
0.41000000000000003 1 0.13653018801372546 3 2839.2862491607666
0.41000000000000003 2 0.22746591676637634 2 3391.4203951358795
0.41000000000000003 3 0.21932175090908262 2 2954.530827522278
0.41000000000000003 4 0.22458078375946292 2 2228.61114358902
0.4 0 0.1592083230552055 3 3498.0186927318573
0.4 1 0.2669425068806319 2 3087.0740683078766
0.4 2 0.2575741519902724 2 3860.0841677188873
0.4 3 0.2493621841132209 2 3410.7048678398132
0.4 4 0.2508050019604856 2 3066.300367116928
0.41800000000000004 0 0.21638930849238533 2 1245.1796667575836
0.41800000000000004 1 0.20493485894048222 2 790.6472144126892
0.41800000000000004 2 0.208731012844742 2 1072.562849521637
0.41800000000000004 3 0.2118411539835631 2 1094.586885690689
0.41800000000000004 4 0.13206159972222317 3 1443.1207950115204
0.41400000000000003 0 0.22404903513269084 2 1698.6884927749634
0.41400000000000003 1 0.22764202733168964 2 2619.063900947571
0.41400000000000003 2 0.22599704173204754 2 1938.2720856666565
0.41400000000000003 3 0.2143792078897947 2 1576.9125554561615
0.41400000000000003 4 0.20401329034175508 2 2158.8418996334076
0.42600000000000005 0 0.17661949536251653 2 1110.3242802619934
0.42600000000000005 1 0.18302147244236353 2 995.8668775558472
0.42600000000000005 2 0.17060312212815995 2 1004.0409135818481
0.42600000000000005 3 0.17125365104439638 2 1706.146236896515
0.42600000000000005 4 0.1764195998158597 2 1594.3682088851929
0.42000000000000004 0 0.19871418382124528 2 2119.2790796756744
0.42000000000000004 1 0.1976370438522866 2 2070.709973335266
0.42000000000000004 2 0.1331127593987186 3 2145.8817870616913
0.42000000000000004 3 0.19732526533353317 2 3322.543697834015
0.42000000000000004 4 0.20462783369377185 2 2805.1026055812836
0.41600000000000004 0 0.21919563144488335 2 3168.10387635231
0.41600000000000004 1 0.21129133474960843 2 2368.413332939148
0.41600000000000004 2 0.22081824846137507 2 1877.9296565055847
0.41600000000000004 3 0.2075184934497014 2 3017.279100894928
0.41600000000000004 4 0.13615850727167 3 3591.0531554222107
0.428 0 0.18744022723853487 2 1558.4697654247284
0.428 1 0.17210880415593546 2 1422.1451470851898
0.428 2 0.18197631702302244 2 2192.611893415451
0.428 3 0.18205889296854605 2 1957.3334839344025
0.428 4 0.18497085190212054 2 1476.182412147522
0.42200000000000004 0 0.1929024364459512 2 4362.363636016846
0.42200000000000004 1 0.19272158921552415 2 3868.054316997528
0.42200000000000004 2 0.1293814781643248 3 2961.1304268836975
0.42200000000000004 3 0.19565333726693518 2 2207.939090490341
0.42200000000000004 4 0.19846638098215125 2 2852.587293624878
0.42400000000000004 0 0.19235635949693863 2 3337.3976237773895
0.42400000000000004 1 0.1264102716525374 3 2828.8621728420258
0.42400000000000004 2 0.12893198907946202 3 3098.0741131305695
0.42400000000000004 3 0.18614984088565284 2 1992.2419111728668
0.42400000000000004 4 0.1924254883195722 2 4233.1493146419525
0.43 0 0.18032741954695372 2 1366.4118361473083
0.43 1 0.15285622843142652 2 2410.8032705783844
0.43 2 0.11431151480113932 3 1601.590936422348
0.43 3 0.10112948541315481 3 1561.920716047287
0.43 4 0.17139861697609288 2 1100.7162392139435
0.434 0 0.10798562986953475 3 2819.34250664711
0.434 1 0.1508375030776052 2 2121.307666540146
0.434 2 0.17100421856473813 2 2566.451668739319
0.434 3 0.1576580151430288 2 1811.8827250003815
0.434 4 0.10558698583174285 3 2338.5539190769196
0.436 0 0.09010186785851627 3 1814.597395658493
0.436 1 0.15247332526108615 2 2342.5261042118073
0.436 2 0.09868565925454029 3 1460.3529374599457
0.436 3 0.15145790884598634 2 1168.0653760433197
0.436 4 0.07989249474859256 4 1691.311797618866
0.432 0 0.1697704472262241 2 3173.6285717487335
0.432 1 0.1674290625619624 2 3383.4032456874847
0.432 2 0.17046836394316842 2 2695.406200647354
0.432 3 0.16256990675625638 2 2212.7435071468353
0.432 4 0.188705021631806 2 2704.87361741066
0.442 0 0.08912989931222262 3 1328.7254302501678
0.442 1 0.1389320683132206 2 1747.6510245800018
0.442 2 0.08720952971458582 3 1158.7631649971008
0.442 3 0.13645698037156162 2 1534.2947492599487
0.442 4 0.11856950979535112 2 1948.353000164032
0.446 0 0.13053121418043348 2 1212.6106314659119
0.446 1 0.12518666881156604 2 1258.3507852554321
0.446 2 0.12600060264053808 2 1260.9380066394806
0.446 3 0.12597709961797238 2 1024.7850878238678
0.446 4 0.08241933761079416 3 1021.405081987381
0.438 0 0.15959745694203495 2 3921.5571846961975
0.438 1 0.13242555858926705 2 2780.994947195053
0.438 2 0.14941134724961286 2 2362.8841083049774
0.438 3 0.15689451619994682 2 3061.820770740509
0.438 4 0.09933460844485266 3 2112.503128051758
0.44 0 0.09419082783540858 3 3654.004191637039
0.44 1 0.12940821643592423 2 2337.3072123527527
0.44 2 0.15129418974633582 2 3330.496792078018
0.44 3 0.1364666431224349 2 2420.8156197071075
0.44 4 0.09624122833378579 3 2467.7353055477142
0.45 0 0.10956571487445288 2 1544.2562654018402
0.45 1 0.11218954955399565 2 1315.0654895305634
0.45 2 0.10669010654029287 2 1416.858829498291
0.45 3 0.10324057117501453 2 1553.1417911052704
0.45 4 0.07865761764082065 3 916.046293258667
0.444 0 0.07601363124460225 3 2883.7692482471466
0.444 1 0.13335133712776967 2 3435.7401802539825
0.444 2 0.07870831718869745 3 3220.1670818328857
0.444 3 0.12053638084430036 2 2083.372625350952
0.444 4 0.08246928421879134 3 2298.032672405243
0.458 0 0.10591594669135014 2 1324.3050503730774
0.458 1 0.10222418463604165 2 1302.1376457214355
0.458 2 0.07287468084666862 3 1006.0629160404205
0.458 3 0.09933258930154822 2 871.386887550354
0.458 4 0.07622099484866222 2 1573.0696153640747
0.452 0 0.11493803081905947 2 1519.1284627914429
0.452 1 0.11010397822873266 2 1571.0699570178986
0.452 2 0.10919570377967833 2 1745.500819683075
0.452 3 0.07924995847409583 2 2769.887448310852
0.452 4 0.0939314048193725 2 1899.9727094173431
0.448 0 0.06983414360373279 3 4437.479188680649
0.448 1 0.12073326428587758 2 3462.195458650589
0.448 2 0.07077478391483726 3 4315.445406913757
0.448 3 0.10715385723484779 2 3048.9842784404755
0.448 4 0.07970640732854589 3 2802.0030608177185
0.454 0 0.09135189560242492 2 3999.856854200363
0.454 1 0.06415228736975621 3 2754.1725149154663
0.454 2 0.059037840717537926 3 2929.2922608852386
0.454 3 0.05967286082174429 3 1998.737457036972
0.454 4 0.11188317728041398 2 2593.3390004634857
0.462 0 0.0659394436219453 2 1361.9100680351257
0.462 1 0.06456067055938891 2 1427.3815259933472
0.462 2 0.08201988503724006 2 818.9717752933502
0.462 3 0.07856969064664997 2 1203.028065919876
0.462 4 0.09631962974132864 2 1682.4646282196045
0.464 0 0.08720891166998063 2 1736.397047996521
0.464 1 0.06870450472527714 2 1444.8791015148163
0.464 2 0.04894882235819113 2 1778.5388579368591
0.464 3 0.05818399452454485 2 1988.7064287662506
0.464 4 0.07801888711312707 2 1432.5714616775513
0.456 0 0.05419471068869964 3 3446.6807866096497
0.456 1 0.0629915832025333 3 3653.222378730774
0.456 2 0.0670612500092883 3 4046.3978164196014
0.456 3 0.05954693678545067 3 3505.0954184532166
0.456 4 0.10784678977035037 2 3324.6039412021637
0.46 0 0.08530425683834614 2 3046.4696502685547
0.46 1 0.08380446786046719 2 2797.464043855667
0.46 2 0.07233427526248767 2 2657.013380765915
0.46 3 0.09512836950319303 2 3127.607407093048
0.46 4 0.05749486386222551 3 3227.133484363556
0.47000000000000003 0 0.04765777562104608 3 1511.8480939865112
0.47000000000000003 1 0.054804977503028346 2 1657.8328769207
0.47000000000000003 2 0.039458948444356205 3 1280.0300278663635
0.47000000000000003 3 0.05829479076847575 2 1711.7126371860504
0.47000000000000003 4 0.07401335308918691 2 1436.2883877754211
0.472 0 0.08719361855572196 2 1076.664989233017
0.472 1 0.03534115855278874 3 1747.020345211029
0.472 2 0.05616858339876192 2 1439.1295120716095
0.472 3 0.061715615535577535 2 1513.9978568553925
0.472 4 0.06687281383963407 2 1434.9595234394073
0.466 0 0.048490797126207554 2 2776.6749925613403
0.466 1 0.07477653892258503 2 3349.4026782512665
0.466 2 0.05264257388223823 2 1974.2720639705658
0.466 3 0.06195786767292771 2 3806.8953850269318
0.466 4 0.086266552161307 2 2804.373910665512
0.478 0 0.026195888168199857 2 898.9501292705536
0.478 1 0.036681910344855344 2 1731.1092357635498
0.478 2 0.02446289116843885 2 804.8436396121979
0.478 3 0.030868399294151225 2 1210.2382731437683
0.478 4 0.05541200586283953 2 1533.967785358429
0.468 0 0.04529772806409421 2 3672.049150943756
0.468 1 0.06305162428574977 2 3446.9915585517883
0.468 2 0.06233043895232562 2 3609.3777883052826
0.468 3 0.05773828115743633 2 3273.230920791626
0.468 4 0.053455353192347385 3 2431.8173925876617
0.48 0 0.02957614176678805 2 1114.0388958454132
0.48 1 0.021847713242319048 2 1535.9693295955658
0.48 2 0.04317514482218148 2 1257.7108612060547
0.48 3 0.0 1 1514.2735376358032
0.48 4 0.06147400145474745 2 1672.3327832221985
0.474 0 0.03882818534589413 2 3750.5533940792084
0.474 1 0.044689451081831186 2 2624.010948896408
0.474 2 0.050853541653983834 2 2668.528342962265
0.474 3 0.03374992776593493 3 3185.589481830597
0.474 4 0.04513185791275045 3 2288.7206180095673
0.484 0 0.0 1 886.248464345932
0.484 1 0.04152908667477583 2 1016.3633151054382
0.484 2 0.04150525685671982 2 1119.8690087795258
0.484 3 -1.4347497788804715e-05 2 923.0039699077606
0.484 4 0.03667967748726654 2 1546.1262390613556
0.488 0 0.0008040498261029089 2 1968.3423056602478
0.488 1 0.01742004357543863 3 2056.6122324466705
0.488 2 0.030936479439513016 2 1805.770209312439
0.488 3 0.02012005288071201 2 1174.9016621112823
0.488 4 0.0 1 1424.7848191261292
0.492 0 0.0 1 825.8873379230499
0.492 1 0.008210105383185206 2 849.6540412902832
0.492 2 0.013566381531243451 2 891.2719111442566
0.492 3 0.0 1 1598.3454308509827
0.492 4 0.012929582855354695 2 1579.9340720176697
0.476 0 0.055947990771851044 2 3644.653619289398
0.476 1 0.05253870517148765 2 3522.5747096538544
0.476 2 0.044584871995903934 3 3614.4097685813904
0.476 3 0.04471621636669592 2 4294.117982149124
0.476 4 0.04471251068669875 2 4144.715154886246
0.482 0 0.04976765446097535 2 4310.917269229889
0.482 1 0.0 1 3643.6837480068207
0.482 2 0.025241491020653574 2 3961.7620770931244
0.482 3 0.03931889839618326 2 3567.3827397823334
0.482 4 0.029726988918865913 2 3052.3648858070374
0.486 0 0.04434785455187677 2 3092.5661861896515
0.486 1 0.0 1 3744.0056829452515
0.486 2 0.0 1 2659.6110112667084
0.486 3 0.0 1 3145.882448196411
0.486 4 0.023564028301341876 2 3476.7942366600037
0.496 0 0.0 1 1040.9831113815308
0.496 1 0.021877366288466895 2 1567.416439294815
0.496 2 0.0 1 1262.4689891338348
0.496 3 -1.2116577062316187e-05 2 1798.2091484069824
0.496 4 0.0 1 973.1549904346466
0.494 0 0.006564487110405654 3 2088.276124715805
0.494 1 0.0 1 1098.576560497284
0.494 2 0.0 1 1456.511062860489
0.494 3 0.0 1 943.0306658744812
0.494 4 0.020928125521682966 3 1664.9672355651855
0.49 0 1.923826042539023e-06 2 3809.4390172958374
0.49 1 0.0 1 3482.414942264557
0.49 2 0.0 1 3016.960979938507
0.49 3 0.007386904948438098 2 3053.5243508815765
0.49 4 0.0 1 2486.141681432724
0.504 0 0.0 1 1415.5425946712494
0.504 1 -2.2890274169863793e-05 2 929.6631977558136
0.504 2 -2.35851210270909e-05 2 1023.5977530479431
0.504 3 0.0 1 684.7675244808197
0.504 4 -6.490206423896927e-06 2 1129.6332750320435
0.498 0 0.0 1 2624.4053518772125
0.498 1 0.021326874699680864 2 4094.9222922325134
0.498 2 0.0 1 2564.628313064575
0.498 3 0.0 1 2720.136056661606
0.498 4 0.0 1 2257.158406019211
0.506 0 0.0 1 1865.4103152751923
0.506 1 0.0 1 1250.0949461460114
0.506 2 0.01503815770744762 2 2482.222933769226
0.506 3 0.0 1 788.6100869178772
0.506 4 0.01631198340578945 2 1849.750773191452
0.51 0 0.0017808093504724258 2 941.7208862304688
0.51 1 -2.2495028562826282e-05 2 1836.653804063797
0.51 2 0.014276960416509884 2 1074.461676120758
0.51 3 -2.3659525187172558e-05 2 1212.5287547111511
0.51 4 -9.218998497071462e-06 2 861.8664650917053
0.502 0 -7.86826436039778e-06 2 2629.9302747249603
0.502 1 0.017236961215682384 2 2446.385060071945
0.502 2 0.0 1 2231.543069124222
0.502 3 0.0 1 2968.077878713608
0.502 4 0.0 1 2733.208079099655
0.514 0 0.005197302812513959 4 1421.339971780777
0.514 1 0.0 1 1482.8126833438873
0.514 2 0.0 1 1237.4974975585938
0.514 3 0.0 1 1239.7735078334808
0.514 4 0.00017958993612347376 2 1354.9163076877594
0.5 0 0.00020131974518965867 2 3825.5954411029816
0.5 1 0.01716808188585977 2 3986.0861265659332
0.5 2 0.0 1 2749.7802045345306
0.5 3 0.0 1 2803.2453837394714
0.5 4 0.0 1 2905.880315542221
0.516 0 0.001115104490254553 2 1316.8974936008453
0.516 1 -1.8391216428140343e-05 2 1337.8645067214966
0.516 2 0.0 1 1326.179387331009
0.516 3 0.0 1 1014.2386429309845
0.516 4 0.0 1 1661.8824977874756
0.508 0 0.0003554317464028538 2 2951.124800682068
0.508 1 0.004840533684743745 2 3901.518632173538
0.508 2 0.0 1 2836.472714662552
0.508 3 0.0 1 2657.271696329117
0.508 4 -1.9417135597343443e-05 2 2549.31418299675
0.524 0 0.0 1 1211.3124175071716
0.524 1 0.0 1 945.8756325244904
0.524 2 -6.429107090387479e-06 3 1012.9290156364441
0.524 3 -2.0119637621379993e-05 2 1138.9537239074707
0.524 4 0.0 1 1361.7986204624176
0.512 0 0.0 1 2686.3946390151978
0.512 1 7.380110908963541e-06 2 2937.19189119339
0.512 2 -3.527700765789253e-06 2 2831.413102388382
0.512 3 0.0032391841180262927 3 3411.3012948036194
0.512 4 0.0 1 3573.849550008774
0.52 0 0.0 1 1839.2495510578156
0.52 1 0.0 1 1771.5081715583801
0.52 2 0.00750909032372621 2 1672.16108584404
0.52 3 0.0 1 1546.9418106079102
0.52 4 0.0036229426931410143 2 1744.0456516742706
0.518 0 0.0 1 4118.211547136307
0.518 1 0.0 1 4300.770819425583
0.518 2 0.0 1 3053.321314573288
0.518 3 -2.2200346590559723e-05 2 2499.3823144435883
0.518 4 0.0 1 2217.222408771515
0.528 0 -1.3991630865248539e-05 2 1016.3602659702301
0.528 1 0.0 1 1270.1215827465057
0.528 2 0.0 1 1605.1402957439423
0.528 3 0.0 1 920.8738720417023
0.528 4 -1.1720640884552206e-05 2 1247.3758342266083
0.532 0 0.0 1 1411.8276603221893
0.532 1 0.0011849700653027932 2 1361.9022362232208
0.532 2 -1.726261462778869e-05 2 2031.7894356250763
0.532 3 0.0 1 1526.892873287201
0.532 4 0.0 1 1585.4841554164886
0.522 0 3.353222332285917e-05 2 3905.736793756485
0.522 1 0.0 1 2394.672374725342
0.522 2 0.0 1 4213.214018583298
0.522 3 0.00011453297013779315 3 3184.5463361740112
0.522 4 0.002727402485500187 2 3261.149563074112
0.526 0 7.868143451526534e-05 2 3446.0546481609344
0.526 1 7.376577832745717e-06 2 5501.126215696335
0.526 2 -2.28894251467755e-05 2 3090.51056098938
0.526 3 0.00112671422390545 2 3163.3702285289764
0.526 4 0.0 1 3499.891993522644
0.536 0 0.0 1 930.0329916477203
0.536 1 0.00047715745985917545 3 1315.649188041687
0.536 2 0.0 1 1310.2498171329498
0.536 3 0.0 1 2010.4086482524872
0.536 4 0.0 1 1967.8403890132904
0.53 0 0.0 1 4494.806694030762
0.53 1 0.0 1 3418.8813631534576
0.53 2 0.0 1 2164.689445257187
0.53 3 0.0 1 2947.89998626709
0.53 4 0.0014123496964574419 3 1531.3277914524078
0.538 0 0.0 1 1778.1035785675049
0.538 1 0.0 1 1447.8205518722534
0.538 2 0.0 1 1918.0747635364532
0.538 3 0.0 1 841.5177133083344
0.538 4 0.0010142033444885882 2 1250.0553908348083
0.534 0 0.0 1 1952.7969617843628
0.534 1 0.0 1 2548.812607526779
0.534 2 0.0 1 2401.2815792560577
0.534 3 0.0009925701774138548 2 3321.5023081302643
0.534 4 -2.3227183221797902e-05 2 1923.1043365001678
0.544 0 0.0 1 2197.9393734931946
0.544 1 0.0 1 1273.0694525241852
0.544 2 0.0 1 1006.912835597992
0.544 3 0.0 1 1322.1092202663422
0.544 4 0.0 1 1020.9988105297089
0.548 0 0.0 1 1541.2881524562836
0.548 1 0.0 1 1324.8937661647797
0.548 2 -2.4018672695592192e-05 2 2271.9743480682373
0.548 3 0.0 1 1702.4364721775055
0.548 4 0.0 1 1483.3591701984406
0.54 0 0.0 1 3559.5801060199738
0.54 1 0.0 1 2653.0300607681274
0.54 2 0.0 1 3439.725376844406
0.54 3 0.0 1 3475.867126226425
0.54 4 -1.7262615826318164e-05 2 3726.3035888671875
0.552 0 -2.3842349256363193e-05 2 1201.0971887111664
0.552 1 0.00017960673858019637 2 1647.693460226059
0.552 2 -2.276433625244562e-05 2 1598.1659944057465
0.552 3 0.0 1 1299.0307216644287
0.552 4 0.0 1 1168.5007326602936
0.542 0 0.0 1 3581.590541124344
0.542 1 0.0008939575315201767 2 4300.409956455231
0.542 2 0.0 1 3027.3479297161102
0.542 3 -2.4043592052655017e-05 2 2619.730603456497
0.542 4 0.0 1 1747.8707129955292
0.546 0 0.0 1 2110.016206264496
0.546 1 0.0 1 2631.7439198493958
0.546 2 0.0 1 4793.366607427597
0.546 3 0.0 1 2973.148324728012
0.546 4 0.0 1 2528.473644733429
0.554 0 0.0 1 1343.8397841453552
0.554 1 -2.3931861615244767e-05 2 1618.1065266132355
0.554 2 0.0 1 2010.8923642635345
0.554 3 0.0 1 1638.0217835903168
0.554 4 0.0 1 1245.114027261734
0.558 0 0.0 1 1276.758338689804
0.558 1 3.683257809669774e-06 2 876.0048286914825
0.558 2 0.00029220260920027836 2 840.6395092010498
0.558 3 -8.782363452637566e-06 2 1260.4326057434082
0.558 4 0.0 1 1049.0538771152496
0.55 0 2.76907523795424e-05 2 2820.243398666382
0.55 1 0.0 1 3942.194091796875
0.55 2 0.0 1 1871.1493127346039
0.55 3 0.0 1 3950.083996295929
0.55 4 0.0 1 3229.885272502899
0.5660000000000001 0 0.00028214392965141965 2 1521.8599321842194
0.5660000000000001 1 0.0 1 772.2613370418549
0.5660000000000001 2 0.0 1 1082.3513309955597
0.5660000000000001 3 0.0 1 875.8395981788635
0.5660000000000001 4 -2.2494973021835032e-05 2 1245.6326625347137
0.5640000000000001 0 0.0 1 1553.6513953208923
0.5640000000000001 1 0.0 1 1664.4064548015594
0.5640000000000001 2 0.0 1 1850.9663801193237
0.5640000000000001 3 0.0 1 1398.884503364563
0.5640000000000001 4 0.0 1 1830.7602410316467
0.556 0 -9.217134087878735e-06 2 3445.5200753211975
0.556 1 0.0 1 2861.8838415145874
0.556 2 0.0 1 3081.013458967209
0.556 3 0.0 1 2569.9840216636658
0.556 4 0.0 1 2706.0815777778625
0.57 0 -1.3261341419010411e-05 2 1048.8485705852509
0.57 1 0.0 1 771.0515122413635
0.57 2 3.091408882961906e-06 3 1002.1643109321594
0.57 3 0.0 1 1179.7558586597443
0.57 4 0.0007180189829267943 2 1668.3682520389557
0.56 0 -7.878131684427707e-06 2 3222.9256567955017
0.56 1 0.0 1 3170.2135186195374
0.56 2 0.0 1 3320.3421754837036
0.56 3 0.0 1 3610.9403116703033
0.56 4 0.0 1 3072.830060005188
0.572 0 0.0 1 1184.5948045253754
0.572 1 0.0 1 1502.228667497635
0.572 2 0.0 1 1436.694973707199
0.572 3 0.0 1 1459.946282863617
0.572 4 0.0 1 1255.6413419246674
0.562 0 0.0 1 3737.5099337100983
0.562 1 0.0 1 3051.6942393779755
0.562 2 0.0 1 2532.9427857398987
0.562 3 0.0 1 3139.8011078834534
0.562 4 0.00021144178183175283 2 5237.486283779144
0.568 0 0.0 1 3037.2645637989044
0.568 1 0.0 1 3899.429072380066
0.568 2 4.2878139729206e-06 2 2257.9146404266357
0.568 3 0.0 1 3536.45685172081
0.568 4 0.0 1 3096.225949048996
0.576 0 0.0 1 1103.4134097099304
0.576 1 0.0 1 1201.5429351329803
0.576 2 0.0 1 1192.4743022918701
0.576 3 0.0 1 1478.8597514629364
0.576 4 0.0 1 934.7435510158539
0.586 0 -4.529547508681994e-06 2 900.9391634464264
0.586 1 0.0 1 1036.7305467128754
0.586 2 -2.0763686434432886e-05 2 1151.5700619220734
0.586 3 0.0 1 967.1788172721863
0.586 4 0.0 1 1092.823980331421
0.58 0 0.0 1 1443.4424872398376
0.58 1 0.0 1 1436.6856334209442
0.58 2 0.0 1 1785.0771627426147
0.58 3 0.0 1 2426.0413715839386
0.58 4 0.0 1 3241.372321128845
0.574 0 -5.035400139765302e-06 2 3186.2604632377625
0.574 1 0.00018438930289880944 3 3193.253025531769
0.574 2 -1.3991792941822953e-05 2 3252.807532787323
0.574 3 0.0 1 4485.037436962128
0.574 4 0.00023288953478654755 2 3940.9299697875977
0.588 0 0.0 1 677.5929117202759
0.588 1 0.0 1 1064.4505789279938
0.588 2 -1.5377477863014863e-05 2 869.8867981433868
0.588 3 0.0 1 1285.1619906425476
0.588 4 0.0 1 1548.1257727146149
0.578 0 -2.2495708152174166e-05 2 3126.7651677131653
0.578 1 0.0 1 2856.044448852539
0.578 2 0.0 1 2865.2862854003906
0.578 3 0.0 1 4193.742478132248
0.578 4 0.0 1 2807.8161160945892
0.582 0 0.0 1 3426.2114021778107
0.582 1 0.0 1 3477.3444216251373
0.582 2 0.0 1 3239.842274427414
0.582 3 0.0 1 2804.145452260971
0.582 4 0.0 1 2070.792708158493
0.59 0 0.0 1 1567.482036113739
0.59 1 0.0 1 1507.5690841674805
0.59 2 0.0 1 923.0332617759705
0.59 3 -1.1316719156190334e-05 2 1776.5510149002075
0.59 4 0.0 1 1822.8159353733063
0.594 0 0.0 1 1204.2627267837524
0.594 1 0.0 1 1026.6783859729767
0.594 2 0.0 1 1069.444551706314
0.594 3 -1.2504301129381002e-05 2 926.219929933548
0.594 4 0.0 1 1234.3468747138977
0.584 0 0.0 1 4782.3511736392975
0.584 1 0.0 1 3887.759089231491
0.584 2 0.0 1 2616.1081104278564
0.584 3 0.0 1 3845.4916915893555
0.584 4 0.0 1 2185.024092435837
0.6 0 0.0 1 1359.1265542507172
0.6 1 0.0 1 671.5761125087738
0.6 2 -1.3261326484412112e-05 2 954.0335001945496
0.6 3 0.0 1 1026.3454821109772
0.6 4 0.0 1 851.4965484142303
0.596 0 0.0 1 2451.707948446274
0.596 1 0.00028027712410957163 2 3212.364211320877
0.596 2 0.0 1 1387.0101642608643
0.596 3 0.00010420571583017768 2 1773.4124615192413
0.596 4 0.0 1 730.2939803600311
0.598 0 0.0 1 3685.1593084335327
0.598 1 -1.9417141804089013e-05 2 1776.840849161148
0.598 2 0.0 1 1307.904777765274
0.598 3 0.0 1 702.691967010498
0.598 4 8.018796628603526e-06 2 778.0691282749176
0.592 0 0.0 1 3660.312753677368
0.592 1 4.1616221302482385e-05 2 3346.9330899715424
0.592 2 0.0 1 2694.9473099708557
0.592 3 4.338627979407516e-05 2 1978.3887495994568
0.592 4 0.0 1 475.2184567451477
