0.3 0 0.23718245474512778 3 1601.4559378623962
0.3 1 0.23452490622319203 3 2529.456928253174
0.3 2 0.2283317561604149 3 2344.8282129764557
0.3 3 0.1750308419467543 4 2938.222158908844
0.3 4 0.24182595279866423 3 2449.30254983902
0.304 0 0.22412473613855857 3 3079.9813344478607
0.304 1 0.22831834768922274 3 3325.8574554920197
0.304 2 0.21907002123402095 3 3161.4329776763916
0.304 3 0.1691241841824012 4 4065.4649300575256
0.304 4 0.22443642221507573 3 3879.4384150505066
0.31 0 0.19842648625078116 3 2658.1670043468475
0.31 1 0.21094380732300533 3 3325.38343000412
0.31 2 0.1950795264969221 3 4417.228294372559
0.31 3 0.19275067203502633 3 3791.237389087677
0.31 4 0.19891271012785863 3 3628.382045507431
0.312 0 0.18953030239583632 3 3946.399918794632
0.312 1 0.1919570278589837 3 4813.316587924957
0.312 2 0.18712276164520034 3 2893.5473618507385
0.312 3 0.1404772168604137 4 3640.5902020931244
0.312 4 0.1915858406812507 3 2768.93634057045
0.306 0 0.21446210409004593 3 3952.790940761566
0.306 1 0.2213926273948714 3 3633.5549142360687
0.306 2 0.20987560789790707 3 3449.71901845932
0.306 3 0.16556963493322435 4 3831.5011253356934
0.306 4 0.21998399266778482 3 3193.6069531440735
0.302 0 0.22926079528009874 3 2873.2229108810425
0.302 1 0.23420128984456554 3 5004.0623598098755
0.302 2 0.22637007555704958 3 3527.5316610336304
0.302 3 0.1735820989612322 4 3593.668652534485
0.302 4 0.23021596457137042 3 3250.787112236023
0.308 0 0.20685524572045494 3 3754.9679894447327
0.308 1 0.21451512975766948 3 4303.343040704727
0.308 2 0.1988133413481769 3 4818.27246260643
0.308 3 0.15596607963350964 4 4219.668865680695
0.308 4 0.207448481727406 3 3881.6682019233704
0.316 0 0.12822141375990254 4 1903.08225274086
0.316 1 0.17251743914569015 3 2886.6599731445312
0.316 2 0.1843243048621751 3 2104.7639288902283
0.316 3 0.13656384298612348 4 2262.6127138137817
0.316 4 0.1709207793132698 3 2109.0683767795563
0.314 0 0.18211422974168884 3 6263.44079208374
0.314 1 0.18463525651226848 3 5969.535925388336
0.314 2 0.177690089575373 3 4539.61718249321
0.314 3 0.18097756297044065 3 6075.185626745224
0.314 4 0.1812201016005161 3 4056.071846961975
0.32 0 0.1468847726953383 3 3883.0156605243683
0.32 1 0.1543512265361323 3 4523.9356553554535
0.32 2 0.1598912217529823 3 2118.3450417518616
0.32 3 0.12388209958178867 4 2636.98975276947
0.32 4 0.1440743972327077 3 2533.975055217743
0.322 0 0.11456542140773762 4 2859.2739264965057
0.322 1 0.15230128240381258 3 3001.7752306461334
0.322 2 0.16515591270101482 3 3111.4542434215546
0.322 3 0.1604898179971133 3 3878.4465806484222
0.322 4 0.14768923898240086 3 3163.2830064296722
0.326 0 0.09303778396615045 4 4938.7640645504
0.326 1 0.1406957016218991 3 3592.8249049186707
0.326 2 0.13649752830259698 3 4219.2466921806335
0.326 3 0.14247965460040318 3 3127.1455883979797
0.326 4 0.12275698748890665 3 2746.1160836219788
0.318 0 0.15687421790878314 3 3450.7971942424774
0.318 1 0.1657240961059608 3 3409.4832293987274
0.318 2 0.17009517220607623 3 4347.310361862183
0.318 3 0.17345931687472047 3 3233.864144563675
0.318 4 0.15001090866786004 3 5091.6792459487915
0.32999999999999996 0 0.09649863814420953 4 4152.306008577347
0.32999999999999996 1 0.10933415840645817 3 2850.610027074814
0.32999999999999996 2 0.11136812351391152 3 2977.7735686302185
0.32999999999999996 3 0.1124473947895425 3 2517.7748358249664
0.32999999999999996 4 0.095825207274566 3 1772.7665421962738
0.324 0 0.1355737135283596 3 3476.9871366024017
0.324 1 0.14251942930636632 3 3567.403128385544
0.324 2 0.14180833469526344 3 3576.117481470108
0.324 3 0.11952039463070566 4 5126.7163054943085
0.324 4 0.1280997429399975 3 4610.678113698959
0.328 0 0.08340895483985816 4 3544.9680120944977
0.328 1 0.12980976001297406 3 4318.4580364227295
0.328 2 0.12743509862256336 3 3875.4017066955566
0.328 3 0.1385545131601632 3 3875.2305822372437
0.328 4 0.11139148796691682 3 3587.9148893356323
0.33199999999999996 0 0.08735169595862673 4 2772.274398326874
0.33199999999999996 1 0.12061044356024088 3 3110.8970539569855
0.33199999999999996 2 0.13852692353778046 3 3108.2555084228516
0.33199999999999996 3 0.11835087695515263 3 2921.7976808547974
0.33199999999999996 4 0.1143715371211324 3 2805.1727056503296
0.33399999999999996 0 0.08811547940609318 4 2793.984131336212
0.33399999999999996 1 0.07230050691478816 4 3529.4813289642334
0.33399999999999996 2 0.10272676457313008 3 3648.798388004303
0.33399999999999996 3 0.09065474121978827 3 2868.844492673874
0.33399999999999996 4 0.08442990436565687 3 2453.02783203125
0.34199999999999997 0 0.0883369132646181 3 2289.1684086322784
0.34199999999999997 1 0.07251453741067991 3 2445.0532870292664
0.34199999999999997 2 0.060689080037784615 3 2500.0096728801727
0.34199999999999997 3 0.08817110747027286 3 1795.6008565425873
0.34199999999999997 4 0.033366576872349014 3 2432.5060935020447
0.33599999999999997 0 0.08416179555815899 4 4376.681179285049
0.33599999999999997 1 0.08751373060019003 3 2941.125722169876
0.33599999999999997 2 0.09838570102274799 3 3891.314606666565
0.33599999999999997 3 0.0745708262300131 3 2893.822503566742
0.33599999999999997 4 0.04911327690696386 3 2470.1904118061066
0.33999999999999997 0 0.09089634464893787 3 2541.965352296829
0.33999999999999997 1 0.06899255062604852 3 2423.2998456954956
0.33999999999999997 2 0.08747281418194502 3 3542.261228084564
0.33999999999999997 3 0.04874954055191615 3 3114.1772356033325
0.33999999999999997 4 0.03597840306383584 3 3062.1140489578247
0.33799999999999997 0 0.09502791866880106 3 3214.1118910312653
0.33799999999999997 1 0.051794506924007166 2 2644.9606368541718
0.33799999999999997 2 0.07911582612215234 3 3172.5526990890503
0.33799999999999997 3 0.08683297829920118 3 3575.293026447296
0.33799999999999997 4 0.0954139298511573 3 3203.25155711174
0.344 0 0.06523388557428286 4 3824.364867210388
0.344 1 0.05508868893177645 3 2912.036635875702
0.344 2 0.05256701380123015 2 3966.3257315158844
0.344 3 0.06868599079320684 3 2672.8069167137146
0.344 4 0.06843250976408664 3 3742.6154577732086
0.348 0 0.04569513926559294 2 3587.0571353435516
0.348 1 0.009986768652293702 3 2729.404869556427
0.348 2 0.04666951761902072 3 2744.791152715683
0.348 3 0.06094690810723001 3 2199.3526203632355
0.348 4 0.06939306078537912 3 2813.0080716609955
0.346 0 0.056334433856275706 4 4184.526746034622
0.346 1 0.038214665327950335 2 3375.5628480911255
0.346 2 0.04086982619313724 3 3646.2071125507355
0.346 3 0.06004716724880899 3 4133.400300502777
0.346 4 0.059458031161996196 3 4436.306327581406
0.352 0 0.01940761653375642 2 2268.7064015865326
0.352 1 0.026424953459876787 3 2313.593204975128
0.352 2 0.023870851397672158 2 2408.4303874969482
0.352 3 0.009329662581574494 3 2117.9545879364014
0.352 4 0.038797714040737535 3 2333.9998297691345
0.35 0 0.07512666238316829 3 3318.3210487365723
0.35 1 0.03281284089986532 2 2214.102066516876
0.35 2 0.03364365728942949 2 2756.4457643032074
0.35 3 0.03369246165193241 2 2362.54083442688
0.35 4 0.04407554051228752 3 1918.1385130882263
0.354 0 0.03929521598206263 3 2370.2258620262146
0.354 1 0.023496052094448248 2 2327.484155893326
0.354 2 0.0 1 2443.275932788849
0.354 3 0.036651820973980356 2 2836.734826564789
0.354 4 -3.5867823772222644e-05 2 2437.24915933609
0.356 0 0.02732772949721319 2 3756.6842963695526
0.356 1 0.01630864771308386 3 2543.5061724185944
0.356 2 0.0 1 3538.266139268875
0.356 3 0.027359920921991007 2 3335.094291448593
0.356 4 -3.5961934978248364e-05 2 2893.5216159820557
0.362 0 0.012018549373072144 2 2966.8882791996
0.362 1 0.0218674135261366 2 2366.774521589279
0.362 2 0.0171616641407172 2 3581.4362552165985
0.362 3 0.0 1 1821.253913640976
0.362 4 0.0 1 2048.5525097846985
0.36 0 0.0 1 3191.696806907654
0.36 1 0.018561839254885925 2 4328.826122522354
0.36 2 0.0 1 3967.840336084366
0.36 3 0.0 1 2274.8285748958588
0.36 4 0.015999252753036024 2 2039.2654886245728
0.358 0 0.027324166610235488 4 5057.777689933777
0.358 1 0.017408707652474785 2 4349.9340896606445
0.358 2 0.01690999096399634 2 3733.391504049301
0.358 3 0.0 1 3086.2187399864197
0.358 4 0.014350390138704532 2 2653.145383119583
0.366 0 0.0 1 2371.5426790714264
0.366 1 -3.5986793669831527e-06 2 2350.713104248047
0.366 2 0.0 1 2908.828396320343
0.366 3 0.017868538105012 2 2755.020385980606
0.366 4 0.030944321090479517 2 2298.907222032547
0.37 0 1.0312882984659103e-05 2 2283.181774377823
0.37 1 0.011616335701055384 2 2228.274249315262
0.37 2 0.010611570787000093 2 2720.438688993454
0.37 3 -2.6309652418778024e-05 2 1980.294162273407
0.37 4 0.0 1 2991.706646680832
0.368 0 0.005926141013913548 2 3131.1541147232056
0.368 1 0.0 1 2797.2614274024963
0.368 2 0.012296131483280287 3 3224.256062746048
0.368 3 0.0 1 3167.527602672577
0.368 4 0.007053407146722569 3 2758.839327096939
0.364 0 0.01574240471201712 3 5664.965391397476
0.364 1 0.01746864920136808 2 3913.0762865543365
0.364 2 0.011564897578417842 2 5072.3270218372345
0.364 3 0.0 1 3923.304581642151
0.364 4 0.007394927986150663 2 2805.9271705150604
0.374 0 0.003360798524380157 2 3072.510872364044
0.374 1 0.0 1 2191.9183263778687
0.374 2 0.0 1 1806.5526344776154
0.374 3 -2.1458631347281733e-05 2 2650.921667098999
0.374 4 0.0 1 3807.832343816757
0.372 0 0.007761482737084445 3 2731.0861303806305
0.372 1 0.0 1 3237.606764793396
0.372 2 0.0 1 3176.5264506340027
0.372 3 0.0 1 3069.2524411678314
0.372 4 0.0 1 3472.13468337059
0.376 0 0.0033901293095641894 2 3237.155650615692
0.376 1 0.009988689000138693 2 2921.7790672779083
0.376 2 0.0 1 2484.1652019023895
0.376 3 0.0 1 3785.5365595817566
0.376 4 0.0009581388443331233 2 2779.6182255744934
0.38 0 0.006580964892247257 3 3474.3754773139954
0.38 1 -2.092268569156514e-05 2 2326.2693741321564
0.38 2 0.0 1 3025.964633703232
0.38 3 0.0 1 2817.0097670555115
0.38 4 0.0007101141359389372 2 2945.7978756427765
0.382 0 0.0023860410693064744 2 2737.1247334480286
0.382 1 0.0013866919785980188 2 1809.2945697307587
0.382 2 0.0 1 2752.4304444789886
0.382 3 0.0 1 2840.3430490493774
0.382 4 0.0 1 2712.3284363746643
0.378 0 0.0 1 3136.7618634700775
0.378 1 0.0 1 3969.3270013332367
0.378 2 0.0 1 3039.802387237549
0.378 3 0.0 1 4245.999669790268
0.378 4 0.0 1 3262.3367490768433
0.384 0 -3.119333290299584e-05 2 2901.6125826835632
0.384 1 0.0 1 2946.717418909073
0.384 2 0.0 1 3364.3698859214783
0.384 3 0.0 1 2474.103169441223
0.384 4 0.002885632484695082 2 2262.807002544403
0.388 0 0.0 1 2991.445167541504
0.388 1 0.0016194138807172822 2 3452.369217634201
0.388 2 0.0 1 2400.6078629493713
0.388 3 0.005095886921847049 2 2489.1968128681183
0.388 4 0.0 1 3070.3359344005585
0.386 0 0.0 1 2963.3278238773346
0.386 1 -2.9332877079647137e-05 2 4203.071910858154
0.386 2 0.0 1 3878.1617209911346
0.386 3 0.0 1 2462.0623931884766
0.386 4 0.0029148224695266472 2 2372.039496898651
0.394 0 0.0 1 2072.0881810188293
0.394 1 2.0681040546835065e-05 3 2847.0146703720093
0.394 2 0.0 1 2069.6521112918854
0.394 3 0.0030473200678416447 2 2423.784546136856
0.394 4 0.0007250907713881547 3 2690.63862323761
0.39 0 0.0 1 3950.2413494586945
0.39 1 0.001801257878095673 2 2690.649581670761
0.39 2 0.0 1 4608.073908090591
0.39 3 0.0038916297218106414 2 3464.842800617218
0.39 4 0.0 1 2975.2939200401306
0.396 0 0.0035057700588421756 2 2486.963078022003
0.396 1 0.0037802843948344287 2 2314.1224999427795
0.396 2 0.0 1 4073.87348651886
0.396 3 0.0 1 2522.1785867214203
0.396 4 -1.6937864194774733e-06 2 2264.297885656357
0.392 0 0.0 1 2932.23038482666
0.392 1 0.0 1 2997.8030104637146
0.392 2 0.0 1 3154.326428413391
0.392 3 0.0034924233854026873 2 3555.6979818344116
0.392 4 0.0010597128930472685 2 2995.10666847229
0.4 0 -2.913926977139806e-05 2 3329.277086019516
0.4 1 0.004026631967657257 2 3244.3609380722046
0.4 2 0.0 1 2825.6175498962402
0.4 3 0.0 1 2989.675599336624
0.4 4 0.0008357997440482476 2 2727.440750837326
0.398 0 0.0 1 4128.179666042328
0.398 1 0.0 1 3453.111993074417
0.398 2 0.0 1 2846.976977825165
0.398 3 0.0 1 3231.341029882431
0.398 4 0.0 1 3040.2175674438477
0.402 0 0.0 1 3355.8647603988647
0.402 1 0.0042744293049957575 2 2946.5926468372345
0.402 2 0.0 1 3011.872095346451
0.402 3 0.0010358464324268777 2 2415.7599935531616
0.402 4 -5.087018700586963e-06 2 2200.6406424045563
0.404 0 0.0 1 3613.6786229610443
0.404 1 0.0 1 3406.2128784656525
0.404 2 0.0 1 3125.0869047641754
0.404 3 0.0 1 2427.9101333618164
0.404 4 -3.0404504404779598e-05 2 2406.1828470230103
0.40599999999999997 0 0.0013894533444046746 2 2709.481717824936
0.40599999999999997 1 0.0 1 2857.1314878463745
0.40599999999999997 2 -7.73653869883371e-06 2 3063.882133960724
0.40599999999999997 3 1.5526641228982865e-06 2 2829.0352470874786
0.40599999999999997 4 0.00024124725793909547 2 2515.9293355941772
0.408 0 0.0 1 3088.9300575256348
0.408 1 0.0029979676303427153 2 2609.0672256946564
0.408 2 -2.692580896093291e-05 2 2789.41814827919
0.408 3 0.0 1 2610.9136865139008
0.408 4 0.0 1 2564.648498773575
0.41 0 0.0 1 2235.8697414398193
0.41 1 0.0 1 2411.4774816036224
0.41 2 0.0 1 3100.565146923065
0.41 3 0.0 1 2261.372184276581
0.41 4 0.0 1 4087.3721611499786
0.412 0 0.0 1 3351.893937110901
0.412 1 -2.687709812127507e-05 2 3661.9067389965057
0.412 2 -2.452537658415542e-05 2 3615.819813966751
0.412 3 0.0 1 3337.969870328903
0.412 4 -3.18781174660775e-05 2 3620.5146691799164
0.414 0 0.0 1 2171.396179676056
0.414 1 -2.0139289003034216e-05 2 3410.1468176841736
0.414 2 0.0010008970927532813 2 3386.536233663559
0.414 3 0.0 1 2742.357233762741
0.414 4 0.0 1 3219.769950389862
0.416 0 0.0 1 2962.2886834144592
0.416 1 6.490199345162705e-05 2 3560.3817744255066
0.416 2 0.0 1 4143.2995064258575
0.416 3 -3.667088643982226e-05 2 2921.261250257492
0.416 4 0.002016187477594916 2 4094.8855895996094
0.418 0 0.0 1 2743.077481031418
0.418 1 0.0 1 4202.756577968597
0.418 2 0.0 1 2956.396235704422
0.418 3 0.001041987689926568 2 2210.889664888382
0.418 4 -3.720737358544958e-05 2 2325.277931213379
0.422 0 0.0005676069721271932 2 2880.2014186382294
0.422 1 0.0 1 2734.669228553772
0.422 2 -2.871267470789729e-05 2 1327.212079524994
0.422 3 0.0 1 2057.997657775879
0.422 4 0.0 1 2083.123436689377
0.42 0 0.0 1 2372.819408893585
0.42 1 0.0001184143950925317 4 3766.90092086792
0.42 2 0.0 1 3128.028729200363
0.42 3 0.0 1 3075.566422700882
0.42 4 0.000731551927836704 2 4314.216898918152
0.426 0 0.0 1 2722.9125604629517
0.426 1 0.00030525797156805823 2 2201.589457511902
0.426 2 0.000465446385411273 2 2856.334912776947
0.426 3 0.0 1 2943.7796025276184
0.426 4 0.0 1 2999.4068791866302
0.424 0 0.0 1 3380.0871322155
0.424 1 -4.878892167297334e-06 2 3220.7827656269073
0.424 2 0.0 1 3739.8826897144318
0.424 3 0.0 1 4513.773607492447
0.424 4 0.0 1 3869.321948289871
0.43 0 -1.3972445976590286e-05 2 3475.7392115592957
0.43 1 0.0 1 3184.2896842956543
0.43 2 0.00011769917341259987 2 2538.4678888320923
0.43 3 0.0 1 1583.7264423370361
0.43 4 0.0 1 2666.4383783340454
0.428 0 0.0 1 3201.6271114349365
0.428 1 0.0 1 2489.1837956905365
0.428 2 0.0 1 4189.513387441635
0.428 3 0.001416791476734523 3 2989.944338798523
0.428 4 -2.8712758309568637e-05 2 3309.0143990516663
0.436 0 0.00246462268626828 2 2739.241144657135
0.436 1 -6.358047436323751e-07 2 3628.4001381397247
0.436 2 0.0 1 2589.5434250831604
0.436 3 0.0 1 2151.833519220352
0.436 4 0.0 1 2735.2087574005127
0.434 0 0.0005653261486423119 3 3428.166340827942
0.434 1 -1.3539357010109979e-05 2 2618.063949108124
0.434 2 0.0 1 1972.4270703792572
0.434 3 0.0 1 3249.510388612747
0.434 4 -2.3215677174274795e-05 2 3305.720556974411
0.432 0 0.0 1 2587.2147476673126
0.432 1 0.0 1 2977.094560623169
0.432 2 0.0 1 3904.0633594989777
0.432 3 0.0 1 4291.236388683319
0.432 4 0.0 1 3850.2355132102966
0.44 0 0.0 1 1960.7038798332214
0.44 1 0.0 1 3088.0930514335632
0.44 2 0.0 1 2655.2388575077057
0.44 3 0.0 1 2580.614071369171
0.44 4 0.0011779167919563434 2 1639.7882022857666
0.444 0 0.0 1 1612.1032643318176
0.444 1 0.0 1 2790.168179988861
0.444 2 0.0 1 2884.6716022491455
0.444 3 0.0 1 2283.593368291855
0.444 4 0.0 1 2022.1579718589783
0.438 0 -3.29496566657651e-05 2 4380.714314937592
0.438 1 -2.6043601853428986e-05 2 3628.7272119522095
0.438 2 0.0 1 2535.1239790916443
0.438 3 0.0 1 4592.227185487747
0.438 4 0.0 1 2870.6672539711
0.442 0 0.0003941315603335901 3 4055.5939452648163
0.442 1 -3.3009792678522934e-05 2 3269.670337200165
0.442 2 -3.0300447812606825e-05 2 2771.2211298942566
0.442 3 0.0 1 3169.063663482666
0.442 4 -1.8438963382121045e-05 2 2728.678177833557
0.44599999999999995 0 0.0 1 3008.2602167129517
0.44599999999999995 1 6.130648745625411e-05 3 2246.1676309108734
0.44599999999999995 2 0.0 1 3053.6783401966095
0.44599999999999995 3 0.0 1 4360.0652067661285
0.44599999999999995 4 0.0 1 3416.5739068984985
0.44999999999999996 0 0.0 1 2235.448400259018
0.44999999999999996 1 0.0 1 2882.2588748931885
0.44999999999999996 2 0.0 1 2990.5531187057495
0.44999999999999996 3 0.00031789750462270434 3 3450.0939857959747
0.44999999999999996 4 0.0 1 1657.4165523052216
0.45399999999999996 0 0.0 1 2146.2262732982635
0.45399999999999996 1 -9.765526986662584e-06 2 2645.1744287014008
0.45399999999999996 2 -2.674783598105723e-05 2 2271.5670425891876
0.45399999999999996 3 0.0 1 2346.5081696510315
0.45399999999999996 4 0.0 1 2944.69868516922
0.44799999999999995 0 0.0 1 2918.699443101883
0.44799999999999995 1 4.360450125299148e-06 2 2490.333039522171
0.44799999999999995 2 0.0 1 4207.411293745041
0.44799999999999995 3 0.0 1 3449.271596431732
0.44799999999999995 4 0.0 1 3029.5594913959503
0.45599999999999996 0 0.0 1 1518.4722096920013
0.45599999999999996 1 0.0 1 3208.8200232982635
0.45599999999999996 2 -3.242866288479958e-05 2 2449.937465429306
0.45599999999999996 3 0.0 1 2506.3567550182343
0.45599999999999996 4 -8.421290328379615e-06 2 3334.1209280490875
0.45199999999999996 0 3.4267919925956905e-05 2 4812.268276453018
0.45199999999999996 1 -3.716803418050808e-06 2 3652.55006980896
0.45199999999999996 2 0.0 1 3783.3331265449524
0.45199999999999996 3 5.3917929351132586e-06 2 4272.9688975811005
0.45199999999999996 4 0.0 1 3432.3371891975403
0.45799999999999996 0 -1.4999559092340544e-05 2 4123.405877828598
0.45799999999999996 1 0.0 1 2955.5784227848053
0.45799999999999996 2 0.0 1 2512.9737977981567
0.45799999999999996 3 -2.71942098247743e-05 2 3612.517290353775
0.45799999999999996 4 0.0 1 2536.0060484409332
0.46399999999999997 0 0.0 1 2489.724320411682
0.46399999999999997 1 0.0 1 2025.135731458664
0.46399999999999997 2 0.0 1 2401.8025619983673
0.46399999999999997 3 0.0 1 2968.754365682602
0.46399999999999997 4 0.0 1 2228.8072781562805
0.45999999999999996 0 -2.2887169660950182e-05 2 2588.343219280243
0.45999999999999996 1 0.0 1 2860.3567593097687
0.45999999999999996 2 2.8570792214759203e-06 2 2371.700967311859
0.45999999999999996 3 0.0003705324978882948 2 3844.949364900589
0.45999999999999996 4 0.0005263463639046528 2 3679.0518198013306
0.46199999999999997 0 0.0 1 2856.213770866394
0.46199999999999997 1 0.0009307684270280155 3 3167.7951004505157
0.46199999999999997 2 0.0 1 3417.210633277893
0.46199999999999997 3 0.0 1 3901.2562799453735
0.46199999999999997 4 0.0 1 3214.9929049015045
0.46599999999999997 0 0.0006853623367809021 2 3302.7630882263184
0.46599999999999997 1 0.0 1 3714.853950023651
0.46599999999999997 2 -3.040450035182401e-05 2 3082.255604505539
0.46599999999999997 3 0.0 1 3507.7621648311615
0.46599999999999997 4 0.0 1 1892.5191614627838
0.46799999999999997 0 0.0 1 3720.24866771698
0.46799999999999997 1 1.967880952747735e-06 2 3023.783938884735
0.46799999999999997 2 0.0 1 2821.238743543625
0.46799999999999997 3 -3.6214051393688285e-05 2 3223.482547521591
0.46799999999999997 4 0.0 1 2489.541915655136
0.47 0 0.00024104247862566762 2 2285.1780908107758
0.47 1 0.0 1 2041.025384426117
0.47 2 0.0 1 3488.309044599533
0.47 3 0.0 1 2392.793032646179
0.47 4 1.002968727137684e-05 2 2521.665383577347
0.478 0 0.0 1 2860.5416553020477
0.478 1 0.0 1 3333.1862795352936
0.478 2 0.0 1 2443.8904135227203
0.478 3 0.0 1 3113.72279047966
0.478 4 0.0 1 2648.0647735595703
0.472 0 0.0 1 4295.684878587723
0.472 1 0.0 1 3741.5076236724854
0.472 2 0.0 1 3011.9107666015625
0.472 3 0.0 1 4027.9996411800385
0.472 4 0.0 1 3628.115335226059
0.474 0 0.0 1 3144.75110411644
0.474 1 0.00020108754983317524 2 4123.896439790726
0.474 2 0.0006620158869508803 2 3589.7527017593384
0.474 3 -3.4964210395823606e-05 2 4218.871691703796
0.474 4 0.0006297869439236203 2 2738.438153028488
0.476 0 -1.4551036102701983e-05 2 3704.086616754532
0.476 1 0.0 1 3123.0399277210236
0.476 2 0.0 1 2643.6215121746063
0.476 3 0.0 1 4321.8339784145355
0.476 4 -1.6983775623444533e-05 2 3045.6310789585114
0.482 0 0.0 1 2496.159299135208
0.482 1 6.172592802732312e-05 2 2813.142468690872
0.482 2 -3.315946973701506e-05 2 2389.4974994659424
0.482 3 0.0 1 2926.0229892730713
0.482 4 0.0 1 2380.3771934509277
0.486 0 0.0 1 2026.2785954475403
0.486 1 -1.7113246783651823e-05 2 2098.9231674671173
0.486 2 0.0 1 2229.5279309749603
0.486 3 0.00048138500888850096 2 3215.88614654541
0.486 4 0.0 1 1932.7910423278809
0.48 0 0.0 1 3352.4703323841095
0.48 1 0.0 1 3191.4841690063477
0.48 2 0.0 1 2257.514302253723
0.48 3 0.0 1 3064.3347549438477
0.48 4 0.0 1 3659.6734302043915
0.484 0 -2.0464721519999923e-07 2 3223.7477807998657
0.484 1 0.0 1 2292.340740919113
0.484 2 0.0 1 3557.67630982399
0.484 3 0.0 1 3111.5399713516235
0.484 4 -1.549945012101392e-06 3 2764.258468389511
0.488 0 0.0 1 2880.9396443367004
0.488 1 0.0 1 2374.569648504257
0.488 2 0.0002175550976369283 2 2827.832600593567
0.488 3 0.0 1 2066.3989684581757
0.488 4 0.0 1 2123.6236612796783
0.494 0 0.0 1 2688.103059530258
0.494 1 0.0 1 2398.422463417053
0.494 2 -2.2544901659828503e-05 2 2781.0814752578735
0.494 3 0.0 1 1556.5398318767548
0.494 4 0.00012707122921814254 2 2154.7022609710693
0.492 0 0.0 1 2435.825611591339
0.492 1 0.0 1 3159.497456550598
0.492 2 0.0 1 3046.590378522873
0.492 3 0.0 1 2549.211631298065
0.492 4 0.0 1 2217.14746761322
0.496 0 0.0 1 2660.485548734665
0.496 1 0.00035223992098120223 2 1804.926994562149
0.496 2 0.0 1 2420.950301170349
0.496 3 0.0 1 2484.882353782654
0.496 4 0.0 1 1956.2974724769592
0.498 0 -2.321362809545233e-05 2 2139.4850940704346
0.498 1 0.0 1 3210.6654675006866
0.498 2 0.0 1 4178.728761434555
0.498 3 0.0 1 1530.5000047683716
0.498 4 3.1176252590984046e-05 2 448.06870436668396
0.49 0 4.4189003577319085e-05 2 3781.9140276908875
0.49 1 0.0 1 3372.916855096817
0.49 2 -2.5507788137166124e-05 2 3730.7919709682465
0.49 3 0.0 1 2743.6675322055817
0.49 4 0.0 1 1188.2420763969421
0.5 0 0.0 1 3534.4076306819916
0.5 1 0.00020368720174072116 2 3863.5157256126404
0.5 2 0.0 1 2521.02525639534
0.5 3 5.8125900090060865e-05 2 665.1643159389496
0.5 4 -1.4589679738068446e-05 2 103.00318455696106
