0.4102564102564103 0 0.433763209438471 2
0.4102564102564103 1 0.43758419869865545 2
0.4102564102564103 2 0.6572373895017843 2
0.4102564102564103 3 0.0 1
0.4102564102564103 4 0.501190349526497 2
0.4102564102564103 5 0.49692049675694044 2
0.4102564102564103 6 0.7559202555796879 2
0.4102564102564103 7 0.6701392955273148 2
0.4102564102564103 8 0.5275443048699059 2
0.4102564102564103 9 0.6322976674068046 2
0.4102564102564103 10 0.5980264653628166 2
0.4102564102564103 11 0.3515392782605944 2
0.4102564102564103 12 0.5785114900512232 2
0.4102564102564103 13 0.0 1
0.4102564102564103 14 0.0 1
0.4102564102564103 15 0.6572373895017843 2
0.4102564102564103 16 0.806544631545166 2
0.4102564102564103 17 0.0 1
0.4102564102564103 18 0.0 1
0.4102564102564103 19 0.6080864365663023 2
0.4102564102564103 20 0.7245153084203911 2
0.4102564102564103 21 0.27770311046142787 2
0.4102564102564103 22 0.6272831386244587 2
0.4102564102564103 23 0.0 1
0.4102564102564103 24 0.6572373895017843 2
0.4102564102564103 25 0.5003217598627517 2
0.4102564102564103 26 0.6399520592597279 2
0.4102564102564103 27 0.36222569989642606 2
0.4102564102564103 28 0.806544631545166 2
0.4102564102564103 29 0.6701392955273148 2
0.4102564102564103 30 -0.007087974007297234 2
0.4102564102564103 31 0.0 1
0.4102564102564103 32 0.6572373895017843 2
0.4102564102564103 33 0.0 1
0.4102564102564103 34 0.6322976674068046 2
0.4102564102564103 35 0.0 1
0.4102564102564103 36 0.4388653321124502 2
0.4102564102564103 37 0.0 1
0.4102564102564103 38 0.6894791494633864 2
0.4102564102564103 39 0.0 1
0.4307692307692308 0 0.6080864365663023 2
0.4307692307692308 1 0.4686069584125657 2
0.4307692307692308 2 0.0 1
0.4307692307692308 3 0.3048300852934661 2
0.4307692307692308 4 0.0 1
0.4307692307692308 5 0.2935775923094545 2
0.4307692307692308 6 0.32412299393247274 2
0.4307692307692308 7 0.0 1
0.4307692307692308 8 0.0 1
0.4307692307692308 9 0.361607819725907 2
0.4307692307692308 10 0.0 1
0.4307692307692308 11 0.6746161775765513 2
0.4307692307692308 12 0.0 1
0.4307692307692308 13 0.0 1
0.4307692307692308 14 0.6399520592597279 2
0.4307692307692308 15 0.0 1
0.4307692307692308 16 0.0 1
0.4307692307692308 17 0.44923484596999275 2
0.4307692307692308 18 0.0 1
0.4307692307692308 19 0.0 1
0.4307692307692308 20 0.0 1
0.4307692307692308 21 0.361607819725907 2
0.4307692307692308 22 0.4604409864283399 2
0.4307692307692308 23 0.37234636062327015 2
0.4307692307692308 24 0.0 1
0.4307692307692308 25 0.0 1
0.4307692307692308 26 0.4686069584125657 2
0.4307692307692308 27 0.578511490051223 2
0.4307692307692308 28 0.0 1
0.4307692307692308 29 0.0 1
0.4307692307692308 30 0.44923484596999275 2
0.4307692307692308 31 0.6399520592597279 2
0.4307692307692308 32 0.0 1
0.4307692307692308 33 0.763108324572318 2
0.4307692307692308 34 0.3859961607848056 2
0.4307692307692308 35 0.537389906898252 2
0.4307692307692308 36 0.45489591419463615 2
0.4307692307692308 37 0.5248719204559841 2
0.4307692307692308 38 0.0 1
0.4307692307692308 39 0.49692049675694044 2
0.4205128205128205 0 0.0 1
0.4205128205128205 1 0.48457337259094396 2
0.4205128205128205 2 0.32412299393247274 2
0.4205128205128205 3 0.7592561769713603 2
0.4205128205128205 4 0.0 1
0.4205128205128205 5 0.6572373895017843 2
0.4205128205128205 6 0.39415825283893874 2
0.4205128205128205 7 0.0 1
0.4205128205128205 8 0.0 1
0.4205128205128205 9 0.43299394103476013 3
0.4205128205128205 10 0.0 1
0.4205128205128205 11 0.6080864365663023 2
0.4205128205128205 12 0.0 1
0.4205128205128205 13 0.5728775906815547 2
0.4205128205128205 14 0.361010709563694 2
0.4205128205128205 15 0.8335429056980596 2
0.4205128205128205 16 0.6322976674068047 2
0.4205128205128205 17 0.412949191660473 2
0.4205128205128205 18 0.4135457434141304 2
0.4205128205128205 19 0.6399520592597279 2
0.4205128205128205 20 0.0 1
0.4205128205128205 21 0.0 1
0.4205128205128205 22 0.6964105874134144 2
0.4205128205128205 23 0.33771649146422245 2
0.4205128205128205 24 0.0 1
0.4205128205128205 25 0.0 1
0.4205128205128205 26 0.4031277339372631 2
0.4205128205128205 27 0.6399520592597279 2
0.4205128205128205 28 0.4667336772399775 2
0.4205128205128205 29 0.0 1
0.4205128205128205 30 0.6964105874134144 2
0.4205128205128205 31 0.5992540218462625 2
0.4205128205128205 32 0.0 1
0.4205128205128205 33 -0.004757408881161006 2
0.4205128205128205 34 0.0 1
0.4205128205128205 35 0.0 1
0.4205128205128205 36 0.0 1
0.4205128205128205 37 0.42554090859106564 2
0.4205128205128205 38 0.4686069584125657 2
0.4205128205128205 39 0.6746161775765515 2
0.4 0 0.0 1
0.4 1 0.0 1
0.4 2 0.5665601694729498 2
0.4 3 0.4054828693657024 3
0.4 4 0.7128426776147977 2
0.4 5 0.412949191660473 2
0.4 6 0.8335429056980596 2
0.4 7 0.7266881418253447 2
0.4 8 0.5508642506256433 2
0.4 9 0.5479412648671743 2
0.4 10 0.2864760597286233 2
0.4 11 0.510152038605472 2
0.4 12 0.484573372590944 2
0.4 13 0.20031965891665782 2
0.4 14 0.24410476697985728 3
0.4 15 0.7946207065282216 2
0.4 16 0.6894791494633864 2
0.4 17 0.66806173804014 2
0.4 18 0.0 1
0.4 19 0.0 1
0.4 20 0.0 1
0.4 21 0.43758419869865545 2
0.4 22 0.0 1
0.4 23 0.6572373895017843 2
0.4 24 0.6746161775765513 2
0.4 25 0.6399520592597279 2
0.4 26 0.5299387237037455 2
0.4 27 0.6572373895017843 2
0.4 28 0.6894791494633864 2
0.4 29 0.8065446315451662 2
0.4 30 0.6572373895017843 2
0.4 31 0.524274379174 2
0.4 32 0.7266881418253447 2
0.4 33 0.0 1
0.4 34 0.0 1
0.4 35 0.5665601694729498 2
0.4 36 0.3859961607848056 2
0.4 37 0.5248719204559841 2
0.4 38 0.4667336772399775 2
0.4 39 0.0 1
0.44102564102564107 0 0.0 1
0.44102564102564107 1 0.0 1
0.44102564102564107 2 0.578511490051223 2
0.44102564102564107 3 0.7128426776147976 2
0.44102564102564107 4 0.8065446315451662 2
0.44102564102564107 5 0.39430024565673844 2
0.44102564102564107 6 0.0 1
0.44102564102564107 7 0.6746161775765513 2
0.44102564102564107 8 0.44923484596999286 2
0.44102564102564107 9 0.0 1
0.44102564102564107 10 0.0 1
0.44102564102564107 11 0.0 1
0.44102564102564107 12 0.0 1
0.44102564102564107 13 0.6399520592597279 2
0.44102564102564107 14 0.0 1
0.44102564102564107 15 0.5508642506256433 2
0.44102564102564107 16 0.4031277339372631 2
0.44102564102564107 17 0.0 1
0.44102564102564107 18 0.0 1
0.44102564102564107 19 0.0 1
0.44102564102564107 20 0.0 1
0.44102564102564107 21 0.5101520386054721 2
0.44102564102564107 22 0.0 1
0.44102564102564107 23 0.0 1
0.44102564102564107 24 0.6322976674068046 2
0.44102564102564107 25 0.36593525291373435 2
0.44102564102564107 26 0.6746161775765513 2
0.44102564102564107 27 0.3158987685833929 2
0.44102564102564107 28 0.501190349526497 2
0.44102564102564107 29 0.0 1
0.44102564102564107 30 0.7128426776147976 2
0.44102564102564107 31 0.0 1
0.44102564102564107 32 0.0 1
0.44102564102564107 33 0.0 1
0.44102564102564107 34 0.44223840914383106 2
0.44102564102564107 35 0.510152038605472 2
0.44102564102564107 36 0.0 1
0.44102564102564107 37 0.0 1
0.44102564102564107 38 0.7128426776147977 2
0.44102564102564107 39 0.6399520592597279 2
0.46153846153846156 0 0.0 1
0.46153846153846156 1 0.0 1
0.46153846153846156 2 0.4686069584125657 2
0.46153846153846156 3 0.0 1
0.46153846153846156 4 0.4388653321124502 2
0.46153846153846156 5 0.0 1
0.46153846153846156 6 0.47438027498553004 2
0.46153846153846156 7 0.0 1
0.46153846153846156 8 0.0 1
0.46153846153846156 9 0.0 1
0.46153846153846156 10 0.49692049675694044 2
0.46153846153846156 11 0.0 1
0.46153846153846156 12 0.39430024565673844 2
0.46153846153846156 13 0.5728775906815547 2
0.46153846153846156 14 0.0 1
0.46153846153846156 15 0.24543574115116687 2
0.46153846153846156 16 0.5248719204559841 2
0.46153846153846156 17 0.2953860855705559 2
0.46153846153846156 18 0.36593525291373435 2
0.46153846153846156 19 0.0 1
0.46153846153846156 20 0.26242748019593903 2
0.46153846153846156 21 0.0 1
0.46153846153846156 22 0.37234636062327015 2
0.46153846153846156 23 0.0 1
0.46153846153846156 24 0.0 1
0.46153846153846156 25 0.0 1
0.46153846153846156 26 0.412949191660473 2
0.46153846153846156 27 0.0 1
0.46153846153846156 28 0.0 1
0.46153846153846156 29 0.22009268137256144 2
0.46153846153846156 30 0.0 1
0.46153846153846156 31 0.0 1
0.46153846153846156 32 0.35643233183345213 2
0.46153846153846156 33 0.4667336772399775 2
0.46153846153846156 34 0.0 1
0.46153846153846156 35 0.3129184741251456 2
0.46153846153846156 36 0.0 1
0.46153846153846156 37 0.0 1
0.46153846153846156 38 0.3444526735878948 2
0.46153846153846156 39 0.0 1
0.4512820512820513 0 0.0 1
0.4512820512820513 1 0.0 1
0.4512820512820513 2 0.0 1
0.4512820512820513 3 0.4158631172854935 2
0.4512820512820513 4 0.0 1
0.4512820512820513 5 0.0 1
0.4512820512820513 6 0.0 1
0.4512820512820513 7 0.5980264653628166 2
0.4512820512820513 8 0.0 1
0.4512820512820513 9 0.49692049675694044 2
0.4512820512820513 10 0.33992524083459313 2
0.4512820512820513 11 0.0 1
0.4512820512820513 12 0.0 1
0.4512820512820513 13 0.5275443048699059 2
0.4512820512820513 14 0.0 1
0.4512820512820513 15 0.0 1
0.4512820512820513 16 0.33992524083459313 2
0.4512820512820513 17 0.41145085870799497 2
0.4512820512820513 18 0.0 1
0.4512820512820513 19 0.66806173804014 2
0.4512820512820513 20 0.44923484596999286 2
0.4512820512820513 21 0.4516863099690369 3
0.4512820512820513 22 0.0 1
0.4512820512820513 23 0.0 1
0.4512820512820513 24 0.0 1
0.4512820512820513 25 0.6272831386244587 2
0.4512820512820513 26 0.0 1
0.4512820512820513 27 0.5665601694729498 2
0.4512820512820513 28 0.0 1
0.4512820512820513 29 0.41754065356161485 2
0.4512820512820513 30 0.0 1
0.4512820512820513 31 0.0 1
0.4512820512820513 32 0.3887104336742041 2
0.4512820512820513 33 0.0 1
0.4512820512820513 34 0.0 1
0.4512820512820513 35 0.0 1
0.4512820512820513 36 0.5980264653628166 2
0.4512820512820513 37 0.0 1
0.4512820512820513 38 0.5275443048699059 2
0.4512820512820513 39 0.0 1
0.4717948717948718 0 0.0 1
0.4717948717948718 1 0.0 1
0.4717948717948718 2 0.0 1
0.4717948717948718 3 0.0 1
0.4717948717948718 4 0.0 1
0.4717948717948718 5 0.4686069584125657 2
0.4717948717948718 6 0.0 1
0.4717948717948718 7 -0.004757408881161006 2
0.4717948717948718 8 0.0 1
0.4717948717948718 9 0.0 1
0.4717948717948718 10 0.0 1
0.4717948717948718 11 0.0 1
0.4717948717948718 12 0.0 1
0.4717948717948718 13 0.0 1
0.4717948717948718 14 0.0 1
0.4717948717948718 15 0.2532310560040159 2
0.4717948717948718 16 0.0 1
0.4717948717948718 17 0.560989803493885 2
0.4717948717948718 18 0.0 1
0.4717948717948718 19 0.0 1
0.4717948717948718 20 0.0 1
0.4717948717948718 21 0.0 1
0.4717948717948718 22 0.0 1
0.4717948717948718 23 0.0 1
0.4717948717948718 24 0.0 1
0.4717948717948718 25 0.0 1
0.4717948717948718 26 0.5992540218462625 2
0.4717948717948718 27 0.0 1
0.4717948717948718 28 0.0 1
0.4717948717948718 29 0.0 1
0.4717948717948718 30 0.0 1
0.4717948717948718 31 0.0 1
0.4717948717948718 32 0.0 1
0.4717948717948718 33 0.0 1
0.4717948717948718 34 0.0 1
0.4717948717948718 35 0.45489591419463615 2
0.4717948717948718 36 0.0 1
0.4717948717948718 37 0.37234636062327015 2
0.4717948717948718 38 0.0 1
0.4717948717948718 39 0.0 1
0.48205128205128206 0 0.0 1
0.48205128205128206 1 0.0 1
0.48205128205128206 2 0.0 1
0.48205128205128206 3 0.0 1
0.48205128205128206 4 0.0 1
0.48205128205128206 5 0.0 1
0.48205128205128206 6 0.0 1
0.48205128205128206 7 0.0 1
0.48205128205128206 8 0.0 1
0.48205128205128206 9 0.0 1
0.48205128205128206 10 0.19896762074350263 2
0.48205128205128206 11 0.5609898034938849 2
0.48205128205128206 12 0.0 1
0.48205128205128206 13 0.0 1
0.48205128205128206 14 0.0 1
0.48205128205128206 15 0.0 1
0.48205128205128206 16 0.0 1
0.48205128205128206 17 0.0 1
0.48205128205128206 18 0.0 1
0.48205128205128206 19 0.4686069584125657 2
0.48205128205128206 20 0.0 1
0.48205128205128206 21 0.0 1
0.48205128205128206 22 0.0 1
0.48205128205128206 23 0.0 1
0.48205128205128206 24 0.0 1
0.48205128205128206 25 0.5299387237037455 2
0.48205128205128206 26 0.0 1
0.48205128205128206 27 0.3643788239207312 3
0.48205128205128206 28 0.0 1
0.48205128205128206 29 0.0 1
0.48205128205128206 30 0.0 1
0.48205128205128206 31 0.0 1
0.48205128205128206 32 0.0 1
0.48205128205128206 33 0.0 1
0.48205128205128206 34 0.0 1
0.48205128205128206 35 0.0 1
0.48205128205128206 36 0.0 1
0.48205128205128206 37 0.5609898034938849 2
0.48205128205128206 38 0.0 1
0.48205128205128206 39 0.0 1
0.5025641025641026 0 0.0 1
0.5025641025641026 1 0.0 1
0.5025641025641026 2 0.0 1
0.5025641025641026 3 0.0 1
0.5025641025641026 4 0.21761674317902954 2
0.5025641025641026 5 0.0 1
0.5025641025641026 6 0.0 1
0.5025641025641026 7 0.0 1
0.5025641025641026 8 0.0 1
0.5025641025641026 9 0.0 1
0.5025641025641026 10 0.0 1
0.5025641025641026 11 0.0 1
0.5025641025641026 12 0.0 1
0.5025641025641026 13 0.0 1
0.5025641025641026 14 0.0 1
0.5025641025641026 15 0.0 1
0.5025641025641026 16 0.3753790039297917 2
0.5025641025641026 17 0.0 1
0.5025641025641026 18 0.0 1
0.5025641025641026 19 0.0 1
0.5025641025641026 20 0.0 1
0.5025641025641026 21 0.0 1
0.5025641025641026 22 -0.006232668508048411 2
0.5025641025641026 23 0.0 1
0.5025641025641026 24 0.0 1
0.5025641025641026 25 0.0 1
0.5025641025641026 26 0.0 1
0.5025641025641026 27 0.0 1
0.5025641025641026 28 0.0 1
0.5025641025641026 29 0.0 1
0.5025641025641026 30 0.0 1
0.5025641025641026 31 0.0 1
0.5025641025641026 32 0.0 1
0.5025641025641026 33 0.0 1
0.5025641025641026 34 0.0 1
0.5025641025641026 35 0.501190349526497 2
0.5025641025641026 36 0.0 1
0.5025641025641026 37 0.0 1
0.5025641025641026 38 0.0 1
0.5025641025641026 39 0.0 1
0.49230769230769234 0 0.39430024565673844 2
0.49230769230769234 1 0.0 1
0.49230769230769234 2 0.0 1
0.49230769230769234 3 0.0 1
0.49230769230769234 4 0.26242748019593903 2
0.49230769230769234 5 0.2369249542038178 2
0.49230769230769234 6 0.0 1
0.49230769230769234 7 0.0 1
0.49230769230769234 8 0.33992524083459313 2
0.49230769230769234 9 0.0 1
0.49230769230769234 10 0.4667336772399775 2
0.49230769230769234 11 0.0 1
0.49230769230769234 12 0.49692049675694044 2
0.49230769230769234 13 0.0 1
0.49230769230769234 14 0.0 1
0.49230769230769234 15 0.4604409864283399 2
0.49230769230769234 16 0.0 1
0.49230769230769234 17 0.0 1
0.49230769230769234 18 0.6746161775765513 2
0.49230769230769234 19 0.0 1
0.49230769230769234 20 0.0 1
0.49230769230769234 21 0.0 1
0.49230769230769234 22 0.0 1
0.49230769230769234 23 0.0 1
0.49230769230769234 24 0.0 1
0.49230769230769234 25 0.3610107095636941 2
0.49230769230769234 26 0.0 1
0.49230769230769234 27 0.0 1
0.49230769230769234 28 0.2522624705550444 2
0.49230769230769234 29 0.0 1
0.49230769230769234 30 0.4604409864283399 2
0.49230769230769234 31 -0.00622269744193054 2
0.49230769230769234 32 0.0 1
0.49230769230769234 33 0.47438027498553004 2
0.49230769230769234 34 0.0 1
0.49230769230769234 35 0.0 1
0.49230769230769234 36 0.44223840914383106 2
0.49230769230769234 37 0.0 1
0.49230769230769234 38 0.0 1
0.49230769230769234 39 0.2013039872613393 2
0.5128205128205129 0 0.0 1
0.5128205128205129 1 0.0 1
0.5128205128205129 2 0.0 1
0.5128205128205129 3 0.0 1
0.5128205128205129 4 0.0 1
0.5128205128205129 5 0.0 1
0.5128205128205129 6 0.0 1
0.5128205128205129 7 0.0 1
0.5128205128205129 8 0.0 1
0.5128205128205129 9 0.0 1
0.5128205128205129 10 0.0 1
0.5128205128205129 11 0.0 1
0.5128205128205129 12 0.0 1
0.5128205128205129 13 0.0 1
0.5128205128205129 14 0.0 1
0.5128205128205129 15 0.0 1
0.5128205128205129 16 0.0 1
0.5128205128205129 17 0.0 1
0.5128205128205129 18 0.0 1
0.5128205128205129 19 0.0 1
0.5128205128205129 20 0.0 1
0.5128205128205129 21 0.0 1
0.5128205128205129 22 0.0 1
0.5128205128205129 23 0.0 1
0.5128205128205129 24 0.0 1
0.5128205128205129 25 0.0 1
0.5128205128205129 26 0.0 1
0.5128205128205129 27 0.0 1
0.5128205128205129 28 0.22009268137256138 2
0.5128205128205129 29 0.0 1
0.5128205128205129 30 0.0 1
0.5128205128205129 31 0.0 1
0.5128205128205129 32 0.0 1
0.5128205128205129 33 0.0 1
0.5128205128205129 34 0.0 1
0.5128205128205129 35 0.0 1
0.5128205128205129 36 -0.0047598066779045295 2
0.5128205128205129 37 0.0 1
0.5128205128205129 38 0.0 1
0.5128205128205129 39 0.501190349526497 2
0.5230769230769231 0 0.0 1
0.5230769230769231 1 0.0 1
0.5230769230769231 2 0.0 1
0.5230769230769231 3 0.0 1
0.5230769230769231 4 0.0 1
0.5230769230769231 5 0.0 1
0.5230769230769231 6 0.0 1
0.5230769230769231 7 0.0 1
0.5230769230769231 8 0.0 1
0.5230769230769231 9 0.0 1
0.5230769230769231 10 0.0 1
0.5230769230769231 11 0.0 1
0.5230769230769231 12 0.0 1
0.5230769230769231 13 0.0 1
0.5230769230769231 14 0.0 1
0.5230769230769231 15 0.0 1
0.5230769230769231 16 0.0 1
0.5230769230769231 17 0.0 1
0.5230769230769231 18 0.0 1
0.5230769230769231 19 0.0 1
0.5230769230769231 20 0.0 1
0.5230769230769231 21 0.0 1
0.5230769230769231 22 0.0 1
0.5230769230769231 23 0.0 1
0.5230769230769231 24 0.0 1
0.5230769230769231 25 0.0 1
0.5230769230769231 26 0.0 1
0.5230769230769231 27 0.0 1
0.5230769230769231 28 0.0 1
0.5230769230769231 29 0.0 1
0.5230769230769231 30 0.0 1
0.5230769230769231 31 0.0 1
0.5230769230769231 32 0.0 1
0.5230769230769231 33 0.0 1
0.5230769230769231 34 0.0 1
0.5230769230769231 35 0.0 1
0.5230769230769231 36 0.0 1
0.5230769230769231 37 0.0 1
0.5230769230769231 38 0.0 1
0.5230769230769231 39 0.0 1
0.5333333333333333 0 0.0 1
0.5333333333333333 1 0.0 1
0.5333333333333333 2 0.0 1
0.5333333333333333 3 0.0 1
0.5333333333333333 4 0.0 1
0.5333333333333333 5 0.0 1
0.5333333333333333 6 0.0 1
0.5333333333333333 7 0.0 1
0.5333333333333333 8 0.0 1
0.5333333333333333 9 0.0 1
0.5333333333333333 10 0.0 1
0.5333333333333333 11 0.0 1
0.5333333333333333 12 0.0 1
0.5333333333333333 13 0.0 1
0.5333333333333333 14 0.0 1
0.5333333333333333 15 0.0 1
0.5333333333333333 16 0.0 1
0.5333333333333333 17 0.0 1
0.5333333333333333 18 0.0 1
0.5333333333333333 19 0.0 1
0.5333333333333333 20 0.0 1
0.5333333333333333 21 0.0 1
0.5333333333333333 22 0.0 1
0.5333333333333333 23 0.0 1
0.5333333333333333 24 0.0 1
0.5333333333333333 25 0.0 1
0.5333333333333333 26 0.0 1
0.5333333333333333 27 0.0 1
0.5333333333333333 28 0.0 1
0.5333333333333333 29 0.0 1
0.5333333333333333 30 0.0 1
0.5333333333333333 31 0.0 1
0.5333333333333333 32 0.0 1
0.5333333333333333 33 0.0 1
0.5333333333333333 34 0.0 1
0.5333333333333333 35 0.0 1
0.5333333333333333 36 0.0 1
0.5333333333333333 37 0.0 1
0.5333333333333333 38 0.0 1
0.5333333333333333 39 -0.007493889515784824 2
0.5435897435897437 0 0.0 1
0.5435897435897437 1 0.0 1
0.5435897435897437 2 0.0 1
0.5435897435897437 3 0.0 1
0.5435897435897437 4 0.0 1
0.5435897435897437 5 0.0 1
0.5435897435897437 6 0.33176270803716784 2
0.5435897435897437 7 0.0 1
0.5435897435897437 8 0.0 1
0.5435897435897437 9 0.0 1
0.5435897435897437 10 0.0 1
0.5435897435897437 11 0.0 1
0.5435897435897437 12 0.0 1
0.5435897435897437 13 0.0 1
0.5435897435897437 14 0.0 1
0.5435897435897437 15 0.0 1
0.5435897435897437 16 0.0 1
0.5435897435897437 17 0.0 1
0.5435897435897437 18 0.0 1
0.5435897435897437 19 0.0 1
0.5435897435897437 20 0.0 1
0.5435897435897437 21 0.0 1
0.5435897435897437 22 0.0 1
0.5435897435897437 23 0.0 1
0.5435897435897437 24 0.0 1
0.5435897435897437 25 0.0 1
0.5435897435897437 26 0.0 1
0.5435897435897437 27 0.0 1
0.5435897435897437 28 0.0 1
0.5435897435897437 29 0.0 1
0.5435897435897437 30 0.0 1
0.5435897435897437 31 0.0 1
0.5435897435897437 32 0.0 1
0.5435897435897437 33 0.0 1
0.5435897435897437 34 0.0 1
0.5435897435897437 35 0.0 1
0.5435897435897437 36 0.0 1
0.5435897435897437 37 0.0 1
0.5435897435897437 38 0.0 1
0.5435897435897437 39 0.0 1
0.5538461538461539 0 0.0 1
0.5538461538461539 1 0.0 1
0.5538461538461539 2 0.0 1
0.5538461538461539 3 0.0 1
0.5538461538461539 4 0.0 1
0.5538461538461539 5 0.0 1
0.5538461538461539 6 0.0 1
0.5538461538461539 7 0.0 1
0.5538461538461539 8 0.0 1
0.5538461538461539 9 0.0 1
0.5538461538461539 10 0.0 1
0.5538461538461539 11 0.0 1
0.5538461538461539 12 0.0 1
0.5538461538461539 13 0.0 1
0.5538461538461539 14 -0.00624658269484512 2
0.5538461538461539 15 0.0 1
0.5538461538461539 16 0.0 1
0.5538461538461539 17 0.0 1
0.5538461538461539 18 0.0 1
0.5538461538461539 19 0.0 1
0.5538461538461539 20 0.0 1
0.5538461538461539 21 0.011305247736850677 2
0.5538461538461539 22 0.0 1
0.5538461538461539 23 0.0 1
0.5538461538461539 24 0.0 1
0.5538461538461539 25 0.0 1
0.5538461538461539 26 0.0 1
0.5538461538461539 27 0.21761674317902954 2
0.5538461538461539 28 0.0 1
0.5538461538461539 29 0.0 1
0.5538461538461539 30 0.0 1
0.5538461538461539 31 0.0 1
0.5538461538461539 32 0.0 1
0.5538461538461539 33 0.0 1
0.5538461538461539 34 0.0 1
0.5538461538461539 35 0.0 1
0.5538461538461539 36 0.0 1
0.5538461538461539 37 0.18765097681107032 2
0.5538461538461539 38 0.0 1
0.5538461538461539 39 0.0 1
0.5641025641025641 0 0.0 1
0.5641025641025641 1 0.0 1
0.5641025641025641 2 0.0 1
0.5641025641025641 3 0.0 1
0.5641025641025641 4 0.0 1
0.5641025641025641 5 0.0 1
0.5641025641025641 6 0.0 1
0.5641025641025641 7 0.0 1
0.5641025641025641 8 0.0 1
0.5641025641025641 9 0.0 1
0.5641025641025641 10 0.0 1
0.5641025641025641 11 0.0 1
0.5641025641025641 12 0.0 1
0.5641025641025641 13 0.0 1
0.5641025641025641 14 0.0 1
0.5641025641025641 15 0.0 1
0.5641025641025641 16 0.0 1
0.5641025641025641 17 0.0 1
0.5641025641025641 18 0.0 1
0.5641025641025641 19 0.0 1
0.5641025641025641 20 0.0 1
0.5641025641025641 21 0.0 1
0.5641025641025641 22 0.0 1
0.5641025641025641 23 0.0 1
0.5641025641025641 24 0.0 1
0.5641025641025641 25 0.0 1
0.5641025641025641 26 0.0 1
0.5641025641025641 27 0.0 1
0.5641025641025641 28 0.0 1
0.5641025641025641 29 0.0 1
0.5641025641025641 30 0.0 1
0.5641025641025641 31 0.0 1
0.5641025641025641 32 0.0 1
0.5641025641025641 33 0.0 1
0.5641025641025641 34 0.0 1
0.5641025641025641 35 0.0 1
0.5641025641025641 36 0.0 1
0.5641025641025641 37 0.0 1
0.5641025641025641 38 0.0 1
0.5641025641025641 39 0.0 1
0.5743589743589743 0 0.0 1
0.5743589743589743 1 0.0 1
0.5743589743589743 2 0.0 1
0.5743589743589743 3 0.0 1
0.5743589743589743 4 0.0 1
0.5743589743589743 5 0.0 1
0.5743589743589743 6 0.0 1
0.5743589743589743 7 0.0 1
0.5743589743589743 8 0.0 1
0.5743589743589743 9 0.0 1
0.5743589743589743 10 0.0 1
0.5743589743589743 11 0.0 1
0.5743589743589743 12 0.0 1
0.5743589743589743 13 0.0032817231214741878 2
0.5743589743589743 14 0.0 1
0.5743589743589743 15 0.0 1
0.5743589743589743 16 0.0 1
0.5743589743589743 17 0.0 1
0.5743589743589743 18 0.0 1
0.5743589743589743 19 -0.006216703168904775 2
0.5743589743589743 20 0.0 1
0.5743589743589743 21 0.0 1
0.5743589743589743 22 0.0 1
0.5743589743589743 23 0.0 1
0.5743589743589743 24 0.0 1
0.5743589743589743 25 0.0 1
0.5743589743589743 26 0.0 1
0.5743589743589743 27 0.0 1
0.5743589743589743 28 0.0 1
0.5743589743589743 29 0.0 1
0.5743589743589743 30 0.0 1
0.5743589743589743 31 0.0 1
0.5743589743589743 32 0.0 1
0.5743589743589743 33 0.0 1
0.5743589743589743 34 0.0 1
0.5743589743589743 35 0.0 1
0.5743589743589743 36 0.0 1
0.5743589743589743 37 0.0 1
0.5743589743589743 38 0.0 1
0.5743589743589743 39 0.0 1
0.5846153846153846 0 0.0 1
0.5846153846153846 1 0.0 1
0.5846153846153846 2 0.0 1
0.5846153846153846 3 0.0 1
0.5846153846153846 4 0.0 1
0.5846153846153846 5 0.0 1
0.5846153846153846 6 0.0 1
0.5846153846153846 7 0.0 1
0.5846153846153846 8 0.0 1
0.5846153846153846 9 -0.004718167677005191 2
0.5846153846153846 10 0.0 1
0.5846153846153846 11 0.0 1
0.5846153846153846 12 0.0 1
0.5846153846153846 13 0.0 1
0.5846153846153846 14 0.0 1
0.5846153846153846 15 0.0 1
0.5846153846153846 16 0.0 1
0.5846153846153846 17 0.0 1
0.5846153846153846 18 0.0 1
0.5846153846153846 19 0.0 1
0.5846153846153846 20 0.0 1
0.5846153846153846 21 0.0 1
0.5846153846153846 22 0.0 1
0.5846153846153846 23 0.0 1
0.5846153846153846 24 0.0 1
0.5846153846153846 25 0.0 1
0.5846153846153846 26 0.0 1
0.5846153846153846 27 0.0 1
0.5846153846153846 28 0.0 1
0.5846153846153846 29 0.0 1
0.5846153846153846 30 0.0 1
0.5846153846153846 31 0.0 1
0.5846153846153846 32 0.0 1
0.5846153846153846 33 0.0 1
0.5846153846153846 34 0.0 1
0.5846153846153846 35 0.0 1
0.5846153846153846 36 0.0 1
0.5846153846153846 37 0.0 1
0.5846153846153846 38 0.0 1
0.5846153846153846 39 0.0 1
0.5948717948717949 0 0.0 1
0.5948717948717949 1 0.0 1
0.5948717948717949 2 0.0 1
0.5948717948717949 3 0.0 1
0.5948717948717949 4 0.0 1
0.5948717948717949 5 0.0 1
0.5948717948717949 6 0.0 1
0.5948717948717949 7 0.0 1
0.5948717948717949 8 0.0 1
0.5948717948717949 9 0.0 1
0.5948717948717949 10 -0.00622269744193054 2
0.5948717948717949 11 0.0 1
0.5948717948717949 12 0.0 1
0.5948717948717949 13 0.0 1
0.5948717948717949 14 0.0 1
0.5948717948717949 15 0.0 1
0.5948717948717949 16 0.0 1
0.5948717948717949 17 0.0 1
0.5948717948717949 18 0.0 1
0.5948717948717949 19 0.0 1
0.5948717948717949 20 0.0 1
0.5948717948717949 21 0.0 1
0.5948717948717949 22 0.0 1
0.5948717948717949 23 0.0 1
0.5948717948717949 24 0.0 1
0.5948717948717949 25 0.0 1
0.5948717948717949 26 0.0 1
0.5948717948717949 27 0.0 1
0.5948717948717949 28 0.0 1
0.5948717948717949 29 0.0 1
0.5948717948717949 30 0.0 1
0.5948717948717949 31 0.0 1
0.5948717948717949 32 0.0 1
0.5948717948717949 33 0.0036006010786269176 2
0.5948717948717949 34 0.0 1
0.5948717948717949 35 0.0 1
0.5948717948717949 36 0.0 1
0.5948717948717949 37 0.0 1
0.5948717948717949 38 0.0 1
0.5948717948717949 39 0.0 1
0.6051282051282052 0 -0.007257663158736768 2
0.6051282051282052 1 0.0 1
0.6051282051282052 2 0.0 1
0.6051282051282052 3 0.0 1
0.6051282051282052 4 0.0 1
0.6051282051282052 5 0.0 1
0.6051282051282052 6 0.0 1
0.6051282051282052 7 0.0 1
0.6051282051282052 8 0.0 1
0.6051282051282052 9 0.0 1
0.6051282051282052 10 0.0 1
0.6051282051282052 11 0.0 1
0.6051282051282052 12 -0.007395912080913932 2
0.6051282051282052 13 0.0 1
0.6051282051282052 14 0.0 1
0.6051282051282052 15 0.0 1
0.6051282051282052 16 0.0 1
0.6051282051282052 17 0.0 1
0.6051282051282052 18 0.0 1
0.6051282051282052 19 0.0 1
0.6051282051282052 20 0.0 1
0.6051282051282052 21 0.0 1
0.6051282051282052 22 0.0 1
0.6051282051282052 23 0.0 1
0.6051282051282052 24 0.0 1
0.6051282051282052 25 0.0 1
0.6051282051282052 26 0.0 1
0.6051282051282052 27 0.0 1
0.6051282051282052 28 0.0 1
0.6051282051282052 29 0.0 1
0.6051282051282052 30 0.0 1
0.6051282051282052 31 0.0 1
0.6051282051282052 32 0.0 1
0.6051282051282052 33 0.0 1
0.6051282051282052 34 0.0 1
0.6051282051282052 35 0.0 1
0.6051282051282052 36 0.0 1
0.6051282051282052 37 0.0 1
0.6051282051282052 38 0.0 1
0.6051282051282052 39 0.0 1
0.6153846153846154 0 0.0 1
0.6153846153846154 1 0.0 1
0.6153846153846154 2 0.0 1
0.6153846153846154 3 0.0 1
0.6153846153846154 4 0.0 1
0.6153846153846154 5 0.0 1
0.6153846153846154 6 0.0 1
0.6153846153846154 7 0.0 1
0.6153846153846154 8 0.0 1
0.6153846153846154 9 0.0 1
0.6153846153846154 10 0.0 1
0.6153846153846154 11 0.0 1
0.6153846153846154 12 0.0 1
0.6153846153846154 13 0.0 1
0.6153846153846154 14 -0.00709580060580629 2
0.6153846153846154 15 0.0 1
0.6153846153846154 16 0.0 1
0.6153846153846154 17 0.0 1
0.6153846153846154 18 0.0 1
0.6153846153846154 19 0.0 1
0.6153846153846154 20 0.0 1
0.6153846153846154 21 0.0 1
0.6153846153846154 22 0.0 1
0.6153846153846154 23 0.0 1
0.6153846153846154 24 0.0 1
0.6153846153846154 25 0.0 1
0.6153846153846154 26 0.0 1
0.6153846153846154 27 0.0 1
0.6153846153846154 28 0.0 1
0.6153846153846154 29 0.0 1
0.6153846153846154 30 0.0 1
0.6153846153846154 31 0.0 1
0.6153846153846154 32 0.0 1
0.6153846153846154 33 0.0 1
0.6153846153846154 34 0.0 1
0.6153846153846154 35 0.0 1
0.6153846153846154 36 0.0 1
0.6153846153846154 37 0.0 1
0.6153846153846154 38 0.0 1
0.6153846153846154 39 0.0 1
0.6256410256410256 0 0.0 1
0.6256410256410256 1 0.0 1
0.6256410256410256 2 0.0 1
0.6256410256410256 3 0.0 1
0.6256410256410256 4 0.0 1
0.6256410256410256 5 0.0 1
0.6256410256410256 6 0.0 1
0.6256410256410256 7 0.0 1
0.6256410256410256 8 0.0 1
0.6256410256410256 9 0.0 1
0.6256410256410256 10 0.0 1
0.6256410256410256 11 0.0 1
0.6256410256410256 12 0.0 1
0.6256410256410256 13 0.0 1
0.6256410256410256 14 0.0 1
0.6256410256410256 15 0.0 1
0.6256410256410256 16 0.0 1
0.6256410256410256 17 0.0 1
0.6256410256410256 18 0.0 1
0.6256410256410256 19 0.0 1
0.6256410256410256 20 0.0 1
0.6256410256410256 21 0.0 1
0.6256410256410256 22 0.0 1
0.6256410256410256 23 0.0 1
0.6256410256410256 24 0.0 1
0.6256410256410256 25 0.0 1
0.6256410256410256 26 -0.0047524596203180666 2
0.6256410256410256 27 0.0 1
0.6256410256410256 28 0.0 1
0.6256410256410256 29 0.0 1
0.6256410256410256 30 0.0 1
0.6256410256410256 31 0.0 1
0.6256410256410256 32 0.0 1
0.6256410256410256 33 0.0 1
0.6256410256410256 34 0.0 1
0.6256410256410256 35 0.0 1
0.6256410256410256 36 0.0 1
0.6256410256410256 37 0.0 1
0.6256410256410256 38 0.0 1
0.6256410256410256 39 0.0 1
0.6358974358974359 0 0.0 1
0.6358974358974359 1 0.0 1
0.6358974358974359 2 0.0 1
0.6358974358974359 3 0.0 1
0.6358974358974359 4 0.0 1
0.6358974358974359 5 0.0 1
0.6358974358974359 6 0.0 1
0.6358974358974359 7 0.0 1
0.6358974358974359 8 0.0 1
0.6358974358974359 9 0.0 1
0.6358974358974359 10 0.0 1
0.6358974358974359 11 0.0 1
0.6358974358974359 12 0.0 1
0.6358974358974359 13 0.0 1
0.6358974358974359 14 0.0 1
0.6358974358974359 15 0.0 1
0.6358974358974359 16 0.0 1
0.6358974358974359 17 0.0 1
0.6358974358974359 18 0.0 1
0.6358974358974359 19 0.0 1
0.6358974358974359 20 0.0 1
0.6358974358974359 21 0.0 1
0.6358974358974359 22 0.0 1
0.6358974358974359 23 0.0 1
0.6358974358974359 24 0.0 1
0.6358974358974359 25 0.0 1
0.6358974358974359 26 0.0 1
0.6358974358974359 27 0.0 1
0.6358974358974359 28 0.0 1
0.6358974358974359 29 0.0 1
0.6358974358974359 30 0.0 1
0.6358974358974359 31 -0.006216703168904775 2
0.6358974358974359 32 0.0 1
0.6358974358974359 33 0.0 1
0.6358974358974359 34 0.0 1
0.6358974358974359 35 0.0 1
0.6358974358974359 36 0.0 1
0.6358974358974359 37 0.0 1
0.6358974358974359 38 0.0 1
0.6358974358974359 39 0.0 1
0.6461538461538462 0 0.0 1
0.6461538461538462 1 0.0 1
0.6461538461538462 2 0.0 1
0.6461538461538462 3 0.0 1
0.6461538461538462 4 0.0 1
0.6461538461538462 5 0.0 1
0.6461538461538462 6 0.0 1
0.6461538461538462 7 0.0 1
0.6461538461538462 8 0.0 1
0.6461538461538462 9 0.0 1
0.6461538461538462 10 0.0 1
0.6461538461538462 11 0.0 1
0.6461538461538462 12 0.0 1
0.6461538461538462 13 0.0 1
0.6461538461538462 14 0.0 1
0.6461538461538462 15 0.0 1
0.6461538461538462 16 0.0 1
0.6461538461538462 17 0.0 1
0.6461538461538462 18 0.0 1
0.6461538461538462 19 0.0 1
0.6461538461538462 20 0.0 1
0.6461538461538462 21 0.0 1
0.6461538461538462 22 0.0 1
0.6461538461538462 23 0.0 1
0.6461538461538462 24 0.0 1
0.6461538461538462 25 0.0 1
0.6461538461538462 26 0.0 1
0.6461538461538462 27 0.0 1
0.6461538461538462 28 0.0 1
0.6461538461538462 29 0.0 1
0.6461538461538462 30 0.0 1
0.6461538461538462 31 0.0 1
0.6461538461538462 32 0.0 1
0.6461538461538462 33 -0.006311223989902558 2
0.6461538461538462 34 0.0 1
0.6461538461538462 35 0.0 1
0.6461538461538462 36 0.0 1
0.6461538461538462 37 0.0 1
0.6461538461538462 38 0.0 1
0.6461538461538462 39 0.0 1
0.6564102564102564 0 0.0 1
0.6564102564102564 1 0.0 1
0.6564102564102564 2 0.0 1
0.6564102564102564 3 0.0 1
0.6564102564102564 4 0.0 1
0.6564102564102564 5 0.0 1
0.6564102564102564 6 0.0 1
0.6564102564102564 7 0.0 1
0.6564102564102564 8 0.0 1
0.6564102564102564 9 0.0 1
0.6564102564102564 10 -0.0026276787726500577 2
0.6564102564102564 11 0.0032817231214741878 2
0.6564102564102564 12 0.0 1
0.6564102564102564 13 0.0 1
0.6564102564102564 14 0.0 1
0.6564102564102564 15 0.0 1
0.6564102564102564 16 0.0 1
0.6564102564102564 17 0.0 1
0.6564102564102564 18 0.0 1
0.6564102564102564 19 0.0 1
0.6564102564102564 20 0.0 1
0.6564102564102564 21 0.0 1
0.6564102564102564 22 0.0 1
0.6564102564102564 23 0.0 1
0.6564102564102564 24 0.0 1
0.6564102564102564 25 0.0 1
0.6564102564102564 26 0.0 1
0.6564102564102564 27 0.0 1
0.6564102564102564 28 0.0 1
0.6564102564102564 29 0.0 1
0.6564102564102564 30 0.0 1
0.6564102564102564 31 0.0 1
0.6564102564102564 32 0.0 1
0.6564102564102564 33 0.0 1
0.6564102564102564 34 0.0 1
0.6564102564102564 35 0.0 1
0.6564102564102564 36 0.18385366700838618 2
0.6564102564102564 37 0.0 1
0.6564102564102564 38 0.0 1
0.6564102564102564 39 0.0 1
0.6666666666666667 0 0.0 1
0.6666666666666667 1 0.0 1
0.6666666666666667 2 0.0 1
0.6666666666666667 3 0.0 1
0.6666666666666667 4 0.0 1
0.6666666666666667 5 0.011643158399105817 2
0.6666666666666667 6 0.0 1
0.6666666666666667 7 0.0 1
0.6666666666666667 8 0.0 1
0.6666666666666667 9 0.0 1
0.6666666666666667 10 0.0 1
0.6666666666666667 11 0.0 1
0.6666666666666667 12 0.0 1
0.6666666666666667 13 0.0 1
0.6666666666666667 14 0.0 1
0.6666666666666667 15 0.0 1
0.6666666666666667 16 0.0 1
0.6666666666666667 17 0.0 1
0.6666666666666667 18 0.0 1
0.6666666666666667 19 0.0 1
0.6666666666666667 20 0.0 1
0.6666666666666667 21 0.0 1
0.6666666666666667 22 0.0 1
0.6666666666666667 23 0.0 1
0.6666666666666667 24 0.0 1
0.6666666666666667 25 0.0 1
0.6666666666666667 26 0.0 1
0.6666666666666667 27 0.0 1
0.6666666666666667 28 0.0 1
0.6666666666666667 29 0.0 1
0.6666666666666667 30 0.0 1
0.6666666666666667 31 0.0 1
0.6666666666666667 32 0.0 1
0.6666666666666667 33 0.0 1
0.6666666666666667 34 0.0 1
0.6666666666666667 35 0.0 1
0.6666666666666667 36 0.0 1
0.6666666666666667 37 0.0 1
0.6666666666666667 38 0.0 1
0.6666666666666667 39 0.0 1
0.676923076923077 0 0.0 1
0.676923076923077 1 0.0 1
0.676923076923077 2 0.0 1
0.676923076923077 3 0.0 1
0.676923076923077 4 0.0 1
0.676923076923077 5 0.0 1
0.676923076923077 6 0.0 1
0.676923076923077 7 0.0 1
0.676923076923077 8 0.0 1
0.676923076923077 9 0.0 1
0.676923076923077 10 0.0 1
0.676923076923077 11 0.0 1
0.676923076923077 12 0.0 1
0.676923076923077 13 0.0 1
0.676923076923077 14 0.0 1
0.676923076923077 15 0.0 1
0.676923076923077 16 0.0 1
0.676923076923077 17 0.0 1
0.676923076923077 18 0.0 1
0.676923076923077 19 0.0 1
0.676923076923077 20 0.0 1
0.676923076923077 21 0.0 1
0.676923076923077 22 0.0 1
0.676923076923077 23 0.0 1
0.676923076923077 24 0.0 1
0.676923076923077 25 0.0 1
0.676923076923077 26 0.0 1
0.676923076923077 27 0.0 1
0.676923076923077 28 0.0 1
0.676923076923077 29 0.0 1
0.676923076923077 30 0.0 1
0.676923076923077 31 0.0 1
0.676923076923077 32 0.0 1
0.676923076923077 33 0.0 1
0.676923076923077 34 0.0 1
0.676923076923077 35 0.0 1
0.676923076923077 36 0.0 1
0.676923076923077 37 0.0 1
0.676923076923077 38 0.0 1
0.676923076923077 39 0.0 1
0.6871794871794872 0 0.0 1
0.6871794871794872 1 0.0 1
0.6871794871794872 2 0.0 1
0.6871794871794872 3 0.0 1
0.6871794871794872 4 0.013306104982368748 2
0.6871794871794872 5 0.0 1
0.6871794871794872 6 0.0 1
0.6871794871794872 7 0.0 1
0.6871794871794872 8 0.0 1
0.6871794871794872 9 0.0 1
0.6871794871794872 10 0.0 1
0.6871794871794872 11 0.0 1
0.6871794871794872 12 0.0 1
0.6871794871794872 13 0.0 1
0.6871794871794872 14 0.0 1
0.6871794871794872 15 0.0 1
0.6871794871794872 16 0.0 1
0.6871794871794872 17 0.0 1
0.6871794871794872 18 0.0 1
0.6871794871794872 19 0.0 1
0.6871794871794872 20 0.0 1
0.6871794871794872 21 0.0 1
0.6871794871794872 22 0.0 1
0.6871794871794872 23 0.0 1
0.6871794871794872 24 0.0 1
0.6871794871794872 25 0.0 1
0.6871794871794872 26 0.0 1
0.6871794871794872 27 0.0 1
0.6871794871794872 28 0.0 1
0.6871794871794872 29 0.0 1
0.6871794871794872 30 0.0 1
0.6871794871794872 31 0.0 1
0.6871794871794872 32 0.0 1
0.6871794871794872 33 0.0 1
0.6871794871794872 34 0.0 1
0.6871794871794872 35 -0.002669917868380409 2
0.6871794871794872 36 0.0 1
0.6871794871794872 37 0.0 1
0.6871794871794872 38 0.0 1
0.6871794871794872 39 0.0 1
0.6974358974358974 0 0.0 1
0.6974358974358974 1 0.0 1
0.6974358974358974 2 0.0 1
0.6974358974358974 3 0.0 1
0.6974358974358974 4 0.0 1
0.6974358974358974 5 0.0 1
0.6974358974358974 6 0.0 1
0.6974358974358974 7 0.0 1
0.6974358974358974 8 0.0 1
0.6974358974358974 9 0.0 1
0.6974358974358974 10 0.0 1
0.6974358974358974 11 0.0 1
0.6974358974358974 12 0.0 1
0.6974358974358974 13 0.0 1
0.6974358974358974 14 0.0 1
0.6974358974358974 15 0.0 1
0.6974358974358974 16 0.0 1
0.6974358974358974 17 0.0 1
0.6974358974358974 18 0.0 1
0.6974358974358974 19 0.0 1
0.6974358974358974 20 0.0 1
0.6974358974358974 21 0.0 1
0.6974358974358974 22 0.0 1
0.6974358974358974 23 0.0 1
0.6974358974358974 24 0.0 1
0.6974358974358974 25 0.0 1
0.6974358974358974 26 0.0 1
0.6974358974358974 27 0.0 1
0.6974358974358974 28 0.0 1
0.6974358974358974 29 0.0 1
0.6974358974358974 30 0.0 1
0.6974358974358974 31 0.0 1
0.6974358974358974 32 0.0 1
0.6974358974358974 33 0.0 1
0.6974358974358974 34 0.0 1
0.6974358974358974 35 0.0 1
0.6974358974358974 36 0.0 1
0.6974358974358974 37 0.0 1
0.6974358974358974 38 0.0 1
0.6974358974358974 39 0.0 1
0.7076923076923077 0 0.0 1
0.7076923076923077 1 0.0 1
0.7076923076923077 2 0.0 1
0.7076923076923077 3 0.0 1
0.7076923076923077 4 0.0 1
0.7076923076923077 5 0.0 1
0.7076923076923077 6 0.0 1
0.7076923076923077 7 0.0 1
0.7076923076923077 8 0.0 1
0.7076923076923077 9 0.0 1
0.7076923076923077 10 0.0 1
0.7076923076923077 11 0.0 1
0.7076923076923077 12 0.0 1
0.7076923076923077 13 0.0 1
0.7076923076923077 14 0.0 1
0.7076923076923077 15 0.0 1
0.7076923076923077 16 0.0 1
0.7076923076923077 17 0.0 1
0.7076923076923077 18 0.0 1
0.7076923076923077 19 0.0 1
0.7076923076923077 20 0.0 1
0.7076923076923077 21 0.0 1
0.7076923076923077 22 0.0 1
0.7076923076923077 23 0.0 1
0.7076923076923077 24 0.0 1
0.7076923076923077 25 0.0 1
0.7076923076923077 26 0.0 1
0.7076923076923077 27 0.0 1
0.7076923076923077 28 0.0 1
0.7076923076923077 29 0.0 1
0.7076923076923077 30 0.0 1
0.7076923076923077 31 0.0 1
0.7076923076923077 32 0.0 1
0.7076923076923077 33 0.0 1
0.7076923076923077 34 0.0 1
0.7076923076923077 35 0.0 1
0.7076923076923077 36 0.0 1
0.7076923076923077 37 0.0 1
0.7076923076923077 38 0.0 1
0.7076923076923077 39 0.0 1
0.717948717948718 0 0.0 1
0.717948717948718 1 0.0 1
0.717948717948718 2 0.0 1
0.717948717948718 3 0.0 1
0.717948717948718 4 0.0 1
0.717948717948718 5 0.0 1
0.717948717948718 6 0.0 1
0.717948717948718 7 0.0 1
0.717948717948718 8 0.0 1
0.717948717948718 9 0.0 1
0.717948717948718 10 0.0 1
0.717948717948718 11 0.0 1
0.717948717948718 12 0.0 1
0.717948717948718 13 0.0 1
0.717948717948718 14 0.0 1
0.717948717948718 15 0.0 1
0.717948717948718 16 0.0 1
0.717948717948718 17 0.0 1
0.717948717948718 18 0.0 1
0.717948717948718 19 0.0 1
0.717948717948718 20 0.0 1
0.717948717948718 21 0.0 1
0.717948717948718 22 0.0 1
0.717948717948718 23 0.0 1
0.717948717948718 24 0.0 1
0.717948717948718 25 0.0 1
0.717948717948718 26 0.0 1
0.717948717948718 27 0.0 1
0.717948717948718 28 0.0 1
0.717948717948718 29 0.0 1
0.717948717948718 30 0.0 1
0.717948717948718 31 0.0 1
0.717948717948718 32 0.0 1
0.717948717948718 33 0.0 1
0.717948717948718 34 0.0 1
0.717948717948718 35 0.0 1
0.717948717948718 36 0.0 1
0.717948717948718 37 0.0 1
0.717948717948718 38 0.0 1
0.717948717948718 39 0.0 1
0.7282051282051283 0 0.0 1
0.7282051282051283 1 0.0 1
0.7282051282051283 2 0.0 1
0.7282051282051283 3 0.0 1
0.7282051282051283 4 0.0 1
0.7282051282051283 5 0.0 1
0.7282051282051283 6 0.0 1
0.7282051282051283 7 0.0 1
0.7282051282051283 8 0.0 1
0.7282051282051283 9 0.0 1
0.7282051282051283 10 0.0 1
0.7282051282051283 11 0.0 1
0.7282051282051283 12 0.0 1
0.7282051282051283 13 0.0 1
0.7282051282051283 14 0.0 1
0.7282051282051283 15 0.0 1
0.7282051282051283 16 0.0 1
0.7282051282051283 17 0.0 1
0.7282051282051283 18 0.0 1
0.7282051282051283 19 0.0 1
0.7282051282051283 20 0.0 1
0.7282051282051283 21 0.0 1
0.7282051282051283 22 0.0 1
0.7282051282051283 23 0.0 1
0.7282051282051283 24 0.0 1
0.7282051282051283 25 0.0 1
0.7282051282051283 26 0.0 1
0.7282051282051283 27 0.0 1
0.7282051282051283 28 0.0 1
0.7282051282051283 29 0.0 1
0.7282051282051283 30 0.0 1
0.7282051282051283 31 0.0 1
0.7282051282051283 32 0.0 1
0.7282051282051283 33 0.0 1
0.7282051282051283 34 0.0 1
0.7282051282051283 35 0.0 1
0.7282051282051283 36 0.0 1
0.7282051282051283 37 0.0 1
0.7282051282051283 38 0.0 1
0.7282051282051283 39 0.0 1
0.7384615384615385 0 0.0 1
0.7384615384615385 1 0.0 1
0.7384615384615385 2 0.0 1
0.7384615384615385 3 0.0 1
0.7384615384615385 4 0.0 1
0.7384615384615385 5 0.0 1
0.7384615384615385 6 0.0 1
0.7384615384615385 7 0.0 1
0.7384615384615385 8 0.0 1
0.7384615384615385 9 0.0 1
0.7384615384615385 10 -0.004733451673058678 2
0.7384615384615385 11 0.0 1
0.7384615384615385 12 0.0 1
0.7384615384615385 13 0.0 1
0.7384615384615385 14 0.0 1
0.7384615384615385 15 0.0 1
0.7384615384615385 16 0.0 1
0.7384615384615385 17 0.0 1
0.7384615384615385 18 0.0 1
0.7384615384615385 19 0.0 1
0.7384615384615385 20 0.0 1
0.7384615384615385 21 0.0 1
0.7384615384615385 22 0.0 1
0.7384615384615385 23 0.0 1
0.7384615384615385 24 0.0 1
0.7384615384615385 25 0.0 1
0.7384615384615385 26 0.0 1
0.7384615384615385 27 0.0 1
0.7384615384615385 28 0.0 1
0.7384615384615385 29 0.0 1
0.7384615384615385 30 0.0 1
0.7384615384615385 31 0.0 1
0.7384615384615385 32 0.0 1
0.7384615384615385 33 0.0 1
0.7384615384615385 34 0.0 1
0.7384615384615385 35 0.0 1
0.7384615384615385 36 0.0 1
0.7384615384615385 37 0.0 1
0.7384615384615385 38 0.0 1
0.7384615384615385 39 0.0 1
0.7487179487179487 0 0.0 1
0.7487179487179487 1 0.0 1
0.7487179487179487 2 0.0 1
0.7487179487179487 3 0.0 1
0.7487179487179487 4 0.0 1
0.7487179487179487 5 0.0 1
0.7487179487179487 6 0.0 1
0.7487179487179487 7 0.0 1
0.7487179487179487 8 0.0 1
0.7487179487179487 9 0.0 1
0.7487179487179487 10 0.0 1
0.7487179487179487 11 0.0 1
0.7487179487179487 12 0.0 1
0.7487179487179487 13 0.0 1
0.7487179487179487 14 0.0 1
0.7487179487179487 15 0.0 1
0.7487179487179487 16 0.0 1
0.7487179487179487 17 0.0 1
0.7487179487179487 18 0.0 1
0.7487179487179487 19 0.0 1
0.7487179487179487 20 0.0 1
0.7487179487179487 21 0.0 1
0.7487179487179487 22 0.0 1
0.7487179487179487 23 0.0 1
0.7487179487179487 24 0.0 1
0.7487179487179487 25 0.0 1
0.7487179487179487 26 0.0 1
0.7487179487179487 27 0.0 1
0.7487179487179487 28 0.0 1
0.7487179487179487 29 0.0 1
0.7487179487179487 30 0.0 1
0.7487179487179487 31 0.0 1
0.7487179487179487 32 0.0 1
0.7487179487179487 33 0.0 1
0.7487179487179487 34 0.0 1
0.7487179487179487 35 0.0 1
0.7487179487179487 36 0.0 1
0.7487179487179487 37 0.0 1
0.7487179487179487 38 0.0 1
0.7487179487179487 39 0.0 1
0.7589743589743589 0 0.0 1
0.7589743589743589 1 0.0 1
0.7589743589743589 2 0.0 1
0.7589743589743589 3 0.0 1
0.7589743589743589 4 0.0 1
0.7589743589743589 5 0.0 1
0.7589743589743589 6 0.0 1
0.7589743589743589 7 0.0 1
0.7589743589743589 8 0.0 1
0.7589743589743589 9 0.0 1
0.7589743589743589 10 0.0 1
0.7589743589743589 11 0.0 1
0.7589743589743589 12 0.0 1
0.7589743589743589 13 0.0 1
0.7589743589743589 14 0.0 1
0.7589743589743589 15 0.0 1
0.7589743589743589 16 0.0 1
0.7589743589743589 17 0.0 1
0.7589743589743589 18 0.0 1
0.7589743589743589 19 0.0 1
0.7589743589743589 20 0.0 1
0.7589743589743589 21 0.0 1
0.7589743589743589 22 0.0 1
0.7589743589743589 23 0.0 1
0.7589743589743589 24 0.0 1
0.7589743589743589 25 0.0 1
0.7589743589743589 26 0.0 1
0.7589743589743589 27 0.0 1
0.7589743589743589 28 0.0 1
0.7589743589743589 29 0.0 1
0.7589743589743589 30 0.0 1
0.7589743589743589 31 0.0 1
0.7589743589743589 32 0.0 1
0.7589743589743589 33 0.0 1
0.7589743589743589 34 0.0 1
0.7589743589743589 35 0.0 1
0.7589743589743589 36 0.0 1
0.7589743589743589 37 0.0 1
0.7589743589743589 38 0.0 1
0.7589743589743589 39 0.0 1
0.7692307692307693 0 0.0 1
0.7692307692307693 1 0.0 1
0.7692307692307693 2 0.0 1
0.7692307692307693 3 0.0 1
0.7692307692307693 4 0.0 1
0.7692307692307693 5 0.0 1
0.7692307692307693 6 0.0 1
0.7692307692307693 7 0.0 1
0.7692307692307693 8 0.0 1
0.7692307692307693 9 0.0 1
0.7692307692307693 10 0.0 1
0.7692307692307693 11 0.0 1
0.7692307692307693 12 0.0 1
0.7692307692307693 13 0.0 1
0.7692307692307693 14 0.0 1
0.7692307692307693 15 0.0 1
0.7692307692307693 16 0.0 1
0.7692307692307693 17 0.0 1
0.7692307692307693 18 0.0 1
0.7692307692307693 19 0.0 1
0.7692307692307693 20 0.0 1
0.7692307692307693 21 0.0 1
0.7692307692307693 22 0.0 1
0.7692307692307693 23 0.0 1
0.7692307692307693 24 0.0 1
0.7692307692307693 25 0.0 1
0.7692307692307693 26 0.0 1
0.7692307692307693 27 0.0 1
0.7692307692307693 28 0.0 1
0.7692307692307693 29 0.0 1
0.7692307692307693 30 0.0 1
0.7692307692307693 31 0.0 1
0.7692307692307693 32 0.0 1
0.7692307692307693 33 0.0 1
0.7692307692307693 34 0.0 1
0.7692307692307693 35 0.0 1
0.7692307692307693 36 0.0 1
0.7692307692307693 37 0.0 1
0.7692307692307693 38 0.0 1
0.7692307692307693 39 0.0 1
0.7794871794871795 0 0.0 1
0.7794871794871795 1 0.0 1
0.7794871794871795 2 -0.006216703168904773 2
0.7794871794871795 3 0.0 1
0.7794871794871795 4 0.0 1
0.7794871794871795 5 0.0 1
0.7794871794871795 6 0.0 1
0.7794871794871795 7 0.0 1
0.7794871794871795 8 0.0 1
0.7794871794871795 9 0.0 1
0.7794871794871795 10 0.0 1
0.7794871794871795 11 0.0 1
0.7794871794871795 12 0.0 1
0.7794871794871795 13 0.0 1
0.7794871794871795 14 0.0 1
0.7794871794871795 15 0.0 1
0.7794871794871795 16 0.0 1
0.7794871794871795 17 0.0 1
0.7794871794871795 18 0.0 1
0.7794871794871795 19 0.0 1
0.7794871794871795 20 0.0 1
0.7794871794871795 21 0.0 1
0.7794871794871795 22 0.0 1
0.7794871794871795 23 0.0 1
0.7794871794871795 24 0.0 1
0.7794871794871795 25 0.0 1
0.7794871794871795 26 0.0 1
0.7794871794871795 27 0.0 1
0.7794871794871795 28 0.0 1
0.7794871794871795 29 0.0 1
0.7794871794871795 30 0.0 1
0.7794871794871795 31 0.0 1
0.7794871794871795 32 0.0 1
0.7794871794871795 33 0.0 1
0.7794871794871795 34 0.0 1
0.7794871794871795 35 0.0 1
0.7794871794871795 36 0.0 1
0.7794871794871795 37 0.0 1
0.7794871794871795 38 0.0 1
0.7794871794871795 39 0.0 1
0.7897435897435898 0 0.0 1
0.7897435897435898 1 0.0 1
0.7897435897435898 2 0.0 1
0.7897435897435898 3 0.0 1
0.7897435897435898 4 0.0 1
0.7897435897435898 5 0.0 1
0.7897435897435898 6 0.0 1
0.7897435897435898 7 0.0 1
0.7897435897435898 8 0.0 1
0.7897435897435898 9 0.0 1
0.7897435897435898 10 0.0 1
0.7897435897435898 11 0.0 1
0.7897435897435898 12 0.0 1
0.7897435897435898 13 0.0 1
0.7897435897435898 14 0.0 1
0.7897435897435898 15 0.0 1
0.7897435897435898 16 0.0 1
0.7897435897435898 17 0.0 1
0.7897435897435898 18 0.0 1
0.7897435897435898 19 0.0 1
0.7897435897435898 20 0.0 1
0.7897435897435898 21 0.0 1
0.7897435897435898 22 0.0 1
0.7897435897435898 23 0.0 1
0.7897435897435898 24 0.0 1
0.7897435897435898 25 0.0 1
0.7897435897435898 26 0.0 1
0.7897435897435898 27 0.0 1
0.7897435897435898 28 0.0 1
0.7897435897435898 29 0.0 1
0.7897435897435898 30 0.0 1
0.7897435897435898 31 0.0 1
0.7897435897435898 32 0.0 1
0.7897435897435898 33 0.0 1
0.7897435897435898 34 0.0 1
0.7897435897435898 35 0.0 1
0.7897435897435898 36 0.0 1
0.7897435897435898 37 0.0 1
0.7897435897435898 38 0.0 1
0.7897435897435898 39 0.0 1
0.8 0 0.0 1
0.8 1 0.0 1
0.8 2 0.0 1
0.8 3 0.0 1
0.8 4 0.0 1
0.8 5 0.0 1
0.8 6 0.0 1
0.8 7 0.0 1
0.8 8 0.0 1
0.8 9 0.0 1
0.8 10 0.0 1
0.8 11 0.016404064221717182 2
0.8 12 0.0 1
0.8 13 0.0 1
0.8 14 0.0 1
0.8 15 0.0 1
0.8 16 0.0 1
0.8 17 0.0 1
0.8 18 0.0 1
0.8 19 0.0 1
0.8 20 0.0 1
0.8 21 0.0 1
0.8 22 0.0 1
0.8 23 0.0 1
0.8 24 0.0 1
0.8 25 0.0 1
0.8 26 0.0 1
0.8 27 0.0 1
0.8 28 0.001547502594597251 2
0.8 29 0.0 1
0.8 30 0.0 1
0.8 31 0.0 1
0.8 32 0.0 1
0.8 33 0.0 1
0.8 34 0.0 1
0.8 35 0.0 1
0.8 36 0.0 1
0.8 37 0.0 1
0.8 38 0.0 1
0.8 39 0.0 1
