0.1 0 0.9732587859120675 2 1558.669310092926
0.1 1 0.9770888877867195 2 1664.268226146698
0.10900000000000001 0 0.975159495892252 2 1615.6338636875153
0.10900000000000001 1 0.9652493136659733 2 1679.4965591430664
0.11800000000000001 0 0.9671468962992985 2 1653.2418167591095
0.11800000000000001 1 0.9643936307873201 2 1878.6963465213776
0.136 0 0.9560007686914556 2 1820.3821420669556
0.136 1 0.9407773127731276 2 1774.2482540607452
0.127 0 0.9602347523455639 2 1779.0586507320404
0.127 1 0.9530952919903921 2 2036.811155796051
0.14500000000000002 0 0.9421100265401395 2 1855.2791917324066
0.14500000000000002 1 0.9345451686238163 2 2072.0209271907806
0.15400000000000003 0 0.9349468338057838 2 2053.3284327983856
0.15400000000000003 1 0.9278854271685907 2 2028.9307098388672
0.163 0 0.9255984915444807 2 2053.7303261756897
0.163 1 0.9182748215177894 2 2090.6698286533356
0.17200000000000001 0 0.9136293926808895 2 2184.085373401642
0.17200000000000001 1 0.9029766524055648 2 2025.373356103897
0.18100000000000002 0 0.9004028430213692 2 2172.6319527626038
0.18100000000000002 1 0.9026472012506951 2 2151.655128955841
0.19 0 0.8847073087019847 2 2426.926961183548
0.19 1 0.8882497293772903 2 2209.947806596756
0.199 0 0.8705890871694829 2 2392.4403698444366
0.199 1 0.8732536269348973 2 2317.3011214733124
0.21700000000000003 0 0.8404079298799755 2 2679.9533166885376
0.21700000000000003 1 0.8405984129908249 2 2566.256453514099
0.20800000000000002 0 0.8576454825755846 2 2816.931430578232
0.20800000000000002 1 0.8550176644534694 2 2590.2976620197296
0.226 0 0.8259294917865989 2 2840.8977239131927
0.226 1 0.8236495935337017 2 2676.7651278972626
0.23500000000000001 0 0.8128437121599835 2 2937.549556016922
0.23500000000000001 1 0.8056034676861457 2 2756.640037059784
0.24400000000000002 0 0.7904831259399754 2 3041.1991713047028
0.24400000000000002 1 0.7906243293442524 2 3043.551057100296
0.253 0 0.7724152368522182 2 3007.3176233768463
0.253 1 0.774775573680576 2 3315.300624847412
0.262 0 0.7549702336078493 2 3309.9814944267273
0.262 1 0.7531367259333906 2 3218.821268081665
0.271 0 0.7296868374795501 2 3282.2090203762054
0.271 1 0.731729894465182 2 3443.623999118805
0.28 0 0.7083874700210984 2 3844.8904643058777
0.28 1 0.710207461196093 2 3465.4094936847687
0.28900000000000003 0 0.6893389839756702 2 4001.142919778824
0.28900000000000003 1 0.6836350681272799 2 3660.202316761017
0.29800000000000004 0 0.6678155036221138 2 3849.1136384010315
0.29800000000000004 1 0.6545509342150142 2 3709.1077375411987
0.30700000000000005 0 0.6419714824406647 2 3941.0085763931274
0.30700000000000005 1 0.6296065793353148 2 3902.5513179302216
0.31600000000000006 0 0.6245744973996105 2 4048.7577252388
0.31600000000000006 1 0.6038337594363625 2 4084.6249783039093
0.32500000000000007 0 0.5919676069691954 2 4517.6024713516235
0.32500000000000007 1 0.5826143202046501 2 4355.6697590351105
0.3340000000000001 0 0.5654222401741467 2 4343.421837568283
0.3340000000000001 1 0.549219000258527 2 4376.147099971771
0.343 0 0.5273187352267499 2 4579.255579471588
0.343 1 0.5267880983962094 2 4565.952263355255
0.352 0 0.5025056356446542 2 4655.797030210495
0.352 1 0.4944678177742937 2 4755.075253009796
0.361 0 0.4733199465616356 2 5036.037770986557
0.361 1 0.4715085699116102 2 5268.388984680176
0.37 0 0.43954549103042934 2 5337.602306365967
0.37 1 0.4387215652220099 2 5795.207869529724
0.379 0 0.4082076833590583 2 5899.341022014618
0.379 1 0.39804323581873463 2 5660.132125616074
0.388 0 0.39123679442543446 2 5725.354998350143
0.388 1 0.37177837593936847 2 6029.447698831558
0.397 0 0.34016340628749075 2 6540.874858379364
0.397 1 0.34627780386105356 2 6722.124111652374
0.406 0 0.31512758097223087 2 6963.043087720871
0.406 1 0.32078526883596054 2 6913.994483709335
0.41500000000000004 0 0.28342040587318934 2 7873.714248657227
0.41500000000000004 1 0.2854670047425337 2 7254.087495326996
0.42400000000000004 0 0.2560859567325341 2 7819.120431900024
0.42400000000000004 1 0.25856845861842526 2 8040.109379768372
0.43300000000000005 0 0.2187433803527155 2 8494.756341695786
0.43300000000000005 1 0.2229707559699623 2 8501.682406425476
0.44200000000000006 0 0.187177051756627 2 9622.231302022934
0.44200000000000006 1 0.1797923413605433 2 10212.478986263275
0.45100000000000007 0 0.13718789949014198 2 11357.949116230011
0.45100000000000007 1 0.169634816288093 2 11377.169338703156
0.4600000000000001 0 0.10172363307012341 2 14512.785633325577
0.4600000000000001 1 0.12826339987960375 2 15409.635223150253
0.4690000000000001 0 0.10263102871442102 2 15346.430067539215
0.4690000000000001 1 0.09941224467454404 2 15615.419833898544
0.4780000000000001 0 0.08222745806317149 2 16437.996785402298
0.4780000000000001 1 0.07779912065547534 2 15173.923434734344
0.4870000000000001 0 0.03076915792828186 2 16438.49089360237
0.4870000000000001 1 0.06337579556722768 2 16408.744666814804
0.496 0 0.014066695349119866 2 16477.396153450012
0.496 1 0.04410920967546841 2 16425.77351999283
0.505 0 0.0036637260925657675 2 16452.983163833618
0.505 1 0.010355400104048073 2 16445.869507551193
0.514 0 0.0016156077847056375 2 16319.42091703415
0.514 1 0.00959309607246589 2 16365.66885638237
0.523 0 2.6049923203855215e-05 2 16372.993089675903
0.523 1 0.003178120048984446 2 16400.56013917923
0.55 0 -1.6348885763612593e-05 2 8956.127243041992
0.55 1 0.0011189499198278286 2 8891.977395057678
0.559 0 0.0009638889923757313 2 7768.189755678177
0.559 1 4.243621819435848e-05 2 7618.1633040905
0.532 0 0.00011734616991329911 2 13720.739787578583
0.532 1 -1.008088505404455e-05 2 13971.01422047615
0.5680000000000001 0 -1.288623084453135e-05 2 6825.736039400101
0.5680000000000001 1 0.001415768758161214 2 6740.5827095508575
0.541 0 -1.9417153966303615e-05 2 10989.844795703888
0.541 1 0.00010164759273394316 2 10891.575256586075
0.5770000000000001 0 -2.0965796909674955e-05 2 6096.808352470398
0.5770000000000001 1 0.00023092870036570587 2 6112.328935146332
0.5860000000000001 0 0.0002607146709656524 2 5523.675585269928
0.5860000000000001 1 -1.8391190574218882e-05 2 5631.035192251205
0.5950000000000001 0 8.014205924425068e-06 2 5135.4159524440765
0.5950000000000001 1 -2.0555321366677365e-05 2 5087.169915437698
