0.4 0 0.29221148523701707 2 386.88759446144104
0.4 1 0.28888249569388846 2 402.2515423297882
0.4 2 0.28888249569388846 2 381.4408972263336
0.4 3 0.28888249569388846 2 380.7424991130829
0.4 4 0.28888249569388846 2 383.34390234947205
0.4 5 0.28888249569388846 2 380.5284118652344
0.4 6 0.28888249569388846 2 386.68618154525757
0.4 7 0.28888249569388846 2 379.3169574737549
0.4 8 0.28888249569388846 2 373.93792939186096
0.4 9 0.28888249569388846 2 375.41205286979675
0.402 0 0.31550989913357536 2 364.2441530227661
0.402 1 0.2814941092419967 2 501.65921664237976
0.402 2 0.2814941092419967 2 479.99335265159607
0.402 3 0.2814941092419967 2 479.14931774139404
0.402 4 0.2814941092419967 2 479.9784643650055
0.402 5 0.2814941092419967 2 487.3763415813446
0.402 6 0.2814941092419967 2 473.0563442707062
0.402 7 0.2814941092419967 2 472.4284737110138
0.402 8 0.2814941092419967 2 473.3186237812042
0.402 9 0.2814941092419967 2 480.21827697753906
0.404 0 0.2814373074567034 2 357.26329278945923
0.404 1 0.2814373074567034 2 362.0380856990814
0.404 2 0.2814373074567034 2 364.5246436595917
0.404 3 0.2814373074567034 2 359.71289253234863
0.404 4 0.2814373074567034 2 368.5996787548065
0.404 5 0.2814373074567034 2 358.92146158218384
0.404 6 0.2814373074567034 2 358.2722518444061
0.404 7 0.2814373074567034 2 358.5583233833313
0.404 8 0.2814373074567034 2 356.56215381622314
0.404 9 0.2814373074567034 2 355.81555700302124
0.406 0 0.25626212502027557 2 390.24984312057495
0.406 1 0.25626212502027557 2 391.5456624031067
0.406 2 0.25626212502027557 2 391.5529477596283
0.406 3 0.25626212502027557 2 384.2179527282715
0.406 4 0.25626212502027557 2 383.822470664978
0.406 5 0.25626212502027557 2 383.73686599731445
0.406 6 0.25626212502027557 2 383.62646651268005
0.406 7 0.25626212502027557 2 383.589289188385
0.406 8 0.25626212502027557 2 383.09451818466187
0.406 9 0.25626212502027557 2 384.35450410842896
0.40800000000000003 0 0.262660345860084 2 396.35541582107544
0.40800000000000003 1 0.262660345860084 2 395.8657648563385
0.40800000000000003 2 0.262660345860084 2 397.0778908729553
0.40800000000000003 3 0.262660345860084 2 401.4497621059418
0.40800000000000003 4 0.262660345860084 2 401.45037269592285
0.40800000000000003 5 0.262660345860084 2 401.28005385398865
0.40800000000000003 6 0.262660345860084 2 402.5043954849243
0.40800000000000003 7 0.262660345860084 2 403.3817102909088
0.40800000000000003 8 0.262660345860084 2 402.5942132472992
0.40800000000000003 9 0.262660345860084 2 403.2149157524109
0.41000000000000003 0 0.24848888544175357 2 452.0513973236084
0.41000000000000003 1 0.24848888544175357 2 451.649765253067
0.41000000000000003 2 0.24848888544175357 2 451.6704659461975
0.41000000000000003 3 0.24848888544175357 2 451.190345287323
0.41000000000000003 4 0.24848888544175357 2 452.6582181453705
0.41000000000000003 5 0.24848888544175357 2 451.7633202075958
0.41000000000000003 6 0.24848888544175357 2 451.5894818305969
0.41000000000000003 7 0.24848888544175357 2 452.2631859779358
0.41000000000000003 8 0.24848888544175357 2 451.80338406562805
0.41000000000000003 9 0.24848888544175357 2 451.86143231391907
0.41200000000000003 0 0.2527136039870389 2 432.5317680835724
0.41200000000000003 1 0.2527136039870389 2 431.45940017700195
0.41200000000000003 2 0.2527136039870389 2 431.1522784233093
0.41200000000000003 3 0.2527136039870389 2 430.9492428302765
0.41200000000000003 4 0.2527136039870389 2 430.6555850505829
0.41200000000000003 5 0.2527136039870389 2 429.82269191741943
0.41200000000000003 6 0.2527136039870389 2 429.06805443763733
0.41200000000000003 7 0.2527136039870389 2 429.5822982788086
0.41200000000000003 8 0.2527136039870389 2 428.89395475387573
0.41200000000000003 9 0.2527136039870389 2 429.0587155818939
0.41400000000000003 0 0.2415117660130706 2 472.28026056289673
0.41400000000000003 1 0.2415117660130706 2 472.4515771865845
0.41400000000000003 2 0.2415117660130706 2 473.3198456764221
0.41400000000000003 3 0.2415117660130706 2 473.8711624145508
0.41400000000000003 4 0.2415117660130706 2 473.06587505340576
0.41400000000000003 5 0.2415117660130706 2 472.6299624443054
0.41400000000000003 6 0.2415117660130706 2 472.447970867157
0.41400000000000003 7 0.2415117660130706 2 472.83051085472107
0.41400000000000003 8 0.2415117660130706 2 473.03590750694275
0.41400000000000003 9 0.2415117660130706 2 473.4116744995117
0.41600000000000004 0 0.24288609602726283 2 482.66405606269836
0.41600000000000004 1 0.24288609602726283 2 480.4720358848572
0.41600000000000004 2 0.24288609602726283 2 481.227032661438
0.41600000000000004 3 0.24288609602726283 2 480.05772733688354
0.41600000000000004 4 0.24288609602726283 2 481.6644968986511
0.41600000000000004 5 0.24288609602726283 2 481.3335347175598
0.41600000000000004 6 0.24288609602726283 2 481.646919965744
0.41600000000000004 7 0.24288609602726283 2 481.5007629394531
0.41600000000000004 8 0.24288609602726283 2 481.1469805240631
0.41600000000000004 9 0.24288609602726283 2 482.2437629699707
0.41800000000000004 0 0.22367264795470912 2 485.8574643135071
0.41800000000000004 1 0.22367264795470912 2 485.6346826553345
0.41800000000000004 2 0.22367264795470912 2 485.739506483078
0.41800000000000004 3 0.22367264795470912 2 485.0669615268707
0.41800000000000004 4 0.22367264795470912 2 486.7859318256378
0.41800000000000004 5 0.22367264795470912 2 485.46922063827515
0.41800000000000004 6 0.22367264795470912 2 485.07131910324097
0.41800000000000004 7 0.22367264795470912 2 485.61187720298767
0.41800000000000004 8 0.22367264795470912 2 485.28860688209534
0.41800000000000004 9 0.22367264795470912 2 485.7709743976593
0.42000000000000004 0 0.24526757545952554 2 492.89133405685425
0.42000000000000004 1 0.24526757545952554 2 492.08828949928284
0.42000000000000004 2 0.24526757545952554 2 492.75351095199585
0.42000000000000004 3 0.24526757545952554 2 491.41457772254944
0.42000000000000004 4 0.24526757545952554 2 492.49800300598145
0.42000000000000004 5 0.24526757545952554 2 492.5904211997986
0.42000000000000004 6 0.24526757545952554 2 493.028981924057
0.42000000000000004 7 0.24526757545952554 2 492.9701187610626
0.42000000000000004 8 0.24526757545952554 2 491.7594962120056
0.42000000000000004 9 0.24526757545952554 2 492.492723941803
0.42200000000000004 0 0.2184415679766066 2 452.72546911239624
0.42200000000000004 1 0.2184415679766066 2 452.08373260498047
0.42200000000000004 2 0.2184415679766066 2 452.01234912872314
0.42200000000000004 3 0.2184415679766066 2 451.4994463920593
0.42200000000000004 4 0.2184415679766066 2 450.9797012805939
0.42200000000000004 5 0.2184415679766066 2 452.53011107444763
0.42200000000000004 6 0.2184415679766066 2 453.7779197692871
0.42200000000000004 7 0.2184415679766066 2 451.644451379776
0.42200000000000004 8 0.2184415679766066 2 451.17786979675293
0.42200000000000004 9 0.2184415679766066 2 452.14232063293457
0.42400000000000004 0 0.212223547601232 2 629.0639357566833
0.42400000000000004 1 0.212223547601232 2 628.0893013477325
0.42400000000000004 2 0.212223547601232 2 629.0070152282715
0.42400000000000004 3 0.212223547601232 2 628.4540691375732
0.42400000000000004 4 0.212223547601232 2 629.8807561397552
0.42400000000000004 5 0.212223547601232 2 628.016676902771
0.42400000000000004 6 0.212223547601232 2 626.6303672790527
0.42400000000000004 7 0.212223547601232 2 630.3687927722931
0.42400000000000004 8 0.212223547601232 2 630.4748778343201
0.42400000000000004 9 0.212223547601232 2 631.3199405670166
0.42600000000000005 0 0.20982938445542287 2 543.1460437774658
0.42600000000000005 1 0.20982938445542287 2 542.610493183136
0.42600000000000005 2 0.20982938445542287 2 544.4578776359558
0.42600000000000005 3 0.20982938445542287 2 542.577276468277
0.42600000000000005 4 0.20982938445542287 2 541.5265316963196
0.42600000000000005 5 0.20982938445542287 2 541.4775338172913
0.42600000000000005 6 0.20982938445542287 2 542.5015749931335
0.42600000000000005 7 0.20982938445542287 2 541.6981327533722
0.42600000000000005 8 0.20982938445542287 2 543.6159603595734
0.42600000000000005 9 0.20982938445542287 2 541.9673917293549
0.428 0 0.19609192604098127 2 478.40958547592163
0.428 1 0.19609192604098127 2 473.52295875549316
0.428 2 0.19609192604098127 2 474.3080060482025
0.428 3 0.19609192604098127 2 476.94757866859436
0.428 4 0.19609192604098127 2 476.7429268360138
0.428 5 0.19609192604098127 2 477.8255355358124
0.428 6 0.19609192604098127 2 476.43128967285156
0.428 7 0.19609192604098127 2 476.71836590766907
0.428 8 0.19609192604098127 2 476.84324407577515
0.428 9 0.19609192604098127 2 476.51436138153076
0.43 0 0.18456206764689617 2 457.8209481239319
0.43 1 0.18456206764689617 2 457.7144684791565
0.43 2 0.18456206764689617 2 457.4176461696625
0.43 3 0.18456206764689617 2 457.89347648620605
0.43 4 0.18456206764689617 2 458.49754643440247
0.43 5 0.18456206764689617 2 457.93539595603943
0.43 6 0.18456206764689617 2 457.78961086273193
0.43 7 0.18456206764689617 2 457.4627134799957
0.43 8 0.18456206764689617 2 457.29241490364075
0.43 9 0.18456206764689617 2 458.35745549201965
0.432 0 0.1866586224348771 2 495.7246723175049
0.432 1 0.1866586224348771 2 493.9541964530945
0.432 2 0.1866586224348771 2 492.6127243041992
0.432 3 0.1866586224348771 2 492.5271339416504
0.432 4 0.1866586224348771 2 492.75316762924194
0.432 5 0.1866586224348771 2 492.0889072418213
0.432 6 0.1866586224348771 2 517.4811692237854
0.432 7 0.1866586224348771 2 540.8992710113525
0.432 8 0.1866586224348771 2 542.1220850944519
0.432 9 0.1866586224348771 2 538.2439727783203
0.434 0 0.17897454497170415 2 477.87886786460876
0.434 1 0.17897454497170415 2 478.65881872177124
0.434 2 0.17897454497170415 2 480.3029010295868
0.434 3 0.17897454497170415 2 478.8978633880615
0.434 4 0.17897454497170415 2 479.8582413196564
0.434 5 0.17897454497170415 2 519.514434337616
0.434 6 0.17897454497170415 2 515.5368430614471
0.434 7 0.17897454497170415 2 527.4385542869568
0.434 8 0.17897454497170415 2 523.8546006679535
0.434 9 0.17897454497170415 2 528.274374961853
0.436 0 0.17671893389402316 2 607.541045665741
0.436 1 0.17671893389402316 2 606.2565088272095
0.436 2 0.17671893389402316 2 600.3089714050293
0.436 3 0.17671893389402316 2 608.3981039524078
0.436 4 0.17671893389402316 2 617.0207636356354
0.436 5 0.17671893389402316 2 614.7712514400482
0.436 6 0.17671893389402316 2 613.4936661720276
0.436 7 0.17671893389402316 2 610.7236926555634
0.436 8 0.17671893389402316 2 617.3122608661652
0.436 9 0.17671893389402316 2 608.3798875808716
0.438 0 0.17890027390705743 2 566.0963315963745
0.438 1 0.17890027390705743 2 562.9256796836853
0.438 2 0.17890027390705743 2 569.3166663646698
0.438 3 0.17890027390705743 2 570.0316457748413
0.438 4 0.17890027390705743 2 579.039258480072
0.438 5 0.17890027390705743 2 570.1514928340912
0.438 6 0.17890027390705743 2 578.9956722259521
0.438 7 0.17890027390705743 2 574.6879773139954
0.438 8 0.17890027390705743 2 571.797646522522
0.438 9 0.17890027390705743 2 572.2820086479187
0.44 0 0.16825645773005984 2 558.0008585453033
0.44 1 0.16825645773005984 2 552.6248450279236
0.44 2 0.16825645773005984 2 547.7499821186066
0.44 3 0.16825645773005984 2 503.3580713272095
0.44 4 0.16825645773005984 2 485.80650186538696
0.44 5 0.16825645773005984 2 486.1813189983368
0.44 6 0.16825645773005984 2 486.1433391571045
0.44 7 0.16825645773005984 2 485.7938024997711
0.44 8 0.16825645773005984 2 486.816118478775
0.44 9 0.16825645773005984 2 485.8975660800934
0.442 0 0.1590187828679744 2 643.6862742900848
0.442 1 0.1590187828679744 2 648.1926875114441
0.442 2 0.1590187828679744 2 596.9977428913116
0.442 3 0.1590187828679744 2 564.2169296741486
0.442 4 0.1590187828679744 2 564.8958494663239
0.442 5 0.1590187828679744 2 564.8817052841187
0.442 6 0.1590187828679744 2 564.7255601882935
0.442 7 0.1590187828679744 2 565.2102560997009
0.442 8 0.1590187828679744 2 564.9662656784058
0.442 9 0.1590187828679744 2 564.2870750427246
0.444 0 0.16378697166253944 2 506.1021189689636
0.444 1 0.16378697166253944 2 505.67012000083923
0.444 2 0.16378697166253944 2 505.30797004699707
0.444 3 0.16378697166253944 2 505.1605966091156
0.444 4 0.16378697166253944 2 506.37285566329956
0.444 5 0.16378697166253944 2 505.1142678260803
0.444 6 0.16378697166253944 2 505.83209204673767
0.444 7 0.16378697166253944 2 505.8135395050049
0.444 8 0.16378697166253944 2 505.73649311065674
0.444 9 0.16378697166253944 2 505.6299319267273
0.446 0 0.15464246175943536 2 538.8864364624023
0.446 1 0.15464246175943536 2 538.5429809093475
0.446 2 0.15464246175943536 2 539.8278543949127
0.446 3 0.15464246175943536 2 538.573832988739
0.446 4 0.15464246175943536 2 539.618554353714
0.446 5 0.15464246175943536 2 539.7074291706085
0.446 6 0.15464246175943536 2 539.924075126648
0.446 7 0.15464246175943536 2 540.3735001087189
0.446 8 0.15464246175943536 2 539.3651938438416
0.446 9 0.15464246175943536 2 540.0560059547424
0.448 0 -2.3836166422618166e-05 2 599.0459036827087
0.448 1 -2.3836166422618166e-05 2 598.9330124855042
0.448 2 -2.3836166422618166e-05 2 597.7430489063263
0.448 3 -2.3836166422618166e-05 2 601.1112358570099
0.448 4 -2.3836166422618166e-05 2 597.6042211055756
0.448 5 -2.3836166422618166e-05 2 598.3427045345306
0.448 6 -2.3836166422618166e-05 2 598.3762946128845
0.448 7 -2.3836166422618166e-05 2 598.3085260391235
0.448 8 -2.3836166422618166e-05 2 598.9559292793274
0.448 9 -2.3836166422618166e-05 2 618.2701363563538
0.45 0 0.15047640508836188 2 581.6673316955566
0.45 1 0.15047640508836188 2 584.3767848014832
0.45 2 0.15047640508836188 2 581.1202144622803
0.45 3 0.15047640508836188 2 581.8301799297333
0.45 4 0.15047640508836188 2 581.66543841362
0.45 5 0.15047640508836188 2 581.4804036617279
0.45 6 0.15047640508836188 2 581.8557317256927
0.45 7 0.15047640508836188 2 601.4194686412811
0.45 8 0.15047640508836188 2 580.5910387039185
0.45 9 0.15047640508836188 2 581.9646992683411
0.452 0 0.1529394889928149 2 527.3431217670441
0.452 1 0.1529394889928149 2 527.7686409950256
0.452 2 0.1529394889928149 2 528.2055718898773
0.452 3 0.1529394889928149 2 528.40469789505
0.452 4 0.1529394889928149 2 527.8704054355621
0.452 5 0.1529394889928149 2 528.1538286209106
0.452 6 0.1529394889928149 2 528.142217874527
0.452 7 0.1529394889928149 2 527.5844855308533
0.452 8 0.1529394889928149 2 528.301525592804
0.452 9 0.1529394889928149 2 527.4525136947632
0.454 0 0.14869313324225736 2 594.7381677627563
0.454 1 0.14869313324225736 2 595.3693649768829
0.454 2 0.14869313324225736 2 595.3001408576965
0.454 3 0.14869313324225736 2 594.9764008522034
0.454 4 0.14869313324225736 2 594.5364487171173
0.454 5 0.14869313324225736 2 595.4954810142517
0.454 6 0.14869313324225736 2 594.037829875946
0.454 7 0.14869313324225736 2 594.6968767642975
0.454 8 0.14869313324225736 2 594.6801106929779
0.454 9 0.14869313324225736 2 595.015976190567
0.456 0 0.14958174020306184 2 589.534984588623
0.456 1 0.14958174020306184 2 589.1191430091858
0.456 2 0.14958174020306184 2 589.2847394943237
0.456 3 0.14958174020306184 2 589.2076563835144
0.456 4 0.14958174020306184 2 590.0399644374847
0.456 5 0.14958174020306184 2 589.3323469161987
0.456 6 0.14958174020306184 2 590.1115596294403
0.456 7 0.14958174020306184 2 588.8768410682678
0.456 8 0.14958174020306184 2 588.4181485176086
0.456 9 0.14958174020306184 2 588.9803705215454
0.458 0 0.0032992560866626866 2 721.9203860759735
0.458 1 0.0032992560866626866 2 722.9912338256836
0.458 2 0.0032992560866626866 2 721.9979839324951
0.458 3 0.0032992560866626866 2 721.7989645004272
0.458 4 0.0032992560866626866 2 721.2279708385468
0.458 5 0.0032992560866626866 2 721.6233847141266
0.458 6 0.0032992560866626866 2 721.924482345581
0.458 7 0.0032992560866626866 2 721.4146485328674
0.458 8 0.0032992560866626866 2 721.0428371429443
0.458 9 0.0032992560866626866 2 721.678699016571
0.46 0 0.1466380866814113 2 605.5123524665833
0.46 1 0.1466380866814113 2 605.1272368431091
0.46 2 0.1466380866814113 2 604.4598212242126
0.46 3 0.1466380866814113 2 604.7990672588348
0.46 4 0.1466380866814113 2 605.274640083313
0.46 5 0.1466380866814113 2 641.5186734199524
0.46 6 0.1466380866814113 2 625.3299810886383
0.46 7 0.1466380866814113 2 625.1378035545349
0.46 8 0.1466380866814113 2 624.9335923194885
0.46 9 0.1466380866814113 2 624.0986728668213
0.462 0 0.14377148546351387 2 719.8085222244263
0.462 1 0.14377148546351387 2 702.3190801143646
0.462 2 0.14377148546351387 2 700.7145218849182
0.462 3 0.14377148546351387 2 699.6083793640137
0.462 4 0.14377148546351387 2 699.02530169487
0.462 5 0.14377148546351387 2 702.4810132980347
0.462 6 0.14377148546351387 2 700.5444972515106
0.462 7 0.14377148546351387 2 703.5043051242828
0.462 8 0.14377148546351387 2 701.7190587520599
0.462 9 0.14377148546351387 2 701.0618877410889
0.464 0 0.13804484154187724 2 721.6517245769501
0.464 1 0.13804484154187724 2 723.7568109035492
0.464 2 0.13804484154187724 2 722.4296927452087
0.464 3 0.13804484154187724 2 720.5945062637329
0.464 4 0.13804484154187724 2 722.7616581916809
0.464 5 0.13804484154187724 2 722.5892517566681
0.464 6 0.13804484154187724 2 720.5866479873657
0.464 7 0.13804484154187724 2 720.1443765163422
0.464 8 0.13804484154187724 2 720.2288813591003
0.464 9 0.13804484154187724 2 718.5044484138489
0.466 0 0.12846730314571478 2 785.6651995182037
0.466 1 0.12846730314571478 2 785.2883825302124
0.466 2 0.12846730314571478 2 783.9419355392456
0.466 3 0.12846730314571478 2 785.8876252174377
0.466 4 0.12846730314571478 2 785.0057101249695
0.466 5 0.12846730314571478 2 783.5480432510376
0.466 6 0.12846730314571478 2 782.9161791801453
0.466 7 0.12846730314571478 2 782.6433172225952
0.466 8 0.12846730314571478 2 785.9548306465149
0.466 9 0.12846730314571478 2 853.2408356666565
0.468 0 0.08739336848808493 2 1016.0117716789246
0.468 1 0.08739336848808493 2 1014.8861162662506
0.468 2 0.08739336848808493 2 1014.0592741966248
0.468 3 0.08739336848808493 2 1029.2401762008667
0.468 4 0.08739336848808493 2 1097.4222309589386
0.468 5 0.08739336848808493 2 1016.3396143913269
0.468 6 0.08739336848808493 2 1015.3261425495148
0.468 7 0.08739336848808493 2 1016.3973171710968
0.468 8 0.08739336848808493 2 1016.1150486469269
0.468 9 0.08739336848808493 2 1015.8865537643433
0.47000000000000003 0 0.12469314860181623 2 838.6669809818268
0.47000000000000003 1 0.12469314860181623 2 811.5162801742554
0.47000000000000003 2 0.12469314860181623 2 813.0981867313385
0.47000000000000003 3 0.12469314860181623 2 811.4096913337708
0.47000000000000003 4 0.12469314860181623 2 811.4539093971252
0.47000000000000003 5 0.12469314860181623 2 811.1450681686401
0.47000000000000003 6 0.12469314860181623 2 812.0140249729156
0.47000000000000003 7 0.12469314860181623 2 815.9766852855682
0.47000000000000003 8 0.12469314860181623 2 844.9667506217957
0.47000000000000003 9 0.12469314860181623 2 838.8199784755707
0.472 0 0.10921534409900172 2 1026.1683254241943
0.472 1 0.10921534409900172 2 1057.64164686203
0.472 2 0.10921534409900172 2 1088.694683790207
0.472 3 0.10921534409900172 2 1101.1880066394806
0.472 4 0.10921534409900172 2 1029.9086964130402
0.472 5 0.10921534409900172 2 1027.779705286026
0.472 6 0.10921534409900172 2 1031.9154345989227
0.472 7 0.10921534409900172 2 1031.3907170295715
0.472 8 0.10921534409900172 2 1026.5472848415375
0.472 9 0.10921534409900172 2 1029.8722429275513
0.474 0 0.10100017695389632 2 1095.0452237129211
0.474 1 0.10100017695389632 2 1054.5190889835358
0.474 2 0.10100017695389632 2 1013.0072512626648
0.474 3 0.10100017695389632 2 1017.3679571151733
0.474 4 0.10100017695389632 2 1012.8082234859467
0.474 5 0.10100017695389632 2 1016.6607699394226
0.474 6 0.10100017695389632 2 1012.5193042755127
0.474 7 0.10100017695389632 2 1015.7991881370544
0.474 8 0.10100017695389632 2 1011.5018582344055
0.474 9 0.10100017695389632 2 1015.3364243507385
0.476 0 0.11199597992472922 2 1027.438901424408
0.476 1 0.11199597992472922 2 1028.108811378479
0.476 2 0.11199597992472922 2 1027.7571709156036
0.476 3 0.11199597992472922 2 1029.3404614925385
0.476 4 0.11199597992472922 2 1034.4660260677338
0.476 5 0.11199597992472922 2 1108.8714401721954
0.476 6 0.11199597992472922 2 1093.3306877613068
0.476 7 0.11199597992472922 2 1170.4302792549133
0.476 8 0.11199597992472922 2 1098.895975112915
0.476 9 0.11199597992472922 2 1077.7688150405884
0.478 0 0.0007296620350300491 2 847.3412089347839
0.478 1 0.0007296620350300491 2 847.9985854625702
0.478 2 0.0007296620350300491 2 846.3235621452332
0.478 3 0.0007296620350300491 2 910.0863859653473
0.478 4 0.0007296620350300491 2 891.743182182312
0.478 5 0.0007296620350300491 2 909.181346654892
0.478 6 0.0007296620350300491 2 974.8942635059357
0.478 7 0.0007296620350300491 2 901.3647181987762
0.478 8 0.0007296620350300491 2 896.9815020561218
0.478 9 0.0007296620350300491 2 849.0113685131073
0.482 0 0.0005295489887776093 2 772.1645686626434
0.482 1 0.0005295489887776093 2 829.4364397525787
0.482 2 0.0005295489887776093 2 823.5313060283661
0.482 3 0.0005295489887776093 2 803.8554816246033
0.482 4 0.0005295489887776093 2 788.0162568092346
0.482 5 0.0005295489887776093 2 790.237381696701
0.482 6 0.0005295489887776093 2 775.7007973194122
0.482 7 0.0005295489887776093 2 903.7576031684875
0.482 8 0.0005295489887776093 2 901.6841053962708
0.482 9 0.0005295489887776093 2 891.2868587970734
0.48 0 0.0011995539606240173 2 871.1351201534271
0.48 1 0.0011995539606240173 2 905.7017483711243
0.48 2 0.0011995539606240173 2 916.7362327575684
0.48 3 0.0011995539606240173 2 940.660364151001
0.48 4 0.0011995539606240173 2 893.6643669605255
0.48 5 0.0011995539606240173 2 894.4392690658569
0.48 6 0.0011995539606240173 2 890.7862000465393
0.48 7 0.0011995539606240173 2 1027.7742757797241
0.48 8 0.0011995539606240173 2 1014.5068867206573
0.48 9 0.0011995539606240173 2 1016.5500683784485
0.484 0 0.00022255666285996202 2 940.9174580574036
0.484 1 0.00022255666285996202 2 942.583731174469
0.484 2 0.00022255666285996202 2 954.3037543296814
0.484 3 0.00022255666285996202 2 949.4710514545441
0.484 4 0.00022255666285996202 2 902.0620222091675
0.484 5 0.00022255666285996202 2 884.8757581710815
0.484 6 0.00022255666285996202 2 809.8558216094971
0.484 7 0.00022255666285996202 2 815.9229717254639
0.484 8 0.00022255666285996202 2 811.2995851039886
0.484 9 0.00022255666285996202 2 814.3645920753479
0.486 0 0.03986697326219288 2 1188.6377096176147
0.486 1 0.03986697326219288 2 1204.7729833126068
0.486 2 0.03986697326219288 2 1196.4331896305084
0.486 3 0.03986697326219288 2 1138.1996626853943
0.486 4 0.03986697326219288 2 1045.7193684577942
0.486 5 0.03986697326219288 2 1030.4160706996918
0.486 6 0.03986697326219288 2 1026.8099443912506
0.486 7 0.03986697326219288 2 1033.6496286392212
0.486 8 0.03986697326219288 2 1029.5850701332092
0.486 9 0.03986697326219288 2 1028.1244235038757
0.488 0 0.04125795222634199 2 1033.1812982559204
0.488 1 0.04125795222634199 2 1033.708916425705
0.488 2 0.04125795222634199 2 1030.1385593414307
0.488 3 0.04125795222634199 2 1031.1475431919098
0.488 4 0.04125795222634199 2 1030.0584943294525
0.488 5 0.04125795222634199 2 1024.401564836502
0.488 6 0.04125795222634199 2 1030.9496054649353
0.488 7 0.04125795222634199 2 1029.0686707496643
0.488 8 0.04125795222634199 2 1044.442701101303
0.488 9 0.04125795222634199 2 1023.6374976634979
0.49 0 0.003434545826858104 2 795.982362985611
0.49 1 0.003434545826858104 2 793.2643568515778
0.49 2 0.003434545826858104 2 790.8830046653748
0.49 3 0.003434545826858104 2 790.4855284690857
0.49 4 0.003434545826858104 2 790.9743192195892
0.49 5 0.003434545826858104 2 794.476907491684
0.49 6 0.003434545826858104 2 790.5396466255188
0.49 7 0.003434545826858104 2 809.181515455246
0.49 8 0.003434545826858104 2 789.9389960765839
0.49 9 0.003434545826858104 2 789.3055310249329
0.492 0 0.0025357070686386173 2 702.4584572315216
0.492 1 0.0025357070686386173 2 698.6499149799347
0.492 2 0.0025357070686386173 2 701.3195207118988
0.492 3 0.0025357070686386173 2 701.1960299015045
0.492 4 0.0025357070686386173 2 701.0567481517792
0.492 5 0.0025357070686386173 2 701.6821908950806
0.492 6 0.0025357070686386173 2 699.3929164409637
0.492 7 0.0025357070686386173 2 699.38121509552
0.492 8 0.0025357070686386173 2 702.3567087650299
0.492 9 0.0025357070686386173 2 700.82372879982
0.494 0 0.0009927452684459746 2 815.1557929515839
0.494 1 0.0009927452684459746 2 812.4794647693634
0.494 2 0.0009927452684459746 2 815.4317066669464
0.494 3 0.0009927452684459746 2 814.7769329547882
0.494 4 0.0009927452684459746 2 817.5138998031616
0.494 5 0.0009927452684459746 2 813.8833436965942
0.494 6 0.0009927452684459746 2 816.3238792419434
0.494 7 0.0009927452684459746 2 814.9431405067444
0.494 8 0.0009927452684459746 2 816.1343114376068
0.494 9 0.0009927452684459746 2 815.0054438114166
0.498 0 0.0018651250525066137 2 695.6438076496124
0.498 1 0.0018651250525066137 2 696.7396936416626
0.498 2 0.0018651250525066137 2 695.0306816101074
0.498 3 0.0018651250525066137 2 698.1321630477905
0.498 4 0.0018651250525066137 2 696.3879346847534
0.498 5 0.0018651250525066137 2 693.4039294719696
0.498 6 0.0018651250525066137 2 699.6390659809113
0.498 7 0.0018651250525066137 2 696.3087313175201
0.498 8 0.0018651250525066137 2 695.506110906601
0.498 9 0.0018651250525066137 2 696.1936802864075
0.496 0 -0.00023777231583303033 2 1027.5364301204681
0.496 1 -0.00023777231583303033 2 1026.5081803798676
0.496 2 -0.00023777231583303033 2 1028.1143486499786
0.496 3 -0.00023777231583303033 2 1027.0645451545715
0.496 4 -0.00023777231583303033 2 1026.2054631710052
0.496 5 -0.00023777231583303033 2 1029.0022504329681
0.496 6 -0.00023777231583303033 2 1028.1223034858704
0.496 7 -0.00023777231583303033 2 1027.7559988498688
0.496 8 -0.00023777231583303033 2 1023.7875692844391
0.496 9 -0.00023777231583303033 2 1028.621597290039
0.5 0 0.0011148292200659615 2 791.7493796348572
0.5 1 0.0011148292200659615 2 793.7091135978699
0.5 2 0.0011148292200659615 2 793.1095290184021
0.5 3 0.0011148292200659615 2 793.4742770195007
0.5 4 0.0011148292200659615 2 791.5208475589752
0.5 5 0.0011148292200659615 2 793.0441508293152
0.5 6 0.0011148292200659615 2 793.00608253479
0.5 7 0.0011148292200659615 2 812.3358330726624
0.5 8 0.0011148292200659615 2 817.9782249927521
0.5 9 0.0011148292200659615 2 859.1755752563477
0.502 0 0.0008015716526655328 2 820.4303598403931
0.502 1 0.0008015716526655328 2 819.2192010879517
0.502 2 0.0008015716526655328 2 817.8253073692322
0.502 3 0.0008015716526655328 2 821.0510272979736
0.502 4 0.0008015716526655328 2 824.2415428161621
0.502 5 0.0008015716526655328 2 853.4364688396454
0.502 6 0.0008015716526655328 2 853.2712993621826
0.502 7 0.0008015716526655328 2 918.6519212722778
0.502 8 0.0008015716526655328 2 844.3863952159882
0.502 9 0.0008015716526655328 2 846.6033599376678
0.504 0 0.0030990568663722138 2 1110.7550761699677
0.504 1 0.0030990568663722138 2 1056.7715179920197
0.504 2 0.0030990568663722138 2 1051.8682684898376
0.504 3 0.0030990568663722138 2 1057.10689163208
0.504 4 0.0030990568663722138 2 1051.3879816532135
0.504 5 0.0030990568663722138 2 1054.9613955020905
0.504 6 0.0030990568663722138 2 1053.6314208507538
0.504 7 0.0030990568663722138 2 1056.3908944129944
0.504 8 0.0030990568663722138 2 1058.6720795631409
0.504 9 0.0030990568663722138 2 1053.9693644046783
0.506 0 0.001969650304999411 2 1002.5361111164093
0.506 1 0.001969650304999411 2 1004.7852790355682
0.506 2 0.001969650304999411 2 1001.2444505691528
0.506 3 0.001969650304999411 2 1002.3700349330902
0.506 4 0.001969650304999411 2 1001.8632967472076
0.506 5 0.001969650304999411 2 1004.2610340118408
0.506 6 0.001969650304999411 2 1005.730277299881
0.506 7 0.001969650304999411 2 1005.0602884292603
0.506 8 0.001969650304999411 2 1011.4768800735474
0.506 9 0.001969650304999411 2 1022.5507287979126
0.508 0 0.004541303901399555 2 1081.6478395462036
0.508 1 0.004541303901399555 2 1055.6313614845276
0.508 2 0.004541303901399555 2 1054.1445508003235
0.508 3 0.004541303901399555 2 1086.6299180984497
0.508 4 0.004541303901399555 2 1086.331754207611
0.508 5 0.004541303901399555 2 1060.1484444141388
0.508 6 0.004541303901399555 2 1065.03582072258
0.508 7 0.004541303901399555 2 1042.1939346790314
0.508 8 0.004541303901399555 2 1068.5344755649567
0.508 9 0.004541303901399555 2 1119.7655947208405
0.51 0 0.003859497815138711 2 1052.7436339855194
0.51 1 0.003859497815138711 2 1061.7545020580292
0.51 2 0.003859497815138711 2 1107.6694958209991
0.51 3 0.003859497815138711 2 1064.6128215789795
0.51 4 0.003859497815138711 2 1063.1640050411224
0.51 5 0.003859497815138711 2 1051.0361833572388
0.51 6 0.003859497815138711 2 1044.5931522846222
0.51 7 0.003859497815138711 2 1110.0242886543274
0.51 8 0.003859497815138711 2 1182.7382674217224
0.51 9 0.003859497815138711 2 1149.3520307540894
0.512 0 0.0009924280684803987 2 1183.4905588626862
0.512 1 0.0009924280684803987 2 1123.1270060539246
0.512 2 0.0009924280684803987 2 1130.2465288639069
0.512 3 0.0009924280684803987 2 1143.2565653324127
0.512 4 0.0009924280684803987 2 1117.389274597168
0.512 5 0.0009924280684803987 2 1137.8580358028412
0.512 6 0.0009924280684803987 2 1041.2557339668274
0.512 7 0.0009924280684803987 2 1061.1247177124023
0.512 8 0.0009924280684803987 2 1059.9407312870026
0.512 9 0.0009924280684803987 2 1056.548398733139
0.514 0 0.005457505640696901 2 1131.625611782074
0.514 1 0.005457505640696901 2 1139.0969605445862
0.514 2 0.005457505640696901 2 1134.9990756511688
0.514 3 0.005457505640696901 2 1131.2900886535645
0.514 4 0.005457505640696901 2 1074.2945084571838
0.514 5 0.005457505640696901 2 1040.7863111495972
0.514 6 0.005457505640696901 2 1078.483017206192
0.514 7 0.005457505640696901 2 1059.3003091812134
0.514 8 0.005457505640696901 2 1086.6521790027618
0.514 9 0.005457505640696901 2 1143.991328716278
0.516 0 -0.00023552441010526074 2 1117.264386177063
0.516 1 -0.00023552441010526074 2 1129.7469274997711
0.516 2 -0.00023552441010526074 2 1112.9852917194366
0.516 3 -0.00023552441010526074 2 1115.129489183426
0.516 4 -0.00023552441010526074 2 1052.6125326156616
0.516 5 -0.00023552441010526074 2 1054.6883137226105
0.516 6 -0.00023552441010526074 2 1055.67511510849
0.516 7 -0.00023552441010526074 2 1065.4078664779663
0.516 8 -0.00023552441010526074 2 1060.979285955429
0.516 9 -0.00023552441010526074 2 1094.764003276825
0.518 0 0.002417215671660927 2 1117.1718018054962
0.518 1 0.002417215671660927 2 1132.1215999126434
0.518 2 0.002417215671660927 2 1053.2756493091583
0.518 3 0.002417215671660927 2 1056.974232673645
0.518 4 0.002417215671660927 2 1054.7197670936584
0.518 5 0.002417215671660927 2 1066.7821073532104
0.518 6 0.002417215671660927 2 1058.1367959976196
0.518 7 0.002417215671660927 2 1083.0255699157715
0.518 8 0.002417215671660927 2 1095.2215614318848
0.518 9 0.002417215671660927 2 1076.132038116455
0.52 0 0.0038580868366420167 2 1085.2763860225677
0.52 1 0.0038580868366420167 2 1075.0065689086914
0.52 2 0.0038580868366420167 2 1084.6496868133545
0.52 3 0.0038580868366420167 2 1141.8305995464325
0.52 4 0.0038580868366420167 2 1188.9601204395294
0.52 5 0.0038580868366420167 2 1166.5912697315216
0.52 6 0.0038580868366420167 2 1087.7419564723969
0.52 7 0.0038580868366420167 2 1055.7376084327698
0.52 8 0.0038580868366420167 2 1029.0576350688934
0.52 9 0.0038580868366420167 2 1028.3181660175323
0.522 0 0.015338086043788437 2 1078.8274669647217
0.522 1 0.015338086043788437 2 1116.2733762264252
0.522 2 0.015338086043788437 2 1180.0546352863312
0.522 3 0.015338086043788437 2 1180.4357726573944
0.522 4 0.015338086043788437 2 1107.2051057815552
0.522 5 0.015338086043788437 2 1072.0516777038574
0.522 6 0.015338086043788437 2 1030.0014944076538
0.522 7 0.015338086043788437 2 1028.0908806324005
0.522 8 0.015338086043788437 2 1029.2426805496216
0.522 9 0.015338086043788437 2 1029.9450051784515
0.524 0 0.013282407654687588 2 978.3405103683472
0.524 1 0.013282407654687588 2 976.3438186645508
0.524 2 0.013282407654687588 2 978.612185716629
0.524 3 0.013282407654687588 2 978.645341873169
0.524 4 0.013282407654687588 2 980.1425740718842
0.524 5 0.013282407654687588 2 982.0754232406616
0.524 6 0.013282407654687588 2 979.6756331920624
0.524 7 0.013282407654687588 2 983.7598013877869
0.524 8 0.013282407654687588 2 980.8153595924377
0.524 9 0.013282407654687588 2 980.0188748836517
0.526 0 0.0023042612330526416 2 944.7602434158325
0.526 1 0.0023042612330526416 2 946.7965261936188
0.526 2 0.0023042612330526416 2 949.8546810150146
0.526 3 0.0023042612330526416 2 946.7258515357971
0.526 4 0.0023042612330526416 2 953.0945031642914
0.526 5 0.0023042612330526416 2 946.7358033657074
0.526 6 0.0023042612330526416 2 947.7898099422455
0.526 7 0.0023042612330526416 2 947.8118255138397
0.526 8 0.0023042612330526416 2 947.0593235492706
0.526 9 0.0023042612330526416 2 950.5251841545105
0.528 0 0.002024612773113188 2 883.8535711765289
0.528 1 0.002024612773113188 2 897.3218820095062
0.528 2 0.002024612773113188 2 882.1935589313507
0.528 3 0.002024612773113188 2 882.8352239131927
0.528 4 0.002024612773113188 2 880.66148686409
0.528 5 0.002024612773113188 2 883.3465223312378
0.528 6 0.002024612773113188 2 881.7375271320343
0.528 7 0.002024612773113188 2 881.9791963100433
0.528 8 0.002024612773113188 2 879.5290789604187
0.528 9 0.002024612773113188 2 883.9204640388489
0.53 0 0.00798433778377205 2 845.0894999504089
0.53 1 0.00798433778377205 2 833.0736000537872
0.53 2 0.00798433778377205 2 833.0964629650116
0.53 3 0.00798433778377205 2 832.0901579856873
0.53 4 0.00798433778377205 2 837.0044269561768
0.53 5 0.00798433778377205 2 833.5429220199585
0.53 6 0.00798433778377205 2 834.9592490196228
0.53 7 0.00798433778377205 2 832.6546492576599
0.53 8 0.00798433778377205 2 834.5787444114685
0.53 9 0.00798433778377205 2 831.6875267028809
0.532 0 -0.00020183627674887127 2 744.8680801391602
0.532 1 -0.00020183627674887127 2 746.3205473423004
0.532 2 -0.00020183627674887127 2 745.0647234916687
0.532 3 -0.00020183627674887127 2 744.4385874271393
0.532 4 -0.00020183627674887127 2 744.9177088737488
0.532 5 -0.00020183627674887127 2 744.9228558540344
0.532 6 -0.00020183627674887127 2 745.6017723083496
0.532 7 -0.00020183627674887127 2 745.8517007827759
0.532 8 -0.00020183627674887127 2 746.0229549407959
0.532 9 -0.00020183627674887127 2 750.0980761051178
0.534 0 0.0004679279086838097 2 728.6322767734528
0.534 1 0.0004679279086838097 2 729.2702035903931
0.534 2 0.0004679279086838097 2 729.4718496799469
0.534 3 0.0004679279086838097 2 727.6381514072418
0.534 4 0.0004679279086838097 2 728.2924172878265
0.534 5 0.0004679279086838097 2 730.9371044635773
0.534 6 0.0004679279086838097 2 729.3906223773956
0.534 7 0.0004679279086838097 2 730.7851469516754
0.534 8 0.0004679279086838097 2 732.4746789932251
0.534 9 0.0004679279086838097 2 736.0781669616699
