0.1 0 0.28323635255775825 15 5.621870756149292
0.1 1 0.2732464933227872 14 5.26974892616272
0.1 2 0.27785523033586856 15 5.290053129196167
0.1 3 0.3025204733583596 15 5.377586364746094
0.1 4 0.25345892401480463 15 5.69304084777832
0.1 5 0.2872512069077416 15 5.7352378368377686
0.1 6 0.26384727566803734 14 5.343359708786011
0.1 7 0.2928721951520439 13 5.294252634048462
0.1 8 0.2772831030806749 15 5.3173277378082275
0.1 9 0.27541475563793144 14 5.365170478820801
0.10800000000000001 0 0.2779705920389836 15 5.435210704803467
0.10800000000000001 1 0.2729062954531487 16 5.444933176040649
0.10800000000000001 2 0.24995999324520501 15 5.495127201080322
0.10800000000000001 3 0.30269016581234104 14 5.3369598388671875
0.10800000000000001 4 0.2999161456856249 14 5.209063291549683
0.10800000000000001 5 0.27632854111712346 15 5.424631595611572
0.10800000000000001 6 0.25663373174619974 15 5.336167573928833
0.10800000000000001 7 0.2684159966291857 14 5.343378782272339
0.10800000000000001 8 0.2643775172968587 14 5.304184198379517
0.10800000000000001 9 0.26427809555737897 15 5.461142301559448
0.116 0 0.25077601308577624 14 5.499453067779541
0.116 1 0.23191051231749796 15 5.415616035461426
0.116 2 0.25891661526056403 14 5.335840702056885
0.116 3 0.2660811691803349 15 5.347537279129028
0.116 4 0.2410009274228904 14 5.3632972240448
0.116 5 0.2529262064828523 14 5.2352681159973145
0.116 6 0.24262911332550544 14 5.309873342514038
0.116 7 0.2960568999513366 14 5.33993124961853
0.116 8 0.2678789117084188 16 5.42441201210022
0.116 9 0.26211078352300893 15 5.353230714797974
0.124 0 0.21527641588249047 15 5.492428302764893
0.124 1 0.23295274364832316 15 5.363505125045776
0.124 2 0.23695971928567192 13 5.296405792236328
0.124 3 0.24510477447618925 15 5.316427946090698
0.124 4 0.25443831806838646 14 5.345804452896118
0.124 5 0.2555834693071851 15 5.206373691558838
0.124 6 0.24101559663064623 16 5.38578200340271
0.124 7 0.23360732287919694 15 5.494833469390869
0.124 8 0.23163237310956425 16 5.305505752563477
0.124 9 0.21258518373994692 15 5.600429534912109
0.132 0 0.2327338066900858 15 5.508743047714233
0.132 1 0.23276833652691784 16 5.288193464279175
0.132 2 0.25257562660679894 15 5.420419216156006
0.132 3 0.23438492319911539 14 5.379786252975464
0.132 4 0.23467477760081473 16 5.507921457290649
0.132 5 0.21562204092864581 15 5.382745742797852
0.132 6 0.20608230842759911 15 5.371991395950317
0.132 7 0.21942339927374638 16 5.483534812927246
0.132 8 0.2311815662921796 15 5.328710556030273
0.132 9 0.222719897386367 15 5.266038656234741
0.14 0 0.21242716820558252 15 5.331013441085815
0.14 1 0.21145621495570827 16 5.422893047332764
0.14 2 0.25468976432053103 15 5.419359922409058
0.14 3 0.2198121077931988 15 5.39589262008667
0.14 4 0.22053792387274326 16 5.5957887172698975
0.14 5 0.24509254806855058 14 5.382555723190308
0.14 6 0.24598228711861922 14 5.381988763809204
0.14 7 0.21612703907951838 15 5.443400621414185
0.14 8 0.21720967318852094 16 5.384663820266724
0.14 9 0.2271889545219105 15 5.4279186725616455
0.14800000000000002 0 0.21068076523532875 15 5.463860988616943
0.14800000000000002 1 0.19331217496482478 17 5.613234281539917
0.14800000000000002 2 0.20718347297993955 16 5.3317551612854
0.14800000000000002 3 0.19324789073044488 16 5.471909284591675
0.14800000000000002 4 0.2358581896973075 14 5.3546223640441895
0.14800000000000002 5 0.21258365872530854 15 5.35417628288269
0.14800000000000002 6 0.2142816966175792 16 5.53969669342041
0.14800000000000002 7 0.22121899683204987 14 5.43051290512085
0.14800000000000002 8 0.21135618677797197 15 5.339655160903931
0.14800000000000002 9 0.20676558014014615 17 5.624889850616455
0.156 0 0.1969621659948721 15 5.5276453495025635
0.156 1 0.18088100228365092 15 5.401171445846558
0.156 2 0.1787383236942405 17 5.513056039810181
0.156 3 0.19504518452991462 14 5.327418565750122
0.156 4 0.20821908504884462 15 5.455338954925537
0.156 5 0.20380831048932765 16 5.47236967086792
0.156 6 0.19354846605843432 18 5.568880081176758
0.156 7 0.21300590467846833 15 5.411016464233398
0.156 8 0.18348709293518312 16 5.29636287689209
0.156 9 0.21074004879667482 14 5.439980745315552
0.164 0 0.1677934657135222 15 5.493710041046143
0.164 1 0.17778342037959813 16 5.39566445350647
0.164 2 0.17752789710464403 16 5.484279632568359
0.164 3 0.19821152990519222 15 5.430427551269531
0.164 4 0.2253409142974592 14 5.225728273391724
0.164 5 0.20827056933144186 15 5.39914083480835
0.164 6 0.18662308526420543 15 5.399009466171265
0.164 7 0.2044318069100425 16 5.516504764556885
0.164 8 0.18833386539309466 15 5.403295993804932
0.164 9 0.2094769831642211 15 5.492007493972778
0.17200000000000001 0 0.1812594326965972 17 5.50070333480835
0.17200000000000001 1 0.17042687132964576 16 5.418745279312134
0.17200000000000001 2 0.17990642233722504 16 5.4927637577056885
0.17200000000000001 3 0.17607517072458775 15 5.461352825164795
0.17200000000000001 4 0.19035039759685432 17 5.532017230987549
0.17200000000000001 5 0.18186079959522333 16 5.353918790817261
0.17200000000000001 6 0.17973391294263985 16 5.6425862312316895
0.17200000000000001 7 0.18386739704438312 16 5.601394414901733
0.17200000000000001 8 0.17979813791596402 16 5.483502149581909
0.17200000000000001 9 0.18635096356646202 16 5.4838316440582275
0.18 0 0.18073343306305537 14 5.447004079818726
0.18 1 0.15707225513136067 15 5.481210231781006
0.18 2 0.17615048931040433 15 5.469749212265015
0.18 3 0.16794277088813686 16 5.362241744995117
0.18 4 0.18536620765296918 14 5.356987953186035
0.18 5 0.1811863096215312 16 5.452948093414307
0.18 6 0.15100594813415402 16 5.428691387176514
0.18 7 0.18551841807187697 16 5.810471057891846
0.18 8 0.1755045313587513 16 6.187617540359497
0.18 9 0.18765197775524922 15 6.376602649688721
0.188 0 0.1467583662984948 17 6.949051380157471
0.188 1 0.17538036628556086 16 6.787724256515503
0.188 2 0.1605840945393171 17 6.498247146606445
0.188 3 0.1710174352694142 15 6.390875816345215
0.188 4 0.16332229234929596 16 6.319647550582886
0.188 5 0.17796173966310647 16 6.315206050872803
0.188 6 0.16572356476144562 15 6.31436824798584
0.188 7 0.1416245705898294 17 6.198606491088867
0.188 8 0.13914495714047687 15 6.004180192947388
0.188 9 0.15039190188391555 14 6.48479700088501
0.196 0 0.14666722683597147 15 6.187407970428467
0.196 1 0.13651956769379398 16 7.410178899765015
0.196 2 0.174133593666672 16 7.182304620742798
0.196 3 0.15745719624379836 16 6.412322044372559
0.196 4 0.16450737049538075 15 6.766726970672607
0.196 5 0.1647134185343918 15 6.407853126525879
0.196 6 0.14892890592993732 16 6.636329412460327
0.196 7 0.16429618851340286 16 6.465325593948364
0.196 8 0.16515630532893794 16 6.533204078674316
0.196 9 0.14864340303739398 16 6.595747232437134
0.20400000000000001 0 0.1500580533659305 17 6.9383063316345215
0.20400000000000001 1 0.17397455667306733 15 6.283594131469727
0.20400000000000001 2 0.1440939835077376 16 6.348400354385376
0.20400000000000001 3 0.12335937787294415 16 6.603663921356201
0.20400000000000001 4 0.18263391576567445 15 6.259025812149048
0.20400000000000001 5 0.1707987726598571 15 6.38484787940979
0.20400000000000001 6 0.1680916691777834 15 6.468930006027222
0.20400000000000001 7 0.16513652463053283 15 6.3247058391571045
0.20400000000000001 8 0.15691014233706235 16 6.567866325378418
0.20400000000000001 9 0.13705525230182847 18 6.3497374057769775
0.21200000000000002 0 0.1302846010674511 17 6.536390066146851
0.21200000000000002 1 0.1514208086786049 16 6.381755590438843
0.21200000000000002 2 0.14198360996164575 17 6.729405164718628
0.21200000000000002 3 0.13629101905611019 16 6.682250499725342
0.21200000000000002 4 0.1398744792544652 15 6.482809543609619
0.21200000000000002 5 0.153054237172683 17 6.4088134765625
0.21200000000000002 6 0.14906875799447492 16 6.548016786575317
0.21200000000000002 7 0.15277670274607044 16 6.336205720901489
0.21200000000000002 8 0.11740553529379126 16 6.586112976074219
0.21200000000000002 9 0.11901895763365039 17 6.502838134765625
0.22 0 0.13417707289269545 18 6.56451940536499
0.22 1 0.10965882097381648 17 7.17105507850647
0.22 2 0.11508962137279424 16 6.185270309448242
0.22 3 0.1181525796266229 18 6.059353590011597
0.22 4 0.1237543937504018 17 6.200709342956543
0.22 5 0.13650890184134276 15 6.070697069168091
0.22 6 0.1347832167416065 16 6.008564233779907
0.22 7 0.1596539809727308 16 6.433683156967163
0.22 8 0.1442024177034566 15 7.348559856414795
0.22 9 0.14494374339694868 16 5.7047247886657715
0.228 0 0.14286408938627573 16 6.556034803390503
0.228 1 0.12886952583746794 17 6.432428598403931
0.228 2 0.13156728568771958 17 7.001591205596924
0.228 3 0.13991249263737524 15 7.107383728027344
0.228 4 0.1303632200503087 16 5.89851713180542
0.228 5 0.11713176218202104 16 6.7806236743927
0.228 6 0.1253800185203257 17 6.635759592056274
0.228 7 0.14002934250198512 17 7.0927135944366455
0.228 8 0.14613845487780328 16 7.320846080780029
0.228 9 0.139822705438335 17 6.1449949741363525
0.23600000000000002 0 0.12510085320544606 15 5.958950757980347
0.23600000000000002 1 0.1504755553154504 15 6.074673652648926
0.23600000000000002 2 0.12465967987854365 16 6.973440647125244
0.23600000000000002 3 0.11780616244175171 16 6.626777410507202
0.23600000000000002 4 0.12892130178222874 15 6.187206029891968
0.23600000000000002 5 0.11881396459646636 15 6.680821418762207
0.23600000000000002 6 0.12855729149681047 17 6.687286853790283
0.23600000000000002 7 0.1350316110469173 17 6.950281620025635
0.23600000000000002 8 0.13278843800331058 16 6.5288262367248535
0.23600000000000002 9 0.10462703949667557 16 7.383691072463989
0.24400000000000002 0 0.11319364567016775 16 6.557183742523193
0.24400000000000002 1 0.10409124558601882 17 5.87393856048584
0.24400000000000002 2 0.13023673523300106 16 6.55457878112793
0.24400000000000002 3 0.10591674722819015 18 6.427194595336914
0.24400000000000002 4 0.12025471175957378 17 6.1140828132629395
0.24400000000000002 5 0.12467587709106892 17 6.779096364974976
0.24400000000000002 6 0.12134236545174736 17 6.763669490814209
0.24400000000000002 7 0.13515294226136376 16 6.189024448394775
0.24400000000000002 8 0.10922740485657076 16 6.37867283821106
0.24400000000000002 9 0.11843962729908838 16 6.530403137207031
0.252 0 0.10729855598437985 15 6.098847150802612
0.252 1 0.12666476862427076 17 6.5739219188690186
0.252 2 0.1236368129817122 17 6.505001068115234
0.252 3 0.09552501778828547 17 7.083595037460327
0.252 4 0.11759042202050242 16 6.659377574920654
0.252 5 0.0866343844552557 16 6.155395746231079
0.252 6 0.10795046518235649 17 6.351962089538574
0.252 7 0.12749722731171986 17 6.302082061767578
0.252 8 0.11995395158502486 18 7.424335956573486
0.252 9 0.11095094276097546 16 8.371102809906006
0.26 0 0.11524189825449466 17 7.751812696456909
0.26 1 0.09849797822948614 17 7.218574047088623
0.26 2 0.1108351169678635 17 6.4351112842559814
0.26 3 0.11447598554849245 17 6.600703716278076
0.26 4 0.10006251437223769 18 6.631209850311279
0.26 5 0.10893459025415081 15 6.371112823486328
0.26 6 0.08806776325958365 18 6.462554931640625
0.26 7 0.09793583913150675 18 6.391435384750366
0.26 8 0.11232161265406958 16 6.098517179489136
0.26 9 0.08144362678609182 16 6.726407289505005
0.268 0 0.10115065796010808 17 6.555120944976807
0.268 1 0.09373657635690964 18 6.694149494171143
0.268 2 0.1070117172746993 16 6.230679750442505
0.268 3 0.10540693630446815 17 6.125096321105957
0.268 4 0.09247869568149636 16 6.111216306686401
0.268 5 0.10103656419650107 15 6.745820999145508
0.268 6 0.09987011101727553 18 6.511442184448242
0.268 7 0.09761152338243732 18 6.367807626724243
0.268 8 0.10600641945213499 17 6.279350757598877
0.268 9 0.09173716835886064 17 6.066515684127808
0.276 0 0.09184112725025907 18 6.183881998062134
0.276 1 0.0975621064467767 17 6.3994059562683105
0.276 2 0.08353144678565858 16 6.395568609237671
0.276 3 0.09162700990657813 17 6.924410581588745
0.276 4 0.07963995268851638 17 6.790613889694214
0.276 5 0.07266843503607603 18 6.679177761077881
0.276 6 0.10850813823503845 17 6.611516237258911
0.276 7 0.10441639001491637 17 6.912054777145386
0.276 8 0.09992678347048357 16 6.909136772155762
0.276 9 0.09172388023724988 16 6.68345832824707
0.28400000000000003 0 0.10748646753989642 16 6.59217643737793
0.28400000000000003 1 0.0739581759991059 16 6.859160900115967
0.28400000000000003 2 0.07269165923444874 17 6.8005499839782715
0.28400000000000003 3 0.07267507761639122 18 6.909417152404785
0.28400000000000003 4 0.08757108548632216 18 6.881467342376709
0.28400000000000003 5 0.07082307562528654 16 6.80202054977417
0.28400000000000003 6 0.08433477753155517 18 6.149525880813599
0.28400000000000003 7 0.07651126444456956 17 6.431647539138794
0.28400000000000003 8 0.09924342875100525 15 6.518176317214966
0.28400000000000003 9 0.0855976806457037 17 6.116694927215576
0.29200000000000004 0 0.07032249117264511 16 6.165987730026245
0.29200000000000004 1 0.09198090382127519 17 6.135937929153442
0.29200000000000004 2 0.10943012645425322 15 6.225261926651001
0.29200000000000004 3 0.0839087495975026 17 6.356224298477173
0.29200000000000004 4 0.0910332765317813 17 6.336819648742676
0.29200000000000004 5 0.08260731863701427 17 6.1106116771698
0.29200000000000004 6 0.08637576757433407 17 6.3113791942596436
0.29200000000000004 7 0.0759566776150982 18 6.40378737449646
0.29200000000000004 8 0.0783478944448959 17 6.056277751922607
0.29200000000000004 9 0.07446316562847256 16 6.112159013748169
0.30000000000000004 0 0.0755043263197747 17 6.2509119510650635
0.30000000000000004 1 0.08754201523825327 17 6.23029088973999
0.30000000000000004 2 0.07648995064803951 18 6.387112140655518
0.30000000000000004 3 0.0696375443790949 18 6.426812648773193
0.30000000000000004 4 0.07727653689519587 17 6.2011706829071045
0.30000000000000004 5 0.06940637777342608 18 6.239400863647461
0.30000000000000004 6 0.06927577110620928 17 6.1199049949646
0.30000000000000004 7 0.07151389703546224 17 6.213122129440308
0.30000000000000004 8 0.0786055613217306 17 6.262231111526489
0.30000000000000004 9 0.08198095276442917 17 6.203370094299316
0.30800000000000005 0 0.061285686509482164 17 6.248843431472778
0.30800000000000005 1 0.07220035631710568 17 6.389764785766602
0.30800000000000005 2 0.06154983078111184 17 6.225609064102173
0.30800000000000005 3 0.06943883345387251 16 6.183659076690674
0.30800000000000005 4 0.0626182928426262 18 6.077214479446411
0.30800000000000005 5 0.07273691519259991 17 6.243510961532593
0.30800000000000005 6 0.0765143268536831 19 6.151409864425659
0.30800000000000005 7 0.0559456281934955 16 6.195567607879639
0.30800000000000005 8 0.07342845895624396 17 6.150240182876587
0.30800000000000005 9 0.09046418754449277 16 6.213319778442383
0.316 0 0.06085841438080893 17 6.345228433609009
0.316 1 0.06856209064950515 18 6.1109442710876465
0.316 2 0.07745105514692013 17 6.226896286010742
0.316 3 0.06909733483066942 17 6.283128261566162
0.316 4 0.07083251355546288 16 6.349187612533569
0.316 5 0.07383590718022504 17 6.240744590759277
0.316 6 0.06808952407301237 17 6.0849292278289795
0.316 7 0.06901624120918648 17 6.265832901000977
0.316 8 0.078848088242725 17 6.167628765106201
0.316 9 0.05726395005268749 16 6.075459957122803
0.324 0 0.05407928286358137 17 6.085219144821167
0.324 1 0.05797064059303258 19 6.343956708908081
0.324 2 0.08595058842165153 17 6.192554950714111
0.324 3 0.0636866241593204 17 6.290260314941406
0.324 4 0.06659850574201998 16 6.24700665473938
0.324 5 0.0710132890449358 17 6.110419511795044
0.324 6 0.0814148007538503 17 6.285876989364624
0.324 7 0.06117354385001574 16 6.030294895172119
0.324 8 0.0647134241263351 17 6.027973413467407
0.324 9 0.06097500729919715 18 6.185631513595581
0.332 0 0.08251177993650792 16 6.079258680343628
0.332 1 0.057186089013695936 17 6.146481037139893
0.332 2 0.07022339588041006 18 6.30076265335083
0.332 3 0.06091059830971533 16 6.192514896392822
0.332 4 0.054379662358355875 17 6.229602098464966
0.332 5 0.06940097556671894 17 6.3115949630737305
0.332 6 0.05931592069572889 17 6.193249940872192
0.332 7 0.05811100282588268 18 6.365633487701416
0.332 8 0.05800278994412508 17 6.189454078674316
0.332 9 0.06623260623718513 18 6.417638063430786
0.33999999999999997 0 0.0548933933122215 17 6.282620429992676
0.33999999999999997 1 0.06037051921749284 16 6.091812372207642
0.33999999999999997 2 0.047930936855117116 18 6.241600036621094
0.33999999999999997 3 0.05596953419945998 18 6.2914440631866455
0.33999999999999997 4 0.0523940989033917 17 6.308393955230713
0.33999999999999997 5 0.06380684371603099 17 6.347862243652344
0.33999999999999997 6 0.043669320827847774 16 6.252527475357056
0.33999999999999997 7 0.05834981983019713 18 6.406216382980347
0.33999999999999997 8 0.05954500487778884 18 6.074649095535278
0.33999999999999997 9 0.05690429269609711 17 6.24146842956543
0.348 0 0.07029660926966748 17 6.134854793548584
0.348 1 0.0616865709640889 17 6.261929750442505
0.348 2 0.051164825699130306 17 6.233583450317383
0.348 3 0.04888129308692671 18 6.505252122879028
0.348 4 0.06197440234205836 17 6.1900718212127686
0.348 5 0.05798937194298577 16 6.24164605140686
0.348 6 0.05687811423156375 18 6.333884239196777
0.348 7 0.058709114790137844 18 6.374531507492065
0.348 8 0.04769188547977578 18 6.309557199478149
0.348 9 0.04375114288651679 19 6.38808012008667
0.356 0 0.04857101554902748 17 6.237009763717651
0.356 1 0.036363689553276984 16 6.093777418136597
0.356 2 0.04588749618996651 18 6.381648778915405
0.356 3 0.05611417634951595 17 6.356051206588745
0.356 4 0.05187962003866156 17 6.2018208503723145
0.356 5 0.06973236477574825 18 6.368557453155518
0.356 6 0.059404475987620595 16 6.336913347244263
0.356 7 0.060427469384103344 17 6.146951913833618
0.356 8 0.057593257469883224 17 6.481436014175415
0.356 9 0.05009830269087516 16 6.272889852523804
0.364 0 0.04511548193914933 18 6.468200445175171
0.364 1 0.04788530098819481 17 6.244526147842407
0.364 2 0.06171517828805188 18 6.587286949157715
0.364 3 0.0446266084529891 18 6.187265872955322
0.364 4 0.03254173464578263 17 6.373302221298218
0.364 5 0.04664419806080465 18 6.405055046081543
0.364 6 0.0538126166378404 19 6.337586879730225
0.364 7 0.05251655591998212 18 6.409838676452637
0.364 8 0.03660734116990859 18 6.192147970199585
0.364 9 0.043337852912680365 16 6.279891490936279
0.372 0 0.03477661794118702 17 6.263947010040283
0.372 1 0.05144225007497475 19 6.331195116043091
0.372 2 0.05490097596060939 16 6.134620904922485
0.372 3 0.04693494805988025 17 6.234581232070923
0.372 4 0.0356392723959412 19 6.317030191421509
0.372 5 0.04629494148791561 17 6.289738178253174
0.372 6 0.0534331425217912 18 6.428477764129639
0.372 7 0.041417306399598376 18 6.3843653202056885
0.372 8 0.04634763034187631 18 6.071402549743652
0.372 9 0.04053677313087597 18 6.345276832580566
0.38 0 0.04212188577769037 16 6.196429014205933
0.38 1 0.053262316458716326 17 6.323004722595215
0.38 2 0.03403707936834012 18 6.202708959579468
0.38 3 0.03461786127109744 18 6.3732616901397705
0.38 4 0.042511780106487713 17 6.146822929382324
0.38 5 0.04343671314745254 17 6.183404207229614
0.38 6 0.04509521492224101 17 6.418143033981323
0.38 7 0.037611208296268184 18 6.212954044342041
0.38 8 0.04170659209814079 16 6.078863859176636
0.38 9 0.0442057373030098 18 6.388570308685303
0.388 0 0.04013565538621526 18 6.28725266456604
0.388 1 0.042368300127775434 16 6.064580678939819
0.388 2 0.03946616256844323 17 6.164138317108154
0.388 3 0.034061778503473236 17 6.109022378921509
0.388 4 0.037302316002491245 18 6.144568920135498
0.388 5 0.03372414903179093 18 6.527432680130005
0.388 6 0.039149321470501694 17 6.1805384159088135
0.388 7 0.024526581798838907 17 6.283029079437256
0.388 8 0.04752487891188571 18 6.1889848709106445
0.388 9 0.0437206611514391 17 6.224852800369263
0.396 0 0.03062921301331444 19 6.248721122741699
0.396 1 0.038397025648008815 17 6.344062805175781
0.396 2 0.03274197454494309 17 6.134955167770386
0.396 3 0.04026519202831001 18 7.433301687240601
0.396 4 0.035604355368288314 18 6.3293256759643555
0.396 5 0.039287719516239016 18 6.2677693367004395
0.396 6 0.03821558578311015 17 6.166286468505859
0.396 7 0.03973451687490047 18 6.369614839553833
0.396 8 0.04131636090909199 19 6.453203201293945
0.396 9 0.038686986963672745 17 6.18449854850769
0.404 0 0.03892351181431361 18 6.228663682937622
0.404 1 0.040452222848433604 17 6.489540100097656
0.404 2 0.037204402102734103 17 6.211494207382202
0.404 3 0.022366116564582792 17 6.175053596496582
0.404 4 0.04163288164730711 18 6.131876230239868
0.404 5 0.031114599292450498 18 6.2882256507873535
0.404 6 0.04247916156016005 18 6.394745111465454
0.404 7 0.030504707454076727 18 6.281027793884277
0.404 8 0.045837644678238 16 6.171895503997803
0.404 9 0.03911511469046079 17 6.242827892303467
0.41200000000000003 0 0.03187703708452762 18 6.400959253311157
0.41200000000000003 1 0.03184107607628742 18 6.244055271148682
0.41200000000000003 2 0.02860595466280571 18 6.339550018310547
0.41200000000000003 3 0.03449770118483178 18 6.2963645458221436
0.41200000000000003 4 0.04040027289781736 17 6.393896818161011
0.41200000000000003 5 0.030562551966009325 18 6.303300380706787
0.41200000000000003 6 0.036372007965890685 15 6.07389760017395
0.41200000000000003 7 0.03147526479509908 17 6.002197504043579
0.41200000000000003 8 0.026694500674053028 18 6.217121124267578
0.41200000000000003 9 0.031219076571680097 19 6.467777729034424
0.42000000000000004 0 0.03712295652095835 17 6.446783542633057
0.42000000000000004 1 0.02066832921789234 19 6.184812545776367
0.42000000000000004 2 0.0331120441545643 18 6.373667240142822
0.42000000000000004 3 0.03193669146559192 17 6.223621129989624
0.42000000000000004 4 0.037349590463583514 16 6.099129676818848
0.42000000000000004 5 0.02571363886964929 18 6.2016541957855225
0.42000000000000004 6 0.038861951575231445 18 6.476550579071045
0.42000000000000004 7 0.028530333631220334 18 6.204696178436279
0.42000000000000004 8 0.029648879433724323 18 6.247976303100586
0.42000000000000004 9 0.03207203745975784 18 6.207026243209839
0.42800000000000005 0 0.02774303692284469 17 6.333036422729492
0.42800000000000005 1 0.024094412558570578 17 6.300999879837036
0.42800000000000005 2 0.028961584684491223 18 8.110121726989746
0.42800000000000005 3 0.020645651380137936 18 6.397550344467163
0.42800000000000005 4 0.031154352895175267 19 6.438931941986084
0.42800000000000005 5 0.02969115991270668 18 6.427669048309326
0.42800000000000005 6 0.026879311986270638 18 6.253292798995972
0.42800000000000005 7 0.03504403285634655 19 6.238947629928589
0.42800000000000005 8 0.02817599918833113 17 6.431144952774048
0.42800000000000005 9 0.029720341829899407 19 6.300512075424194
0.43600000000000005 0 0.0282488848784037 18 6.209689140319824
0.43600000000000005 1 0.02791825060003662 17 6.252196550369263
0.43600000000000005 2 0.03296394536835157 19 6.269782543182373
0.43600000000000005 3 0.03387489031750873 17 6.0895678997039795
0.43600000000000005 4 0.024358309475816218 18 6.368504047393799
0.43600000000000005 5 0.025313252947204018 19 6.488919496536255
0.43600000000000005 6 0.012016308024869487 18 6.189125061035156
0.43600000000000005 7 0.027481048388934913 17 6.219637870788574
0.43600000000000005 8 0.03403038520688628 18 6.283871650695801
0.43600000000000005 9 0.01878752323714736 18 6.3954102993011475
0.44400000000000006 0 0.031681114756895355 18 6.289648056030273
0.44400000000000006 1 0.02638840175396778 17 6.263808727264404
0.44400000000000006 2 0.021726275091537947 17 6.2144200801849365
0.44400000000000006 3 0.030999699719450838 18 6.107071399688721
0.44400000000000006 4 0.020723324881051133 19 6.337916135787964
0.44400000000000006 5 0.022082562569702435 17 6.303741455078125
0.44400000000000006 6 0.024493320559710857 18 6.239272117614746
0.44400000000000006 7 0.0253451116019111 17 6.253576755523682
0.44400000000000006 8 0.021635762367197706 18 6.365235090255737
0.44400000000000006 9 0.022810944061871473 18 6.418273210525513
0.45199999999999996 0 0.02058751669672028 18 6.30377459526062
0.45199999999999996 1 0.0213543839999194 18 6.256848573684692
0.45199999999999996 2 0.020411051768559525 18 6.466921091079712
0.45199999999999996 3 0.021224350747168757 18 6.3072168827056885
0.45199999999999996 4 0.019048005676660148 18 6.320809602737427
0.45199999999999996 5 0.012945620624919663 18 6.3617589473724365
0.45199999999999996 6 0.019618892176234935 17 6.156129360198975
0.45199999999999996 7 0.02280511908160806 19 6.391958236694336
0.45199999999999996 8 0.020834368269679847 19 6.238598585128784
0.45199999999999996 9 0.021137224382979918 19 6.390053749084473
0.45999999999999996 0 0.01326289331521385 19 6.3078672885894775
0.45999999999999996 1 0.024646460834004846 18 6.26877236366272
0.45999999999999996 2 0.014716335336904878 19 6.2104504108428955
0.45999999999999996 3 0.01723438176658168 18 6.231579303741455
0.45999999999999996 4 0.020083458909361297 18 6.464519500732422
0.45999999999999996 5 0.018485295810798004 18 6.495447397232056
0.45999999999999996 6 0.025564710572959577 18 6.427939414978027
0.45999999999999996 7 0.018297100785816738 19 6.492464303970337
0.45999999999999996 8 0.018762671673456244 19 6.222231864929199
0.45999999999999996 9 0.02753275731223818 18 6.260944604873657
0.46799999999999997 0 0.011512945062290518 18 6.332835912704468
0.46799999999999997 1 0.016978346928160325 18 6.285473346710205
0.46799999999999997 2 0.022661292912827573 18 6.141605615615845
0.46799999999999997 3 0.017879213777590008 18 6.212752342224121
0.46799999999999997 4 0.019349595229580928 17 6.229766368865967
0.46799999999999997 5 0.017821739206996288 18 6.480374097824097
0.46799999999999997 6 0.018546922667284558 18 6.318305969238281
0.46799999999999997 7 0.01863203487913856 17 6.154272556304932
0.46799999999999997 8 0.014721732760872035 19 6.250591039657593
0.46799999999999997 9 0.01669755646246523 19 6.496690273284912
0.476 0 0.01429943626911101 17 6.292619228363037
0.476 1 0.014346135979224848 18 6.349343538284302
0.476 2 0.01314469298080642 18 6.654705047607422
0.476 3 0.020043448952944354 19 6.606394529342651
0.476 4 0.012317702935977974 17 6.188076496124268
0.476 5 0.01904286050084551 17 6.410102844238281
0.476 6 0.006773657147146005 19 6.530885219573975
0.476 7 0.015075555027819869 17 6.224643707275391
0.476 8 0.018717143406693077 17 6.54214882850647
0.476 9 0.01766692882370665 18 6.329525470733643
0.484 0 0.008545362376512504 17 6.3447301387786865
0.484 1 0.013966427933674133 17 6.405142307281494
0.484 2 0.012664641575476457 17 6.450485706329346
0.484 3 0.010983602607361405 19 6.492611408233643
0.484 4 0.015736562356593594 17 6.34402060508728
0.484 5 0.02321835341559287 17 6.424361705780029
0.484 6 0.012924512588005914 19 6.721611976623535
0.484 7 0.012498312625511983 18 6.533891439437866
0.484 8 0.01654947591536725 18 7.202166795730591
0.484 9 0.01650658169641704 19 7.255244493484497
0.492 0 0.014182524514119325 18 7.10475754737854
0.492 1 0.011302325228831593 18 7.015388011932373
0.492 2 0.009702114281691692 19 6.9041221141815186
0.492 3 0.014075715191351328 19 7.372524261474609
0.492 4 0.011454778592043987 19 6.987289190292358
0.492 5 0.014005808968478332 18 6.850451469421387
0.492 6 0.010408346476557171 19 7.138562917709351
0.492 7 0.01841907008350569 18 7.232431888580322
0.492 8 0.017132482777017483 20 7.09215235710144
0.492 9 0.01353872382415396 19 6.871391296386719
0.5 0 0.01397926823873653 17 7.003386974334717
0.5 1 0.011547568284921891 18 7.160999774932861
0.5 2 0.017143577523185023 18 7.01196026802063
0.5 3 0.01448862885345895 18 6.5566747188568115
0.5 4 0.01193310911297282 18 6.5711939334869385
0.5 5 0.007957198150540586 18 6.6879191398620605
0.5 6 0.012158087221669582 17 6.609196662902832
0.5 7 0.013053930135683458 18 6.5591137409210205
0.5 8 0.01295633622184546 19 6.41323709487915
0.5 9 0.015879795893816197 18 6.591604709625244
0.508 0 0.005762099632392579 18 6.431107044219971
0.508 1 0.015114951829996153 18 6.412064075469971
0.508 2 0.008434902762444315 19 6.5652916431427
0.508 3 0.006191502105204825 18 6.399292230606079
0.508 4 0.010353775874455642 20 6.3839075565338135
0.508 5 0.012010806109032426 18 6.532053232192993
0.508 6 0.016783705823902605 18 6.726515054702759
0.508 7 0.012545067156478452 19 6.420026063919067
0.508 8 0.009336237646341101 18 6.50086236000061
0.508 9 0.014294345485839457 16 6.611616849899292
0.516 0 0.006247721285588391 18 6.306859254837036
0.516 1 0.014907249075464655 17 6.599191904067993
0.516 2 0.01367490681044655 18 6.51299524307251
0.516 3 0.006741336172143529 18 6.2808051109313965
0.516 4 0.009624245969975903 17 6.259227514266968
0.516 5 0.0062667925221315006 18 6.281815052032471
0.516 6 0.00912327223948296 18 6.354610204696655
0.516 7 0.007071454765503819 16 6.257151126861572
0.516 8 0.012018945678176213 19 6.4096643924713135
0.516 9 0.014928352187155698 17 6.410107851028442
0.524 0 0.007493065811398142 17 6.315212726593018
0.524 1 0.008309536734419025 19 6.271216630935669
0.524 2 0.010812210463371347 18 6.509556531906128
0.524 3 0.006531442710027823 17 6.584300994873047
0.524 4 0.007164287264287898 18 6.380514621734619
0.524 5 0.011395465676777211 19 6.518430233001709
0.524 6 0.009392972388500362 18 6.3634278774261475
0.524 7 0.00573434967121757 17 6.410592317581177
0.524 8 0.011645475169922665 18 6.5593061447143555
0.524 9 0.0037546091802511386 18 6.37269926071167
0.532 0 0.011027191516982292 18 6.361215591430664
0.532 1 0.010061177544054136 18 6.26230001449585
0.532 2 0.0110341973809734 18 6.460698127746582
0.532 3 0.006895775089171406 18 6.39096999168396
0.532 4 0.0029437096455035977 18 6.287642240524292
0.532 5 0.009197681920590547 18 6.398843050003052
0.532 6 0.014554923133492903 19 6.459678888320923
0.532 7 0.008112941147893698 19 6.3673083782196045
0.532 8 0.010784596731594995 18 6.561342477798462
0.532 9 0.011283290002830872 19 6.586849927902222
0.54 0 0.006819882084343037 19 6.3563830852508545
0.54 1 0.006007890506665789 18 6.553267955780029
0.54 2 0.006954687553690921 17 6.338149309158325
0.54 3 0.007570564547790001 19 6.41682767868042
0.54 4 0.008722206008882913 18 6.495178699493408
0.54 5 0.0039752331806127104 19 6.343294858932495
0.54 6 0.005680400270923916 18 6.195570230484009
0.54 7 0.0075877995057736635 18 6.263399839401245
0.54 8 0.006587106582129982 18 6.370322942733765
0.54 9 0.005405136272890742 18 6.450912952423096
0.548 0 0.010676105103141325 18 6.416813135147095
0.548 1 0.003118187585882429 18 6.259729385375977
0.548 2 0.008936028116857364 18 6.302798748016357
0.548 3 0.005591832242108706 17 6.385956525802612
0.548 4 0.00397817542389208 19 6.458085298538208
0.548 5 0.00525161623990843 18 6.378600358963013
0.548 6 0.012377035430074864 19 6.495082855224609
0.548 7 0.01041469659927579 19 6.551279544830322
0.548 8 0.00519276965203474 18 6.468624830245972
0.548 9 0.002647375101736745 18 6.31748628616333
0.556 0 0.005344546895062777 19 6.320872783660889
0.556 1 0.0007648406250708585 17 6.343976736068726
0.556 2 0.001903492983358142 19 6.341505527496338
0.556 3 0.0059800853315251645 18 6.452219486236572
0.556 4 0.0068876644373976875 17 6.20416522026062
0.556 5 0.007247312269699788 19 6.253484487533569
0.556 6 0.007186696236812325 18 6.288501262664795
0.556 7 0.005727923152978885 18 6.205159902572632
0.556 8 0.004447553538164951 17 6.364376783370972
0.556 9 0.004959944822702938 18 6.269911050796509
0.5640000000000001 0 0.0055477228375125165 18 6.374352693557739
0.5640000000000001 1 0.002533483685952826 20 6.500725984573364
0.5640000000000001 2 0.00882868011907531 19 6.44199800491333
0.5640000000000001 3 0.003548888849888768 18 6.418900728225708
0.5640000000000001 4 0.006468452948601953 18 6.358815670013428
0.5640000000000001 5 0.006513835314401051 19 6.29454493522644
0.5640000000000001 6 0.0051566842473792975 19 6.361706733703613
0.5640000000000001 7 0.004848319721202766 19 6.492661952972412
0.5640000000000001 8 0.003164155025585025 18 6.470163583755493
0.5640000000000001 9 0.00807430285294077 19 6.320655822753906
0.5720000000000001 0 0.005770379247307528 17 6.326121091842651
0.5720000000000001 1 0.004241880310735312 18 6.4982829093933105
0.5720000000000001 2 0.002345123280757886 18 6.514354228973389
0.5720000000000001 3 0.0047867213130131534 19 6.44665265083313
0.5720000000000001 4 0.003620820173824787 18 6.433355331420898
0.5720000000000001 5 0.004865332644436277 19 6.532810211181641
0.5720000000000001 6 0.0054032286499613455 19 6.610429763793945
0.5720000000000001 7 0.006253874984310239 17 6.325913906097412
0.5720000000000001 8 0.004347219323679908 18 6.4971466064453125
0.5720000000000001 9 0.005079659321003714 18 6.371963739395142
0.58 0 0.004209356384375459 19 6.572326421737671
0.58 1 0.004220463000032753 19 6.270331382751465
0.58 2 0.0040112706968347765 19 6.56154203414917
0.58 3 0.0038710705087124926 19 6.404132604598999
0.58 4 0.004928985330966548 18 6.2678070068359375
0.58 5 0.007317636321258048 19 6.548474550247192
0.58 6 0.006094046698292944 18 6.307093620300293
0.58 7 0.004977626632611615 18 6.457751750946045
0.58 8 0.004130001159942145 18 6.614990234375
0.58 9 0.0007053432615319727 18 6.333533525466919
0.588 0 0.004327366546216694 18 6.4160730838775635
0.588 1 0.003133736028682555 19 6.337676525115967
0.588 2 0.0050054039493623 17 6.5099077224731445
0.588 3 0.0022354630837023177 16 6.3491222858428955
0.588 4 0.002603995965250197 18 6.452018976211548
0.588 5 0.003548633736571886 17 6.543208122253418
0.588 6 0.0027860214559043794 18 6.620149850845337
0.588 7 0.0018115048272611767 18 6.424062967300415
0.588 8 0.0038259287231533754 18 6.373817443847656
0.588 9 0.00326216036748136 19 6.419631004333496
0.596 0 0.005232545382872732 19 6.4938273429870605
0.596 1 0.00234633020651612 18 6.443134784698486
0.596 2 0.0036222070233263787 19 6.231107473373413
0.596 3 0.004043902210492842 19 6.456995487213135
0.596 4 0.0008774285648170655 19 6.479759454727173
0.596 5 0.002922573127117975 19 6.502477169036865
0.596 6 0.005936524933592538 18 6.266483306884766
0.596 7 0.004842479080862888 18 6.509467601776123
0.596 8 0.006417948084876583 21 6.510000467300415
0.596 9 0.0037584917177377495 19 6.571842432022095
0.604 0 0.0025376679776464694 18 6.305753946304321
0.604 1 0.0025923049073820013 18 6.332183122634888
0.604 2 0.0010841558004341537 19 6.517846584320068
0.604 3 0.004266661723574996 18 6.251997232437134
0.604 4 0.0023022481409311468 18 6.3671345710754395
0.604 5 0.001387601119248998 18 6.468229055404663
0.604 6 0.005703115912022538 19 6.58371114730835
0.604 7 0.0032999021052065288 18 6.408517599105835
0.604 8 0.002404897424007268 18 6.5613861083984375
0.604 9 0.0024789386319802433 18 6.222052335739136
0.612 0 0.002066407189657778 19 6.531630754470825
0.612 1 0.005661087774852745 19 6.815948009490967
0.612 2 0.0018536527597901886 18 6.544173002243042
0.612 3 0.0014019079055881262 18 6.442184925079346
0.612 4 0.004889793074678539 21 6.530592679977417
0.612 5 0.002626031417804844 18 6.422938585281372
0.612 6 0.0024394410526870163 17 6.534299612045288
0.612 7 -7.356958770760292e-05 18 6.3667168617248535
0.612 8 0.0026829110744459174 18 6.367888450622559
0.612 9 -3.6778865933045472e-06 18 6.436059951782227
0.62 0 0.0018463362595317417 18 6.448063850402832
0.62 1 0.001987109843668085 19 6.364353656768799
0.62 2 0.003234323231975623 18 6.63853645324707
0.62 3 0.0022001677570839093 18 6.46826696395874
0.62 4 0.001351439335581773 17 6.410010099411011
0.62 5 0.0014026137743170502 19 6.374487638473511
0.62 6 0.0009461256640643799 19 6.407099485397339
0.62 7 0.004104757038092127 20 6.332974672317505
0.62 8 -0.0006037659378301746 19 6.514896392822266
0.62 9 0.0016117325566335937 19 6.4685890674591064
0.628 0 0.0013139884478089899 18 6.3997132778167725
0.628 1 0.004319465326421844 18 6.448267221450806
0.628 2 0.0007432857342647821 19 6.4540534019470215
0.628 3 0.0027859835304312602 19 6.3595521450042725
0.628 4 0.0013549233798423657 19 6.599532842636108
0.628 5 0.0023797999378405666 19 6.410792827606201
0.628 6 0.0010977653654643572 19 6.339377164840698
0.628 7 0.0034801759691611856 18 6.353243112564087
0.628 8 0.002839811272066713 19 6.307400703430176
0.628 9 0.0021079247771665175 19 6.4025559425354
0.636 0 0.0013436805333909825 18 6.505914688110352
0.636 1 0.00043314112787622725 19 6.412666320800781
0.636 2 0.0029767392873242295 19 6.323246955871582
0.636 3 0.0006757279876778285 19 6.159451246261597
0.636 4 0.002390096589234467 19 6.4957380294799805
0.636 5 0.0025657067511101112 19 6.482040882110596
0.636 6 0.0018882004288730693 17 6.453315734863281
0.636 7 0.0033105724856167078 19 6.063153982162476
0.636 8 5.323718925189803e-05 18 6.283980131149292
0.636 9 0.0033254598831585092 17 6.400550842285156
0.644 0 0.0025356070018666505 18 6.386839151382446
0.644 1 0.0025670316694085898 19 6.517306089401245
0.644 2 0.0014583145994807255 19 6.3849568367004395
0.644 3 0.005273971517534272 19 6.446169853210449
0.644 4 0.0031384453067074877 20 6.711416959762573
0.644 5 0.0030363202121720043 19 6.438163995742798
0.644 6 0.0022566870989930046 18 6.406818866729736
0.644 7 0.0019508139492716101 18 6.370537996292114
0.644 8 0.0012274876697597914 19 6.3481011390686035
0.644 9 0.0030088216287669283 19 6.539042949676514
0.652 0 0.0015682727022068405 18 6.474050521850586
0.652 1 0.0018633567957976678 18 6.524367094039917
0.652 2 0.004076363724100002 18 6.339215517044067
0.652 3 0.0021663246650624295 18 6.1770179271698
0.652 4 0.0009824769945755336 19 6.416215181350708
0.652 5 -0.00011862281341855781 19 6.578787565231323
0.652 6 0.0011311532011193315 19 6.105670690536499
0.652 7 0.0012575511815714163 18 6.151796102523804
0.652 8 0.0016816810674436008 18 6.276489734649658
0.652 9 0.004282492867926539 18 6.428869962692261
0.66 0 0.0020594467596613954 20 6.745727777481079
0.66 1 0.0009890754687918763 19 6.591792345046997
0.66 2 0.0016127512088102854 17 6.416601181030273
0.66 3 0.003127352640333747 18 6.188154697418213
0.66 4 0.002337142797918765 17 6.346207857131958
0.66 5 0.0031688248537526903 19 6.433603048324585
0.66 6 0.002067929937870329 19 6.549315690994263
0.66 7 0.0024099609364253327 18 6.384763240814209
0.66 8 0.0019182703201914585 18 6.589795112609863
0.66 9 0.0013439346654222362 18 6.477139949798584
0.668 0 0.001002796240517176 18 6.750627517700195
0.668 1 0.0016364885779328983 19 6.441924333572388
0.668 2 0.004057340049818621 19 6.360254764556885
0.668 3 0.00119974415619203 19 6.376492738723755
0.668 4 0.0017949081588070047 19 6.351639986038208
0.668 5 0.0007752529156345131 18 6.4574058055877686
0.668 6 0.0034843477815917736 17 6.314252614974976
0.668 7 0.0055626078649554595 18 6.234716892242432
0.668 8 0.00038341443932031916 17 6.258457183837891
0.668 9 0.0032992662961541497 20 6.309436082839966
0.676 0 0.0018359164841332232 18 6.520068883895874
0.676 1 0.005451706323288167 19 6.397763013839722
0.676 2 0.0017649109161977476 20 6.635450839996338
0.676 3 0.0008083686584661337 18 6.5643792152404785
0.676 4 0.0018970095345454724 19 6.609712839126587
0.676 5 0.003258407371663952 19 6.356441497802734
0.676 6 0.0032406802341561 18 6.509495973587036
0.676 7 0.0005282891156520056 19 6.365602016448975
0.676 8 0.0005099958176698991 20 6.574561595916748
0.676 9 0.0012990231270904207 19 6.417233943939209
0.6839999999999999 0 0.0011693401180857374 18 6.507216215133667
0.6839999999999999 1 0.0010764299518120969 19 6.542085647583008
0.6839999999999999 2 0.0019696368393121483 20 6.600832223892212
0.6839999999999999 3 0.0014328470032221184 17 6.47355842590332
0.6839999999999999 4 -7.808477470338903e-06 18 6.328324794769287
0.6839999999999999 5 0.0015115067334917885 17 6.433170557022095
0.6839999999999999 6 0.0012811452883044598 18 6.335752248764038
0.6839999999999999 7 0.001050257867929177 19 6.3820695877075195
0.6839999999999999 8 0.0005302686263930944 18 6.771607875823975
0.6839999999999999 9 0.0037199499141412564 19 6.495790719985962
0.692 0 0.0023418476528551118 19 6.494800090789795
0.692 1 0.001225951691803064 20 6.597341060638428
0.692 2 0.0010775127077359762 18 6.372887849807739
0.692 3 0.0008565433264643987 18 6.419745445251465
0.692 4 -7.814243527256957e-05 20 6.689930438995361
0.692 5 0.0019759798168631753 18 6.7717649936676025
0.692 6 0.000276716791589749 19 7.302788019180298
0.692 7 0.004838232214122895 18 7.051257133483887
0.692 8 0.0013741819839579571 20 6.986284494400024
0.692 9 0.0003378248431212403 18 7.364684343338013
0.7 0 0.0015124662311409428 19 7.2317187786102295
0.7 1 0.0004420400516828607 18 7.12053656578064
0.7 2 0.00041511749709680876 19 7.663918972015381
0.7 3 0.0007893612005698215 19 7.329003810882568
0.7 4 0.002163859555453767 19 7.378133058547974
0.7 5 0.0005114819448456485 19 7.1665637493133545
0.7 6 0.0015237588193981139 18 6.910112380981445
0.7 7 -0.0003109604872032247 19 7.059056997299194
0.7 8 0.00047895285431008995 18 6.931839227676392
0.7 9 0.003315249941939871 19 7.046548843383789
0.708 0 0.0032926789105804442 18 6.826492071151733
0.708 1 0.0021107545139642985 18 6.794992446899414
0.708 2 0.003798249386130658 18 6.614660739898682
0.708 3 0.000351742369160104 19 6.48919415473938
0.708 4 0.0007296861173570757 18 6.265369415283203
0.708 5 0.0010493508181413003 19 6.441596746444702
0.708 6 0.001709351702063228 17 6.168996334075928
0.708 7 0.0003636908526895428 18 6.306028366088867
0.708 8 0.0009512833335167213 19 6.4216344356536865
0.708 9 -0.0001767012420101233 19 6.556297063827515
0.716 0 3.136238843025645e-05 19 6.439535856246948
0.716 1 0.0027687869584494596 18 6.230765342712402
0.716 2 -0.0004736045774645708 18 6.489239454269409
0.716 3 0.0025898287955390172 18 6.528108835220337
0.716 4 0.002142161437465458 18 6.411261081695557
0.716 5 0.0021532151014581643 20 6.6645143032073975
0.716 6 0.001990547192960662 18 6.439180850982666
0.716 7 0.0006235835863023632 19 6.327671051025391
0.716 8 0.0010777603307788746 18 6.333208799362183
0.716 9 0.0013480796446418682 20 6.621812582015991
0.724 0 0.0006848133180345794 19 6.42836856842041
0.724 1 0.0008005661901912255 19 6.421722888946533
0.724 2 0.0008400486118527235 19 6.2801525592803955
0.724 3 0.001892661814668721 19 6.4873833656311035
0.724 4 0.001130524278067115 17 6.319146156311035
0.724 5 0.0012756219207121185 19 6.149800777435303
0.724 6 0.000943215032796262 18 6.2371909618377686
0.724 7 0.0015223076498874593 19 6.49565052986145
0.724 8 0.0015018527230549277 18 6.242907762527466
0.724 9 0.0012882984643526932 18 6.403023719787598
0.732 0 0.0005435244090801277 19 6.495619535446167
0.732 1 0.0016230904890345793 19 6.522655487060547
0.732 2 0.0025764628089587215 19 6.396654844284058
0.732 3 -2.3731875688692668e-05 19 6.466632604598999
0.732 4 0.00036373755362266127 18 6.47363543510437
0.732 5 0.0008307433268513347 19 6.561573266983032
0.732 6 0.0005139890173527962 18 6.241234540939331
0.732 7 0.0006907756705693464 18 6.3154401779174805
0.732 8 0.0017713166321911048 19 6.6721320152282715
0.732 9 -3.079526055402842e-05 19 6.415395975112915
0.74 0 0.00021882165007498715 19 6.330524444580078
0.74 1 0.0022551027966358646 17 6.207571983337402
0.74 2 0.0007278763221812073 20 6.442027568817139
0.74 3 0.0007740355887977429 19 6.454239368438721
0.74 4 0.0017273002442276303 18 6.216393947601318
0.74 5 0.0008204016757703398 19 6.334113359451294
0.74 6 0.00013929899718862965 19 6.0737457275390625
0.74 7 0.0018862997612951536 19 6.17692494392395
0.74 8 -3.153938340313891e-05 19 6.063564777374268
0.74 9 0.00038861473724028294 20 6.316125392913818
0.748 0 0.002121621953346004 19 6.18250584602356
0.748 1 0.0009039900762181209 18 6.254370212554932
0.748 2 0.0005895834961436988 19 6.109867811203003
0.748 3 0.0010090257753087592 18 6.237011432647705
0.748 4 -0.00037984446533777293 19 6.651846170425415
0.748 5 0.0024162055430528235 19 6.273430824279785
0.748 6 0.0006035264746800068 19 6.371429443359375
0.748 7 0.0018257076726330987 19 6.19292950630188
0.748 8 0.0016232624259180603 19 6.188887357711792
0.748 9 0.0001605899023499224 18 6.12998628616333
0.756 0 0.0009874907833446738 19 6.350106477737427
0.756 1 0.0014744469469599902 19 6.450361967086792
0.756 2 0.0019311586375665712 19 6.624402046203613
0.756 3 0.0004833837933801279 17 6.47153639793396
0.756 4 0.0005442625229593994 18 6.2809157371521
0.756 5 0.0003481013740954605 21 6.560735702514648
0.756 6 0.0011631755927402564 18 6.443620204925537
0.756 7 0.0012248811306767333 20 6.330397367477417
0.756 8 -0.0005490884189234483 18 6.447185516357422
0.756 9 0.0007643277433242316 20 6.10683536529541
0.764 0 0.0029192962672989855 19 6.334089279174805
0.764 1 0.0017452700464881473 18 6.267273902893066
0.764 2 0.00010930660517505751 19 6.082212924957275
0.764 3 0.0012744789424550768 19 6.1658711433410645
0.764 4 0.0011674946534707357 18 6.081409692764282
0.764 5 0.0005998823406997526 19 6.1583092212677
0.764 6 0.0017353785358869473 19 6.4248199462890625
0.764 7 -9.864703586540135e-05 19 6.446912050247192
0.764 8 0.0008334226733044057 19 6.492014408111572
0.764 9 0.0004137439542025699 18 6.223609685897827
0.772 0 0.0005039175525124144 18 6.282839059829712
0.772 1 0.0015363280307056774 21 6.552118539810181
0.772 2 -0.00014466009749327285 18 6.2764551639556885
0.772 3 3.419611582994082e-05 19 6.508425712585449
0.772 4 -0.0003643178948639889 20 6.5644354820251465
0.772 5 0.00034770585737181457 21 6.608083248138428
0.772 6 0.0017777354149800713 18 6.306381464004517
0.772 7 0.0023067084368824085 19 6.425390720367432
0.772 8 -3.3446494086490774e-05 20 6.430602788925171
0.772 9 0.0007012723981136765 19 6.421025276184082
0.78 0 0.0011639758975026187 19 6.419517993927002
0.78 1 0.00013712635239983788 19 6.415198564529419
0.78 2 0.0014027130510466854 18 6.120379209518433
0.78 3 0.002263752696227616 17 6.095364809036255
0.78 4 0.000881134856783497 18 6.260999441146851
0.78 5 -0.0002927664122663352 18 6.137138843536377
0.78 6 0.0014672415190615789 19 6.346364259719849
0.78 7 0.0002934319801087659 20 6.433822154998779
0.78 8 0.00036888726151930175 19 6.2476770877838135
0.78 9 0.0005798387640067648 19 6.32794976234436
0.788 0 0.0011664824974424869 19 6.365923881530762
0.788 1 0.0008886162752855872 20 6.357378959655762
0.788 2 -0.0004079208444286801 18 6.245115280151367
0.788 3 0.0017189153637325824 18 6.053028583526611
0.788 4 0.00014677239094865364 18 6.344130277633667
0.788 5 -0.00018584644198888224 20 6.23324179649353
0.788 6 0.000560690754552839 19 6.373009920120239
0.788 7 0.0006076069662896786 19 6.039011478424072
0.788 8 -0.00035196770611819637 19 6.324484825134277
0.788 9 -0.00015049305241483178 18 6.09254789352417
0.796 0 0.0006031528833303039 18 6.120687246322632
0.796 1 0.0006659580396076351 20 6.219110012054443
0.796 2 4.372065567651059e-05 18 6.05729603767395
0.796 3 0.0011672223472769165 19 6.183406591415405
0.796 4 -9.812659160649004e-06 19 6.270374059677124
0.796 5 0.0014125604943051357 19 6.1065778732299805
0.796 6 0.00189656454615087 17 5.991729736328125
0.796 7 0.0015520045233579245 17 6.0823962688446045
0.796 8 0.00015256407268431156 21 6.3641037940979
0.796 9 8.863560578710222e-05 20 6.388687372207642
0.8039999999999999 0 0.0015418237454096829 19 6.367808818817139
0.8039999999999999 1 0.00047855961801733575 19 6.1496641635894775
0.8039999999999999 2 -0.0004188912024917278 20 6.4196343421936035
0.8039999999999999 3 -0.00021242834171252256 20 6.478705406188965
0.8039999999999999 4 0.00028570711367163787 18 6.353683710098267
0.8039999999999999 5 0.0006096229025428789 18 6.258938789367676
0.8039999999999999 6 0.0005713636367936392 18 6.2192816734313965
0.8039999999999999 7 0.0008988915189890821 19 6.232133865356445
0.8039999999999999 8 0.0010907795157923848 18 6.263978719711304
0.8039999999999999 9 0.0015039873049803043 19 6.316835641860962
0.8119999999999999 0 0.0014063437037217326 19 6.3453474044799805
0.8119999999999999 1 0.0010572797300038579 20 6.340529203414917
0.8119999999999999 2 0.001999019323837982 19 6.180299520492554
0.8119999999999999 3 0.0011856219670780437 19 6.1840856075286865
0.8119999999999999 4 0.0014595839852756833 20 5.974848508834839
0.8119999999999999 5 0.0004571206914779326 20 6.2791969776153564
0.8119999999999999 6 0.0009563113025885327 19 6.260123252868652
0.8119999999999999 7 0.0003413683553698334 19 6.22137975692749
0.8119999999999999 8 0.0004066624516653553 19 6.2198872566223145
0.8119999999999999 9 -0.00014514625817596132 18 6.292524099349976
0.82 0 0.0006846538679042593 18 6.253288984298706
0.82 1 -0.00033430165718469746 19 6.271258115768433
0.82 2 0.002555399811995214 20 6.18699312210083
0.82 3 0.0003261795286011075 18 6.154113292694092
0.82 4 0.00039348948484855607 18 6.2024829387664795
0.82 5 -0.000686808130088075 19 6.2286787033081055
0.82 6 0.00127845261164991 19 6.165013790130615
0.82 7 0.0017342511197197905 19 6.168832540512085
0.82 8 0.0009729165809245796 19 6.3326945304870605
0.82 9 0.0010446988939287142 19 6.157251596450806
0.828 0 0.00019344596274301597 19 6.299187421798706
0.828 1 0.0002782702558089763 18 6.293614387512207
0.828 2 -6.649942266690637e-06 18 6.293108940124512
0.828 3 -0.00021028243063899728 19 6.563440322875977
0.828 4 -0.0007206122431661282 19 6.39343786239624
0.828 5 -6.534934328116615e-05 20 6.5764429569244385
0.828 6 -1.0775614154270714e-05 18 6.353209018707275
0.828 7 0.0008976229587537736 19 6.442670822143555
0.828 8 0.001016695968124047 20 6.562063217163086
0.828 9 -0.000363881608506726 18 6.365808725357056
0.836 0 -0.00041508055855539537 18 6.325853586196899
0.836 1 0.00011245835643197279 19 6.416661262512207
0.836 2 0.00017227246744698526 19 6.597932577133179
0.836 3 -0.0003889244568953547 19 6.326883316040039
0.836 4 0.0006223365294282191 19 6.348272323608398
0.836 5 0.002859426368171072 19 6.263164281845093
0.836 6 0.00037628689268342917 19 6.287400960922241
0.836 7 0.001264412484760074 19 6.164721488952637
0.836 8 0.0022068684516532047 19 6.451871156692505
0.836 9 0.0017813458522734943 19 6.299832582473755
0.844 0 0.0004717556362706571 19 6.274632453918457
0.844 1 -2.5269714357608065e-05 19 6.404728174209595
0.844 2 0.0019793356375760515 19 6.563265562057495
0.844 3 -6.729238858471491e-05 19 6.427638530731201
0.844 4 0.0009075269473976567 19 6.311198472976685
0.844 5 -0.0008615356613099137 19 6.516996622085571
0.844 6 0.00031393964717620044 20 6.51810884475708
0.844 7 0.0005470974314567968 19 6.5912089347839355
0.844 8 -2.088373542263755e-05 18 6.28472113609314
0.844 9 0.00045791658230748484 18 6.497905969619751
0.852 0 -0.00019073549225375556 19 6.49312162399292
0.852 1 -0.0006104987698536644 20 6.270892381668091
0.852 2 0.0007139704182804822 18 6.329706430435181
0.852 3 -5.7823422047707524e-06 18 6.3888726234436035
0.852 4 0.00040364498800463794 21 6.5867955684661865
0.852 5 0.0016530593888500543 19 6.4616453647613525
0.852 6 0.00042683086938295734 18 6.58991003036499
0.852 7 -4.628175594442082e-06 21 6.368714094161987
0.852 8 -0.000910201320905094 20 6.316247463226318
0.852 9 0.0008639297582159637 20 6.484955787658691
0.86 0 -4.304405279793425e-05 19 6.3546764850616455
0.86 1 -0.00044861435289454135 19 6.402237176895142
0.86 2 -0.00023591070449583234 19 6.608625173568726
0.86 3 0.0014343194913858863 19 6.306145429611206
0.86 4 0.000291731620895202 19 6.50840950012207
0.86 5 0.00042472825465817414 18 6.4251673221588135
0.86 6 -8.871724260185848e-05 19 6.53795313835144
0.86 7 -0.00020531495802744964 19 6.395604372024536
0.86 8 0.00046882625828668716 19 6.362543821334839
0.86 9 -0.00044681810425405263 20 6.371340751647949
0.868 0 -0.0003039176723661726 20 6.5050554275512695
0.868 1 -0.0005954243311829465 20 6.505880832672119
0.868 2 0.00042136181297323065 19 6.307061433792114
0.868 3 0.0003997075223321401 19 6.314681529998779
0.868 4 -0.0004053755706049136 18 6.1030895709991455
0.868 5 0.00020787421659330694 18 6.145910263061523
0.868 6 -0.00037149499893114894 20 6.443289279937744
0.868 7 0.0015447690974922817 21 6.641073942184448
0.868 8 0.0005080244646420316 20 6.275741100311279
0.868 9 -0.0003126496113823421 21 6.534898996353149
0.876 0 0.0002299911773220362 19 6.163191795349121
0.876 1 -4.406794906570614e-05 20 6.121624708175659
0.876 2 0.00050272867394372 19 6.128539085388184
0.876 3 0.001044302997542778 19 6.360401630401611
0.876 4 0.0003187834109885466 19 6.1540234088897705
0.876 5 0.00015894176967819657 19 6.303287744522095
0.876 6 0.0007590757778793299 19 6.328230142593384
0.876 7 0.0010413419407227268 19 6.42487359046936
0.876 8 -0.0003218112444784425 19 6.457134962081909
0.876 9 0.0017921192907754434 20 6.49139404296875
0.884 0 -2.7686381390159213e-05 19 6.148942947387695
0.884 1 0.0006157979087392651 20 6.280094623565674
0.884 2 0.0008501908807177151 19 6.148563623428345
0.884 3 -0.0003241899413468737 21 6.384271144866943
0.884 4 -0.0008921404877221217 19 6.375149250030518
0.884 5 -0.0003329558306037225 19 6.167778730392456
0.884 6 -1.3619227251356921e-05 20 6.52452540397644
0.884 7 0.00029748920629164355 18 6.237774133682251
0.884 8 -0.0004642435237272118 17 6.390729188919067
0.884 9 0.0010971931931498828 20 6.463616847991943
0.892 0 -0.00032211550332046255 20 6.4920806884765625
0.892 1 0.00041741654618445106 19 6.427716493606567
0.892 2 -5.6819855658341964e-05 20 6.4075212478637695
0.892 3 0.000779091979884198 19 6.319364547729492
0.892 4 0.0004032487710056056 18 6.413022994995117
0.892 5 0.001028448256592663 19 6.268932104110718
0.892 6 0.0002679180626765158 19 6.314363479614258
0.892 7 0.0007493645916838855 20 6.475341558456421
0.892 8 -0.0005437608276747935 20 6.4961748123168945
0.892 9 0.000796559629763937 19 6.369021654129028
0.9 0 -0.00044859231098633504 19 6.30525279045105
0.9 1 -0.0008882130504874469 19 6.298293113708496
0.9 2 0.0009798118859899788 18 6.432003021240234
0.9 3 0.0026320842227809025 20 6.53606390953064
0.9 4 0.0003494095190017314 20 6.666076421737671
0.9 5 0.00025410312540240205 19 6.9863386154174805
0.9 6 0.0001296625896440063 20 6.889038562774658
0.9 7 0.0009573993760889664 20 7.197283506393433
0.9 8 0.0002597641726769978 19 6.9084084033966064
0.9 9 -0.0003772042377756518 20 7.299986839294434
