0.1 0 1.0 2
0.1 1 0.7512016426233005 3
0.1 2 1.0 2
0.1 3 0.6339754014144335 3
0.1 4 0.798355728645285 3
0.11800000000000001 0 1.0 2
0.11800000000000001 1 0.657458867006075 3
0.11800000000000001 2 1.0 2
0.11800000000000001 3 0.7109504115994243 3
0.11800000000000001 4 0.7992929467371418 3
0.136 0 1.0 2
0.136 1 1.0 2
0.136 2 0.9286022516535728 2
0.136 3 1.0 2
0.136 4 0.8133415088525843 3
0.15400000000000003 0 1.0 2
0.15400000000000003 1 0.9286022516535728 2
0.15400000000000003 2 0.7476994166180123 3
0.15400000000000003 3 1.0 2
0.15400000000000003 4 1.0 2
0.17200000000000001 0 0.4619895987433141 3
0.17200000000000001 1 0.8773072618436142 2
0.17200000000000001 2 1.0 2
0.17200000000000001 3 0.9286022516535728 2
0.17200000000000001 4 0.7559202555796879 2
0.19 0 1.0 2
0.19 1 0.5732266749333317 3
0.19 2 0.9286022516535728 2
0.19 3 0.47851784471137176 3
0.19 4 0.6191259842540455 3
0.20800000000000002 0 0.8065446315451662 2
0.20800000000000002 1 0.5256093610635192 3
0.20800000000000002 2 0.657582506055289 3
0.20800000000000002 3 0.9286022516535728 2
0.20800000000000002 4 0.8575159537539401 2
0.226 0 0.7486808831460182 3
0.226 1 1.0 2
0.226 2 0.45196471381715064 3
0.226 3 0.7106059956946438 3
0.226 4 0.5922915217470284 3
0.24400000000000002 0 0.763108324572318 2
0.24400000000000002 1 0.7631083245723179 2
0.24400000000000002 2 0.5121736795692621 3
0.24400000000000002 3 0.7592561769713603 2
0.24400000000000002 4 0.8335429056980596 2
0.262 0 0.6572373895017843 2
0.262 1 0.48164894556058635 3
0.262 2 1.0 2
0.262 3 0.7946207065282216 2
0.262 4 0.5144096691253709 3
0.28 0 0.6614947417335207 3
0.28 1 0.7245153084203909 2
0.28 2 0.5992540218462625 2
0.28 3 0.6572373895017843 2
0.28 4 0.7631083245723179 2
0.29800000000000004 0 0.7128426776147976 2
0.29800000000000004 1 0.7266881418253447 2
0.29800000000000004 2 0.3210674234777423 3
0.29800000000000004 3 0.6746161775765515 2
0.29800000000000004 4 0.6746161775765513 2
0.31600000000000006 0 0.9286022516535728 2
0.31600000000000006 1 0.5565844115605968 3
0.31600000000000006 2 0.6572373895017843 2
0.31600000000000006 3 0.6572373895017843 2
0.31600000000000006 4 0.44223840914383106 2
0.3340000000000001 0 0.3818555360142163 2
0.3340000000000001 1 0.4070072423775609 3
0.3340000000000001 2 0.6964105874134144 2
0.3340000000000001 3 0.6746161775765513 2
0.3340000000000001 4 0.7128426776147977 2
0.352 0 0.6322976674068047 2
0.352 1 0.3189235981961811 2
0.352 2 0.5668253230070734 3
0.352 3 0.20199691119915453 3
0.352 4 0.47865685199996827 3
0.37 0 0.3774189626894202 3
0.37 1 0.6701392955273148 2
0.37 2 0.41754065356161485 2
0.37 3 0.32937556349950176 3
0.37 4 0.6964105874134144 2
0.388 0 0.0 1
0.388 1 0.3158987685833929 2
0.388 2 0.16707641579698487 3
0.388 3 0.2291300181067285 3
0.388 4 0.578511490051223 2
0.406 0 0.0 1
0.406 1 0.0 1
0.406 2 0.3722306224796183 3
0.406 3 -0.0026276787726500577 2
0.406 4 0.2727027214920264 3
0.42400000000000004 0 -0.00622269744193054 2
0.42400000000000004 1 0.0 1
0.42400000000000004 2 0.3753790039297917 2
0.42400000000000004 3 -0.006214703265369533 2
0.42400000000000004 4 0.0 1
0.44200000000000006 0 0.0 1
0.44200000000000006 1 0.0002716667622543389 2
0.44200000000000006 2 0.0 1
0.44200000000000006 3 0.0 1
0.44200000000000006 4 0.0 1
0.4600000000000001 0 0.0 1
0.4600000000000001 1 0.38871043367420405 2
0.4600000000000001 2 0.3951610072815634 2
0.4600000000000001 3 -0.006232668508048415 2
0.4600000000000001 4 0.0 1
0.4780000000000001 0 0.16525490586658056 3
0.4780000000000001 1 0.0 1
0.4780000000000001 2 0.0 1
0.4780000000000001 3 0.0 1
0.4780000000000001 4 0.2062350228398847 2
0.496 0 -0.007095800605806286 2
0.496 1 0.4398117400583874 2
0.496 2 0.0 1
0.496 3 -0.006264383055197553 2
0.496 4 0.003130200440575802 2
0.514 0 0.0 1
0.514 1 0.0 1
0.514 2 0.0 1
0.514 3 0.0031302004405757995 2
0.514 4 0.0 1
0.532 0 0.0 1
0.532 1 0.0 1
0.532 2 0.0 1
0.532 3 0.0 1
0.532 4 0.1307269368761654 3
0.55 0 4.516136592730491e-05 2
0.55 1 0.00014355245675715467 2
0.55 2 0.0 1
0.55 3 -7.296789450023967e-05 2
0.55 4 0.0 1
0.5680000000000001 0 0.0 1
0.5680000000000001 1 -0.0027163556570253943 2
0.5680000000000001 2 0.0 1
0.5680000000000001 3 0.0 1
0.5680000000000001 4 0.0 1
0.5860000000000001 0 0.0 1
0.5860000000000001 1 0.0 1
0.5860000000000001 2 0.0 1
0.5860000000000001 3 0.0031864268995741157 2
0.5860000000000001 4 0.0031302004405757995 2
0.604 0 0.0 1
0.604 1 -2.6347168394843334e-05 2
0.604 2 0.0 1
0.604 3 0.016899851636435252 2
0.604 4 0.022444310827320284 2
0.622 0 0.0 1
0.622 1 0.0 1
0.622 2 0.0 1
0.622 3 0.0 1
0.622 4 0.0 1
0.64 0 -0.0026276787726500564 2
0.64 1 -0.007546805050453066 2
0.64 2 0.0 1
0.64 3 0.0 1
0.64 4 0.0 1
0.658 0 0.0 1
0.658 1 0.0 1
0.658 2 -0.00709580060580629 2
0.658 3 0.0 1
0.658 4 0.0 1
0.676 0 0.0 1
0.676 1 -0.0047181676770051955 2
0.676 2 0.0 1
0.676 3 0.0 1
0.676 4 0.012275259160560313 2
0.6940000000000001 0 0.0 1
0.6940000000000001 1 0.004122300106534145 2
0.6940000000000001 2 -0.007382228726156382 2
0.6940000000000001 3 0.0 1
0.6940000000000001 4 0.003130200440575802 2
0.7120000000000001 0 0.0 1
0.7120000000000001 1 0.0 1
0.7120000000000001 2 0.0 1
0.7120000000000001 3 0.0 1
0.7120000000000001 4 0.0 1
0.7300000000000001 0 -0.007087974007297234 2
0.7300000000000001 1 0.0 1
0.7300000000000001 2 0.0 1
0.7300000000000001 3 0.0031864268995741157 2
0.7300000000000001 4 0.0 1
0.7480000000000001 0 0.0001435524567571585 2
0.7480000000000001 1 -0.004744641425544358 2
0.7480000000000001 2 0.0 1
0.7480000000000001 3 0.0 1
0.7480000000000001 4 -0.00475740888116101 2
0.766 0 0.0 1
0.766 1 0.0 1
0.766 2 0.0 1
0.766 3 0.0 1
0.766 4 0.0 1
0.784 0 0.0 1
0.784 1 0.0 1
0.784 2 -0.006311223989902555 2
0.784 3 0.0 1
0.784 4 0.0 1
0.802 0 0.0 1
0.802 1 0.0 1
0.802 2 -0.002669917868380413 2
0.802 3 0.0 1
0.802 4 0.0 1
0.8200000000000001 0 0.0 1
0.8200000000000001 1 0.0 1
0.8200000000000001 2 0.0 1
0.8200000000000001 3 0.011453922475136111 2
0.8200000000000001 4 0.0 1
0.8380000000000001 0 0.0 1
0.8380000000000001 1 0.0 1
0.8380000000000001 2 0.0 1
0.8380000000000001 3 0.0 1
0.8380000000000001 4 0.0 1
0.8560000000000001 0 0.0 1
0.8560000000000001 1 0.0 1
0.8560000000000001 2 0.0 1
0.8560000000000001 3 0.0 1
0.8560000000000001 4 0.018386843397419247 3
0.8740000000000001 0 0.0 1
0.8740000000000001 1 0.0 1
0.8740000000000001 2 0.0 1
0.8740000000000001 3 0.0 1
0.8740000000000001 4 0.0 1
0.892 0 0.0 1
0.892 1 0.007782079450602333 2
0.892 2 0.0 1
0.892 3 -0.006214703265369533 2
0.892 4 0.0 1
0.91 0 -0.0062465826948451195 2
0.91 1 0.0 1
0.91 2 0.0 1
0.91 3 4.516136592730618e-05 2
0.91 4 -0.007111527585898865 2
0.928 0 -2.63471683948446e-05 2
0.928 1 0.012275259160560305 2
0.928 2 0.016599994762068544 2
0.928 3 0.0 1
0.928 4 0.0 1
0.9460000000000001 0 0.0 1
0.9460000000000001 1 0.0 1
0.9460000000000001 2 0.0 1
0.9460000000000001 3 0.0 1
0.9460000000000001 4 0.0 1
0.9640000000000001 0 -0.007382228726156379 2
0.9640000000000001 1 0.0 1
0.9640000000000001 2 -0.006264383055197559 2
0.9640000000000001 3 -0.0071673602779741665 2
0.9640000000000001 4 -0.007546805050453061 2
0.9820000000000001 0 0.0 1
0.9820000000000001 1 0.0 1
0.9820000000000001 2 0.0 1
0.9820000000000001 3 -0.002571062834872341 2
0.9820000000000001 4 0.0 1
1.0 0 0.0 1
1.0 1 0.0 1
1.0 2 0.0 1
1.0 3 0.0 1
1.0 4 0.0 1
1.4 0 0.0 1
1.4 1 0.0 1
1.4 2 0.0 1
1.4 3 -0.004757408881161006 2
1.4 4 0.0 1
1.8299999999999998 0 0.0 1
1.8299999999999998 1 0.0 1
1.8299999999999998 2 0.0 1
1.8299999999999998 3 0.0 1
1.8299999999999998 4 0.0 1
2.26 0 0.0 1
2.26 1 0.0 1
2.26 2 0.0 1
2.26 3 -0.002669917868380409 2
2.26 4 0.0 1
2.69 0 0.0 1
2.69 1 0.18385366700838618 2
2.69 2 0.09463197423232728 3
2.69 3 0.0 1
2.69 4 0.0 1
3.12 0 0.25226247055504447 2
3.12 1 0.36222569989642606 2
3.12 2 0.0 1
3.12 3 0.2348933718173441 2
3.12 4 0.1396888834180358 2
3.55 0 0.2633680474829558 3
3.55 1 0.30313993665599664 3
3.55 2 0.17125299973979713 2
3.55 3 0.537389906898252 2
3.55 4 0.0 1
3.98 0 0.42554090859106564 2
3.98 1 0.0 1
3.98 2 0.6399520592597279 2
3.98 3 0.3818555360142163 2
3.98 4 0.37234636062327015 2
4.41 0 0.42007145876188945 3
4.41 1 0.47438027498553 2
4.41 2 0.47438027498553 2
4.41 3 0.4548959141946361 2
4.41 4 0.7559202555796879 2
4.84 0 0.5508642506256433 2
4.84 1 0.4686069584125657 2
4.84 2 0.5980264653628166 2
4.84 3 0.41754065356161485 2
4.84 4 0.5299387237037455 2
5.27 0 0.4388653321124502 2
5.27 1 0.3444526735878948 2
5.27 2 0.4114508587079951 2
5.27 3 0.49692049675694044 2
5.27 4 0.5948536586032955 2
5.699999999999999 0 0.32412299393247274 2
5.699999999999999 1 0.4158631172854936 2
5.699999999999999 2 0.3442499936725466 3
5.699999999999999 3 0.47438027498553004 2
5.699999999999999 4 0.6746161775765515 2
6.129999999999999 0 0.4158631172854936 2
6.129999999999999 1 0.2735608011003912 2
6.129999999999999 2 0.7245153084203911 2
6.129999999999999 3 0.3818555360142163 2
6.129999999999999 4 0.412949191660473 2
6.5600000000000005 0 0.4400353456035901 3
6.5600000000000005 1 0.5980264653628166 2
6.5600000000000005 2 0.49692049675694044 2
6.5600000000000005 3 0.7128426776147976 2
6.5600000000000005 4 0.5785114900512232 2
6.99 0 0.6701392955273148 2
6.99 1 0.7592561769713603 2
6.99 2 0.6964105874134144 2
6.99 3 0.3943002456567385 2
6.99 4 0.4388653321124502 2
7.42 0 0.8773072618436142 2
7.42 1 0.3895062315916977 3
7.42 2 0.48457337259094396 2
7.42 3 0.41354574341413053 2
7.42 4 0.5948536586032955 2
7.85 0 0.33568139928686924 3
7.85 1 0.5609898034938849 2
7.85 2 0.6272831386244587 2
7.85 3 0.32936274979182223 3
7.85 4 0.6272831386244587 2
8.28 0 0.3433072808380617 3
8.28 1 0.7946207065282216 2
8.28 2 0.7631083245723179 2
8.28 3 0.5508642506256433 2
8.28 4 0.5275443048699059 2
8.709999999999999 0 0.3186991391360989 3
8.709999999999999 1 0.7266881418253447 2
8.709999999999999 2 0.433833407175121 3
8.709999999999999 3 0.3167538030980564 3
8.709999999999999 4 0.5609898034938849 2
9.14 0 0.763108324572318 2
9.14 1 0.6080864365663023 2
9.14 2 0.3627956226450065 3
9.14 3 0.5609898034938849 2
9.14 4 0.8773072618436142 2
9.57 0 0.8065446315451662 2
9.57 1 0.6322976674068046 2
9.57 2 0.6272831386244587 2
9.57 3 0.5609898034938849 2
9.57 4 0.5306298705800532 3
10.0 0 0.6746161775765513 2
10.0 1 0.6894791494633864 2
10.0 2 0.7946207065282216 2
10.0 3 0.7245153084203909 2
10.0 4 0.6080864365663023 2
