0.1 0 0.9496710611468958 2 0.31537866592407227
0.1 1 0.9475593584224812 2 0.0960996150970459
0.1 2 0.9734707463894033 2 0.1053614616394043
0.1 3 0.9652417875095225 2 0.09896373748779297
0.1 4 0.9545903383019588 2 0.09891724586486816
0.10800000000000001 0 0.9495579225337801 2 0.08482694625854492
0.10800000000000001 1 0.9613769759769708 2 0.12443995475769043
0.10800000000000001 2 0.9553871134109492 2 0.10635900497436523
0.10800000000000001 3 0.9599014412743786 2 0.09942364692687988
0.10800000000000001 4 0.9521039297299722 2 0.11042118072509766
0.116 0 0.9678584037173227 2 0.09050822257995605
0.116 1 0.9475593584224812 2 0.09095191955566406
0.116 2 0.937836459748062 2 0.09299445152282715
0.116 3 0.9471253907124562 2 0.10758137702941895
0.116 4 0.9283115103892399 2 0.08834576606750488
0.124 0 0.9305395981127482 2 0.10155391693115234
0.124 1 0.9328020497401707 2 0.0768730640411377
0.124 2 0.9158943207006845 2 0.0910494327545166
0.124 3 0.9398244466280465 2 0.1075131893157959
0.124 4 0.9329219241534902 2 0.09953117370605469
0.132 0 0.9306934936983796 2 0.0995485782623291
0.132 1 0.937615553977909 2 0.09147238731384277
0.132 2 0.9261154887266075 2 0.10955119132995605
0.132 3 0.9192191452196676 2 0.08358526229858398
0.132 4 0.9304631544736037 2 0.11718058586120605
0.14 0 0.9084980270792632 2 0.0971517562866211
0.14 1 0.9153935203438159 2 0.1385180950164795
0.14 2 0.9107229964906287 2 0.09018349647521973
0.14 3 0.9245102491396946 2 0.08867859840393066
0.14 4 0.9148282014765416 2 0.12537717819213867
0.14800000000000002 0 0.889652051328659 2 0.1010894775390625
0.14800000000000002 1 0.8998999144368648 2 0.12800288200378418
0.14800000000000002 2 0.9169927830545669 2 0.11992359161376953
0.14800000000000002 3 0.926330818976819 2 0.10738682746887207
0.14800000000000002 4 0.8964600945360014 2 0.11661124229431152
0.156 0 0.8814291367271189 2 0.09406733512878418
0.156 1 0.8998999144368648 2 0.08667850494384766
0.156 2 0.8863524758619784 2 0.1345045566558838
0.156 3 0.9020827365904707 2 0.11900520324707031
0.156 4 0.877754446204735 2 0.09005165100097656
0.164 0 0.8804682099615072 2 0.09107255935668945
0.164 1 0.8844676693189186 2 0.10798311233520508
0.164 2 0.8699272792947459 2 0.0941309928894043
0.164 3 0.8776789762268425 2 0.0970315933227539
0.164 4 0.8836129723454779 2 0.09710335731506348
0.17200000000000001 0 0.8567536131716768 2 0.11643290519714355
0.17200000000000001 1 0.8586663256853714 2 0.09613919258117676
0.17200000000000001 2 0.8590919885389595 2 0.08344554901123047
0.17200000000000001 3 0.8737755857282606 2 0.09397554397583008
0.17200000000000001 4 0.8481355245822948 2 0.09249997138977051
0.18 0 0.849441539098673 2 0.09828591346740723
0.18 1 0.840313776663284 2 0.09488606452941895
0.18 2 0.8457017328742392 2 0.1147315502166748
0.18 3 0.831825414892231 2 0.08897590637207031
0.18 4 0.8586663256853714 2 0.08446097373962402
0.188 0 0.8275027005507575 2 0.1378028392791748
0.188 1 0.8405280516438354 2 0.09896636009216309
0.188 2 0.8475636351269372 2 0.0888671875
0.188 3 0.8537899206722308 2 0.10036182403564453
0.188 4 0.8488757174246024 2 0.09649062156677246
0.196 0 0.8226723613209453 2 0.10541653633117676
0.196 1 0.784290005324486 2 0.09983611106872559
0.196 2 0.7895581259407005 2 0.12005472183227539
0.196 3 0.8330640120699729 2 0.09887099266052246
0.196 4 0.8102011336492356 2 0.17436766624450684
0.20400000000000001 0 0.7989264126519069 2 0.10301041603088379
0.20400000000000001 1 0.827935162982515 2 0.1508026123046875
0.20400000000000001 2 0.7988012123211485 2 0.22277164459228516
0.20400000000000001 3 0.8113754599891309 2 0.15764999389648438
0.20400000000000001 4 0.8060659478221713 2 0.12231850624084473
0.21200000000000002 0 0.7877649529336329 2 0.09000992774963379
0.21200000000000002 1 0.8194777017441943 2 0.16495299339294434
0.21200000000000002 2 0.7747778059851615 2 0.12804675102233887
0.21200000000000002 3 0.7640805965641807 2 0.09854936599731445
0.21200000000000002 4 0.7907314963786329 2 0.07411837577819824
0.22 0 0.7675474195518627 2 0.10288000106811523
0.22 1 0.7448305698096586 2 0.0999293327331543
0.22 2 0.7484210203641088 2 0.10557699203491211
0.22 3 0.7716816926028943 2 0.08203768730163574
0.22 4 0.7623030464839852 2 0.10489225387573242
0.228 0 0.753748838212451 2 0.12169432640075684
0.228 1 0.7411636960365516 2 0.08496499061584473
0.228 2 0.7515678083200276 2 0.12486672401428223
0.228 3 0.7531722483723317 2 0.10075044631958008
0.228 4 0.753897381749561 2 0.09020757675170898
0.23600000000000002 0 0.7547192662982658 2 0.19072389602661133
0.23600000000000002 1 0.7122156854594102 2 0.09139609336853027
0.23600000000000002 2 0.7059169895149977 2 0.08534359931945801
0.23600000000000002 3 0.7170190289167957 2 0.12034368515014648
0.23600000000000002 4 0.7294532990688881 2 0.10496926307678223
0.24400000000000002 0 0.7016591201453505 2 0.09259915351867676
0.24400000000000002 1 0.68648209704497 2 0.17417216300964355
0.24400000000000002 2 0.7234993807974258 2 0.12602782249450684
0.24400000000000002 3 0.7130433586146373 2 0.10446286201477051
0.24400000000000002 4 0.6673227143817964 2 0.10205268859863281
0.252 0 0.6778726704379958 2 0.10170674324035645
0.252 1 0.7032859147993066 2 0.08949995040893555
0.252 2 0.6846600813171654 2 0.1021425724029541
0.252 3 0.6813216521599932 2 0.1394193172454834
0.252 4 0.6640266051079449 2 0.10403895378112793
0.26 0 0.6485019365522399 2 0.10809612274169922
0.26 1 0.6582230761638931 2 0.17919683456420898
0.26 2 0.6539997146964949 2 0.0924217700958252
0.26 3 0.6422085497028843 2 0.10128998756408691
0.26 4 0.7062151692432239 2 0.10314226150512695
0.268 0 0.6572446346110181 2 0.08877682685852051
0.268 1 0.6377825916650345 2 0.12298727035522461
0.268 2 0.6517242842459906 2 0.1009833812713623
0.268 3 0.6645904313968746 2 0.12234640121459961
0.268 4 0.6480086220350859 2 0.10382437705993652
0.276 0 0.6241278388888335 2 0.10201406478881836
0.276 1 0.6290666099714052 2 0.10521078109741211
0.276 2 0.625557824581434 2 0.10841012001037598
0.276 3 0.5851155641687867 2 0.10263848304748535
0.276 4 0.6455957883769557 2 0.10394501686096191
0.28400000000000003 0 0.5927987055342769 2 0.09160757064819336
0.28400000000000003 1 0.6074389809425196 2 0.09258723258972168
0.28400000000000003 2 0.6099467819441926 2 0.09172892570495605
0.28400000000000003 3 0.5864824301735908 2 0.10524821281433105
0.28400000000000003 4 0.5840452029362485 2 0.09140729904174805
0.29200000000000004 0 0.598004684636922 2 0.13437151908874512
0.29200000000000004 1 0.5635719500015383 2 0.10753631591796875
0.29200000000000004 2 0.5860835740414085 2 0.11911273002624512
0.29200000000000004 3 0.5900762368691229 2 0.1378927230834961
0.29200000000000004 4 0.5727680691737971 2 0.08999490737915039
0.30000000000000004 0 0.5601550800990358 2 0.09155106544494629
0.30000000000000004 1 0.5807681272211306 2 0.10313010215759277
0.30000000000000004 2 0.5394068994795611 2 0.08479976654052734
0.30000000000000004 3 0.5486674734527015 2 0.12036013603210449
0.30000000000000004 4 0.548044870624505 2 0.12116622924804688
0.30800000000000005 0 0.5148343460304355 2 0.10079503059387207
0.30800000000000005 1 0.5550843927552632 2 0.15833640098571777
0.30800000000000005 2 0.5279159312562183 2 0.10518002510070801
0.30800000000000005 3 0.4970232309096313 2 0.10758686065673828
0.30800000000000005 4 0.5117865810978449 2 0.09285545349121094
0.316 0 0.5002371870120319 2 0.1074371337890625
0.316 1 0.5289087045428729 2 0.1058194637298584
0.316 2 0.5133539378771952 2 0.09671401977539062
0.316 3 0.5190573816892717 2 0.08983874320983887
0.316 4 0.5182470672113387 2 0.10813045501708984
0.324 0 0.5123066433838879 2 0.10458660125732422
0.324 1 0.5111558943457792 2 0.1078178882598877
0.324 2 0.4824872327631619 2 0.0912015438079834
0.324 3 0.48711962377441376 2 0.09160017967224121
0.324 4 0.5143099551183243 2 0.14513230323791504
0.332 0 0.4851525703913733 2 0.130645751953125
0.332 1 0.4491100541291085 2 0.12300562858581543
0.332 2 0.4782616827265727 2 0.12132024765014648
0.332 3 0.465182964834147 2 0.10179567337036133
0.332 4 0.4558054207668717 2 0.09227561950683594
0.33999999999999997 0 0.41575409600242813 2 0.0953207015991211
0.33999999999999997 1 0.4155088503806314 2 0.09235930442810059
0.33999999999999997 2 0.4148174567347816 2 0.1097555160522461
0.33999999999999997 3 0.4658554311022726 2 0.11652302742004395
0.33999999999999997 4 0.4409720191272986 2 0.10875201225280762
0.348 0 0.41726066562587605 2 0.11467766761779785
0.348 1 0.40073624731684826 2 0.14562034606933594
0.348 2 0.42418265046957837 2 0.10911941528320312
0.348 3 0.42482582599588486 2 0.10103106498718262
0.348 4 0.41500479143296953 2 0.10890913009643555
0.356 0 0.3778577917556586 2 0.12024354934692383
0.356 1 0.4012479496625288 2 0.14383983612060547
0.356 2 0.39526002460491433 2 0.10412216186523438
0.356 3 0.37945920254842486 2 0.10450315475463867
0.356 4 0.3842468396846651 2 0.08584165573120117
0.364 0 0.38546802652591644 2 0.10826230049133301
0.364 1 0.37042846733040186 2 0.12290191650390625
0.364 2 0.35770361379207777 2 0.10666394233703613
0.364 3 0.3443677354393639 2 0.10934972763061523
0.364 4 0.3760368892540231 2 0.12237882614135742
0.372 0 0.34713409314484034 2 0.1066896915435791
0.372 1 0.3478227808157938 2 0.10650849342346191
0.372 2 0.3457384898200642 2 0.12351179122924805
0.372 3 0.3608356017479179 2 0.11570215225219727
0.372 4 0.34154822010459823 2 0.09868621826171875
0.38 0 0.30065887049317624 2 0.12415862083435059
0.38 1 0.35209746550486903 2 0.09287190437316895
0.38 2 0.31286325813666915 2 0.11697030067443848
0.38 3 0.3263704949950599 2 0.08820438385009766
0.38 4 0.3187705353097538 2 0.10645627975463867
0.388 0 0.29731760890582154 2 0.1098325252532959
0.388 1 0.32884039539348786 2 0.10470342636108398
0.388 2 0.3019169263256522 2 0.12226366996765137
0.388 3 0.30985008236782496 2 0.12275075912475586
0.388 4 0.31352232451344053 2 0.10414266586303711
0.396 0 0.24890305971230023 2 0.10463452339172363
0.396 1 0.29983771338141585 2 0.10836291313171387
0.396 2 0.2966856180168916 2 0.1067495346069336
0.396 3 0.27335187876608447 2 0.10773015022277832
0.396 4 0.23846985678759905 2 0.11421966552734375
0.404 0 0.28480526533718287 2 0.13006353378295898
0.404 1 0.2339931759342564 2 0.10073208808898926
0.404 2 0.26092557677375366 2 0.12291836738586426
0.404 3 0.3034953788794555 2 0.11677885055541992
0.404 4 0.2553332524357262 2 0.10883927345275879
0.41200000000000003 0 0.24774548005101008 2 0.11469078063964844
0.41200000000000003 1 0.21721265146921542 2 0.12444829940795898
0.41200000000000003 2 0.22134254397850156 2 0.12949085235595703
0.41200000000000003 3 0.21470795511900068 2 0.12509942054748535
0.41200000000000003 4 0.20708185333280488 2 0.12439918518066406
0.42000000000000004 0 0.23983911139273253 2 0.10482621192932129
0.42000000000000004 1 0.15397394172629197 2 0.15100550651550293
0.42000000000000004 2 0.23037012966962303 2 0.12190628051757812
0.42000000000000004 3 0.20394648522051498 2 0.2207174301147461
0.42000000000000004 4 0.16028910421440012 2 0.11603856086730957
0.42800000000000005 0 0.13915945666876714 2 0.13473153114318848
0.42800000000000005 1 0.16071738854190815 2 0.1079411506652832
0.42800000000000005 2 0.20037028190177436 2 0.10184073448181152
0.42800000000000005 3 0.207078577592992 2 0.10899138450622559
0.42800000000000005 4 0.14310441507783092 2 0.132415771484375
0.43600000000000005 0 0.16613049002890473 2 0.1174929141998291
0.43600000000000005 1 0.1413878494111996 2 0.12442970275878906
0.43600000000000005 2 0.17174971148809803 2 0.11091375350952148
0.43600000000000005 3 0.18090224440417593 2 0.10776329040527344
0.43600000000000005 4 0.17756552570336215 2 0.12363815307617188
0.44400000000000006 0 0.04133947498564611 2 0.12055182456970215
0.44400000000000006 1 0.10032390903066586 2 0.15603256225585938
0.44400000000000006 2 0.15313737688659462 2 0.11524820327758789
0.44400000000000006 3 0.17870765783959025 2 0.12342309951782227
0.44400000000000006 4 0.17623463020943703 2 0.1378769874572754
0.45199999999999996 0 0.1425388202355621 2 0.12118864059448242
0.45199999999999996 1 -0.00021465246459049953 2 0.1265244483947754
0.45199999999999996 2 0.13635414086682907 2 0.1412820816040039
0.45199999999999996 3 0.09248409900365924 2 0.12036442756652832
0.45199999999999996 4 0.14479814214363884 2 0.1153554916381836
0.45999999999999996 0 0.09252606449785768 2 0.12671875953674316
0.45999999999999996 1 0.05222092726770322 2 0.13385415077209473
0.45999999999999996 2 0.12565338596534564 2 0.1253676414489746
0.45999999999999996 3 0.04829122072266562 2 0.11773443222045898
0.45999999999999996 4 0.043841419353116036 2 0.1136624813079834
0.46799999999999997 0 0.010407895785795516 2 0.16168975830078125
0.46799999999999997 1 0.029054664710719925 2 0.14148926734924316
0.46799999999999997 2 0.112219326994763 2 0.138596773147583
0.46799999999999997 3 -6.651671079966147e-06 2 0.14020323753356934
0.46799999999999997 4 0.10138403034905198 2 0.12653017044067383
0.476 0 0.01800829145363758 2 0.14716434478759766
0.476 1 0.0014129942120209352 2 0.12630128860473633
0.476 2 -0.0001584955479878854 2 0.17257452011108398
0.476 3 -0.00023940527851550243 2 0.12466096878051758
0.476 4 -0.0001684740397590041 2 0.12417149543762207
0.484 0 0.0003803390652275329 2 0.12493181228637695
0.484 1 0.04181003340083346 2 0.09907150268554688
0.484 2 0.03905754257691677 2 0.15940070152282715
0.484 3 0.04248914717819647 2 0.14082074165344238
0.484 4 -0.00015852282044810976 2 0.1425919532775879
0.492 0 -0.0002290861558193113 2 0.12991070747375488
0.492 1 8.778006416580802e-05 2 0.15462183952331543
0.492 2 -7.07748242109522e-05 2 0.1716594696044922
0.492 3 -0.00019444990030287408 2 0.1513361930847168
0.492 4 0.02544970223217152 2 0.12876081466674805
0.5 0 0.012211493126904107 2 0.12398314476013184
0.5 1 0.018312849036588058 2 0.16875100135803223
0.5 2 0.060080658881028585 2 0.14458298683166504
0.5 3 -0.00017777396298539061 2 0.14684224128723145
0.5 4 -0.00022491560219449003 2 0.1403665542602539
0.508 0 0.0013483115455555255 2 0.19988346099853516
0.508 1 0.0007087023552817133 2 0.1515824794769287
0.508 2 0.04655295402072694 2 0.12482595443725586
0.508 3 -2.3833576809921323e-05 2 0.12794709205627441
0.508 4 -0.00022011448968344891 2 0.15101122856140137
0.516 0 0.0033713124259854726 2 0.12402939796447754
0.516 1 0.017713290936005866 2 0.10727286338806152
0.516 2 -0.00024031318076710363 2 0.15386223793029785
0.516 3 -0.00019445298843730527 2 0.13681530952453613
0.516 4 -0.00021465246459049953 2 0.1373450756072998
0.524 0 0.014166207217649914 2 0.13434243202209473
0.524 1 0.0076984643996550195 2 0.12717866897583008
0.524 2 0.00029924518640809725 2 0.12287664413452148
0.524 3 -0.0002355653873888405 2 0.17082762718200684
0.524 4 0.0009535948907200281 2 0.15487432479858398
0.532 0 -0.00017777458314045474 2 0.1279468536376953
0.532 1 -6.7159161660771324e-06 2 0.12898731231689453
0.532 2 -0.00022021152202235917 2 0.13933467864990234
0.532 3 0.00029880953956167727 2 0.12834525108337402
0.532 4 -0.0002393543495993367 2 0.12490248680114746
0.54 0 -0.0002393543495993367 2 0.11218690872192383
0.54 1 -7.092926208293157e-05 2 0.16344976425170898
0.54 2 0.019601111592076923 2 0.10751056671142578
0.54 3 -5.589574940656337e-05 2 0.1343231201171875
0.54 4 -9.920455516673647e-05 2 0.12778496742248535
0.548 0 0.0011566917864678748 2 0.1498558521270752
0.548 1 0.010423834432519003 2 0.16275906562805176
0.548 2 0.006158485463760736 2 0.1522214412689209
0.548 3 0.02487675279365688 2 0.1323838233947754
0.548 4 0.0025360623911669096 2 0.12873196601867676
0.556 0 -0.00021471212564317212 2 0.12368392944335938
0.556 1 -2.3086624443456638e-05 2 0.13646769523620605
0.556 2 -0.00020856020844799906 2 0.16504740715026855
0.556 3 0.0027316582537770156 2 0.14230942726135254
0.556 4 -9.918767133599115e-05 2 0.1889023780822754
0.5640000000000001 0 -0.00011229685619689558 2 0.14098119735717773
0.5640000000000001 1 0.011681775596795847 2 0.2124462127685547
0.5640000000000001 2 0.00062667193028263 2 0.14045166969299316
0.5640000000000001 3 -0.00021502278729689948 2 0.11490797996520996
0.5640000000000001 4 -0.00023779181267068666 2 0.11608076095581055
0.5720000000000001 0 0.017392345990161557 2 0.12717390060424805
0.5720000000000001 1 -8.541259898694338e-05 2 0.14231061935424805
0.5720000000000001 2 -0.0002328786241897629 2 0.13017010688781738
0.5720000000000001 3 -0.00020857923512610378 2 0.15790033340454102
0.5720000000000001 4 0.0019702122908437925 2 0.1290419101715088
0.58 0 0.0019751456094816507 2 0.1240682601928711
0.58 1 -0.0001367223415032954 2 0.12739014625549316
0.58 2 -2.294599588100388e-05 2 0.15026283264160156
0.58 3 -0.00018645013170310226 2 0.14020061492919922
0.58 4 0.0006607086618825312 2 0.1643378734588623
0.588 0 -0.00023943940027675335 2 0.14779043197631836
0.588 1 -0.00023550165357268864 2 0.13299179077148438
0.588 2 0.00187703409008133 2 0.12981414794921875
0.588 3 0.0002233496445463833 2 0.12964296340942383
0.588 4 0.002842394565297646 2 0.1479194164276123
0.596 0 -0.000136570072604297 2 0.1386582851409912
0.596 1 -0.00020182862459794423 2 0.13924765586853027
0.596 2 4.9057875995049354e-05 2 0.12629413604736328
0.596 3 -2.380952609427156e-05 2 0.1235663890838623
0.596 4 0.0001307315445105871 2 0.1270289421081543
0.604 0 -0.00017777503459402027 2 0.12422657012939453
0.604 1 0.00611442254308175 2 0.12404227256774902
0.604 2 -0.00023263157153464547 2 0.17002081871032715
0.604 3 2.9512266590285385e-05 2 0.1454761028289795
0.604 4 -0.00022917538922344612 2 0.15970754623413086
0.612 0 0.0026038846444718594 2 0.13324356079101562
0.612 1 -0.00016845530894089 2 0.12525629997253418
0.612 2 -7.08954413432621e-05 2 0.15394091606140137
0.612 3 -0.00020857684724211206 2 0.12493753433227539
0.612 4 -0.0002326283255562434 2 0.1587522029876709
0.62 0 -0.00021467449151850996 2 0.12277865409851074
0.62 1 0.00024784393870931517 2 0.14771604537963867
0.62 2 -3.9996961286933045e-05 2 0.13284873962402344
0.62 3 -0.0001684740397590036 2 0.18537116050720215
0.62 4 -0.00017777524541937557 2 0.12670040130615234
0.628 0 0.0012006348941672811 2 0.20189571380615234
0.628 1 0.0002471822842146738 2 0.13054156303405762
0.628 2 -0.00023779181267068698 2 0.12569236755371094
0.628 3 0.00401730498004576 2 0.13061308860778809
0.628 4 0.0030580875342171815 2 0.13754701614379883
0.636 0 -0.0002326120974939417 2 0.12413859367370605
0.636 1 -0.00022993884818390485 2 0.13961434364318848
0.636 2 0.0006267244503027478 2 0.1349644660949707
0.636 3 0.00015230831071629076 2 0.11021304130554199
0.636 4 0.00015267663534913005 2 0.12543082237243652
0.644 0 0.0008760773609602124 2 0.13689279556274414
0.644 1 -0.00014790810548037295 2 0.13264942169189453
0.644 2 -0.00021466678185743564 2 0.12532734870910645
0.644 3 1.1354738503816729e-05 2 0.12439489364624023
0.644 4 -0.00018649628330317405 2 0.12270736694335938
0.652 0 -0.00022920481498883336 2 0.19021368026733398
0.652 1 -4.004267129349706e-05 2 0.1466834545135498
0.652 2 0.0010794170165572426 2 0.16300725936889648
0.652 3 -0.00013670103070909442 2 0.13106966018676758
0.652 4 0.004006613045338159 2 0.17223310470581055
0.66 0 -0.00022493239423436491 2 0.1136322021484375
0.66 1 -7.095486790457167e-05 2 0.12904572486877441
0.66 2 0.0002825246743438048 2 0.14069366455078125
0.66 3 0.0011150670236002994 2 0.15887951850891113
0.66 4 -0.00023943196811462006 2 0.1583249568939209
0.668 0 -7.094309093341228e-05 2 0.14655303955078125
0.668 1 -0.00018646523806677135 2 0.137495756149292
0.668 2 4.8558497408854345e-05 2 0.14343833923339844
0.668 3 -0.00023951998360643276 2 0.12394380569458008
0.668 4 0.0007297015398133849 2 0.15476226806640625
0.676 0 0.0007664543407842489 2 0.17270207405090332
0.676 1 0.001157735683443316 2 0.14369940757751465
0.676 2 0.0003251385555597945 2 0.13211679458618164
0.676 3 0.0010737723388089082 2 0.15006303787231445
0.676 4 -0.00016846199677452545 2 0.13300347328186035
0.6839999999999999 0 -0.00020856328979029301 2 0.12511706352233887
0.6839999999999999 1 -0.00019445676168058202 2 0.1405339241027832
0.6839999999999999 2 0.00022257502685818373 2 0.12552666664123535
0.6839999999999999 3 -0.0002326350881492983 2 0.13906145095825195
0.6839999999999999 4 -0.00020182522318295312 2 0.11588716506958008
0.692 0 0.0008410787981881945 2 0.1278834342956543
0.692 1 0.001573897001069805 2 0.15812134742736816
0.692 2 0.00019844106078155396 2 0.1634209156036377
0.692 3 1.421357676394842e-05 2 0.21283769607543945
0.692 4 1.0834023630177747e-05 2 0.12633132934570312
0.7 0 0.0010987705667523673 2 0.12815332412719727
0.7 1 -0.0002377643411717312 2 0.1327345371246338
0.7 2 -8.512724213611441e-05 2 0.12920284271240234
0.7 3 -0.00020861158483009856 2 0.12999558448791504
0.7 4 -0.00023555343362010177 2 0.12460732460021973
0.708 0 -0.0002379171743453135 2 0.12450838088989258
0.708 1 0.00022248708691940825 2 0.12717032432556152
0.708 2 0.00017769687004840504 2 0.1398627758026123
0.708 3 -8.541436637167996e-05 2 0.1452040672302246
0.708 4 0.0019222113820757582 2 0.16489362716674805
0.716 0 -0.0001864688020550783 2 0.12441086769104004
0.716 1 -3.9596129920228694e-05 2 0.13661837577819824
0.716 2 -0.00016847184312947943 2 0.17713356018066406
0.716 3 -0.000158529167612973 2 0.16858530044555664
0.716 4 0.0001750087009792612 2 0.12607431411743164
0.724 0 6.791958464911938e-05 2 0.19398069381713867
0.724 1 -0.00020862429247553858 2 0.16560649871826172
0.724 2 0.00013015342635887888 2 0.13584518432617188
0.724 3 0.00029936748064611724 2 0.15323686599731445
0.724 4 -0.0001367094623772494 2 0.11072278022766113
0.732 0 -0.00017777400375777676 2 0.1477501392364502
0.732 1 -0.00023551701355624386 2 0.16481804847717285
0.732 2 -0.00024068922528504107 2 0.12677383422851562
0.732 3 8.780118877677345e-05 2 0.1886277198791504
0.732 4 0.000666396694973405 2 0.1592705249786377
0.74 0 -9.907262541129685e-05 2 0.15596890449523926
0.74 1 0.00011011743753181914 2 0.14817285537719727
0.74 2 -9.917528421291942e-05 2 0.13524413108825684
0.74 3 -0.00011235251601693674 2 0.15097784996032715
0.74 4 -0.0001367223415032954 2 0.15427684783935547
0.748 0 2.9078122668970957e-05 2 0.14036989212036133
0.748 1 0.000730747309771867 2 0.1643056869506836
0.748 2 1.1037599488423788e-05 2 0.14432573318481445
0.748 3 0.0005512820917466249 2 0.1487128734588623
0.748 4 0.0019741741084641517 2 0.15650272369384766
0.756 0 -0.0002201805347843476 2 0.1332075595855713
0.756 1 0.0015171581857153379 2 0.1215827465057373
0.756 2 4.801392068686064e-05 2 0.13953804969787598
0.756 3 -0.00021472185642269352 2 0.14591240882873535
0.756 4 0.00011060634823677044 2 0.1119544506072998
0.764 0 -0.0002326729684886499 2 0.14696407318115234
0.764 1 -5.576841691910039e-05 2 0.13356351852416992
0.764 2 -0.00011233756079946542 2 0.15263056755065918
0.764 3 -0.0002204951786525709 2 0.12418842315673828
0.764 4 -0.00016847184312947962 2 0.20488834381103516
0.772 0 -0.00015850287232543165 2 0.12384843826293945
0.772 1 -0.00020856328979029301 2 0.1658315658569336
0.772 2 8.781079192811346e-05 2 0.16328763961791992
0.772 3 -0.00024039907332602624 2 0.1335604190826416
0.772 4 0.00010878301375569797 2 0.12994146347045898
0.78 0 0.00015470562786826388 2 0.1459496021270752
0.78 1 -5.576841691910118e-05 2 0.1170949935913086
0.78 2 -0.00017777410279758689 2 0.12220597267150879
0.78 3 -0.00024034364850986228 2 0.14255714416503906
0.78 4 0.00038106808641930577 2 0.16675543785095215
0.788 0 -0.00024035380693177604 2 0.12528657913208008
0.788 1 -0.00018649157494100672 2 0.19398093223571777
0.788 2 0.0009146324094880733 2 0.16843008995056152
0.788 3 0.000661557187153786 2 0.12555336952209473
0.788 4 -8.531704313824425e-05 2 0.16482090950012207
0.796 0 -0.00021465356588821108 2 0.12570858001708984
0.796 1 -0.000237754595405176 2 0.1991105079650879
0.796 2 0.00019876819558219973 2 0.1273026466369629
0.796 3 -0.0001864350169080428 2 0.13883447647094727
0.796 4 -7.094923580358415e-05 2 0.14458084106445312
0.8039999999999999 0 0.000838398279687263 2 0.17178082466125488
0.8039999999999999 1 0.0006266622050090339 2 0.13876891136169434
0.8039999999999999 2 -0.00023935980476623146 2 0.1252889633178711
0.8039999999999999 3 -0.0001864324801545898 2 0.1291029453277588
0.8039999999999999 4 -0.00017777697555550892 2 0.15564179420471191
0.8119999999999999 0 -0.00023698912584897862 2 0.14526581764221191
0.8119999999999999 1 0.0001522812346709261 2 0.12753510475158691
0.8119999999999999 2 -0.0002326202111436106 2 0.14059090614318848
0.8119999999999999 3 -0.0002403070270351501 2 0.12099814414978027
0.8119999999999999 4 -0.0002201049376003881 2 0.1621084213256836
0.82 0 -0.0001585005211930556 2 0.14017701148986816
0.82 1 -0.0002261956367807714 2 0.13790202140808105
0.82 2 0.000593634650157012 2 0.13010263442993164
0.82 3 0.00038088567208358586 2 0.1227731704711914
0.82 4 -0.00012482601897228137 2 0.16435456275939941
0.828 0 -0.00019445161603717881 2 0.1088399887084961
0.828 1 -9.920342985400572e-05 2 0.12850427627563477
0.828 2 7.367717399907744e-05 2 0.18762874603271484
0.828 3 -8.540044609392841e-05 2 0.15418434143066406
0.828 4 0.0011147478835235006 2 0.1577303409576416
0.836 0 0.002660614251762462 2 0.12410116195678711
0.836 1 -0.00022912404390623172 2 0.1437687873840332
0.836 2 -0.00012477844356562098 2 0.1952364444732666
0.836 3 -5.590890528836689e-05 2 0.12557530403137207
0.836 4 -0.0001944556898621005 2 0.15090632438659668
0.844 0 -0.00024060892511956414 2 0.15999341011047363
0.844 1 -0.0002018255876336193 2 0.1312716007232666
0.844 2 -0.00024030671936082774 2 0.13787150382995605
0.844 3 -0.00023934465241699917 2 0.13779067993164062
0.844 4 -0.0002393664726805068 2 0.1498734951019287
0.852 0 -0.00013654566466628646 2 0.14809679985046387
0.852 1 -0.00023935434959933594 2 0.13119220733642578
0.852 2 0.001046387917649118 2 0.14034056663513184
0.852 3 8.778582510928678e-05 2 0.14125990867614746
0.852 4 0.0010325110458840742 2 0.15553569793701172
0.86 0 0.0002985609199819754 2 0.19079089164733887
0.86 1 0.00015313211389063444 2 0.12700438499450684
0.86 2 -0.00015851327967127376 2 0.1268925666809082
0.86 3 -0.00020866495247292262 2 0.1438734531402588
0.86 4 -0.00013664419148352373 2 0.1385958194732666
0.868 0 -0.0001777837028707384 2 0.12612175941467285
0.868 1 -0.0002393543495993367 2 0.1169590950012207
0.868 2 -0.00023555343362010177 2 0.1264657974243164
0.868 3 0.00041153207825115343 2 0.1590864658355713
0.868 4 -0.0001479206909960937 2 0.15087008476257324
0.876 0 -0.0002087086080554152 2 0.14156484603881836
0.876 1 -0.00017778067289871474 2 0.13841629028320312
0.876 2 -0.00019459784905691567 2 0.14546942710876465
0.876 3 -0.0002379275310548954 2 0.13413190841674805
0.876 4 -0.00022491420298531236 2 0.14468073844909668
0.884 0 -0.00022563528944556812 2 0.1470649242401123
0.884 1 -9.828577517487085e-05 2 0.1459946632385254
0.884 2 -7.096459451453468e-05 2 0.12914299964904785
0.884 3 -5.58606519931466e-05 2 0.14353609085083008
0.884 4 -8.540044609392841e-05 2 0.1554088592529297
0.892 0 -0.00020867072748016914 2 0.1291818618774414
0.892 1 0.00046787173038197996 2 0.14130187034606934
0.892 2 -0.0002250871542245085 2 0.14322185516357422
0.892 3 -0.00023779181267068698 2 0.145493745803833
0.892 4 4.813961785448562e-05 2 0.15411591529846191
0.9 0 -0.0001864413464941963 2 0.14398479461669922
0.9 1 -0.00020856721844581306 2 0.1258552074432373
0.9 2 0.0006278716597094921 2 0.1351613998413086
0.9 3 1.1081279841272728e-05 2 0.14090204238891602
0.9 4 -0.00023779742624513938 2 0.15378427505493164
