0.4307692307692308 0 0.0 1
0.4307692307692308 1 0.412949191660473 2
0.4307692307692308 2 0.0 1
0.4307692307692308 3 0.6746161775765513 2
0.4307692307692308 4 0.0 1
0.4307692307692308 5 0.6272831386244587 2
0.4307692307692308 6 0.5609898034938849 2
0.4307692307692308 7 0.0 1
0.4307692307692308 8 0.4604409864283399 2
0.4307692307692308 9 0.0 1
0.4102564102564103 0 0.0 1
0.4102564102564103 1 0.0 1
0.4102564102564103 2 0.8065446315451662 2
0.4102564102564103 3 0.6322976674068047 2
0.4102564102564103 4 0.0 1
0.4102564102564103 5 0.5992540218462625 2
0.4102564102564103 6 0.4686069584125657 2
0.4102564102564103 7 0.0 1
0.4102564102564103 8 0.0 1
0.4102564102564103 9 0.47438027498553004 2
0.4 0 0.5248719204559841 2
0.4 1 0.6322976674068046 2
0.4 2 0.0 1
0.4 3 0.8773072618436142 2
0.4 4 0.5980264653628166 2
0.4 5 0.5609898034938849 2
0.4 6 0.5665601694729498 2
0.4 7 0.47438027498553004 2
0.4 8 0.5609898034938849 2
0.4 9 0.5609898034938849 2
0.4205128205128205 0 0.0 1
0.4205128205128205 1 0.510152038605472 2
0.4205128205128205 2 0.5992540218462625 2
0.4205128205128205 3 0.0 1
0.4205128205128205 4 0.7128426776147976 2
0.4205128205128205 5 0.6399520592597279 2
0.4205128205128205 6 0.6746161775765513 2
0.4205128205128205 7 0.5508642506256433 2
0.4205128205128205 8 0.0 1
0.4205128205128205 9 0.537389906898252 2
0.44102564102564107 0 0.0 1
0.44102564102564107 1 0.524274379174 2
0.44102564102564107 2 0.0 1
0.44102564102564107 3 0.0 1
0.44102564102564107 4 0.0 1
0.44102564102564107 5 0.41354574341413053 2
0.44102564102564107 6 0.0 1
0.44102564102564107 7 0.0 1
0.44102564102564107 8 0.0 1
0.44102564102564107 9 0.44923484596999275 2
0.46153846153846156 0 0.4604409864283399 2
0.46153846153846156 1 0.0 1
0.46153846153846156 2 0.25471523005098645 2
0.46153846153846156 3 0.0 1
0.46153846153846156 4 0.0 1
0.46153846153846156 5 0.5665601694729498 2
0.46153846153846156 6 0.0 1
0.46153846153846156 7 0.38871043367420405 2
0.46153846153846156 8 0.0 1
0.46153846153846156 9 0.18480056352784097 2
0.4512820512820513 0 0.0 1
0.4512820512820513 1 0.0 1
0.4512820512820513 2 0.0 1
0.4512820512820513 3 0.5785114900512232 2
0.4512820512820513 4 0.0 1
0.4512820512820513 5 0.0 1
0.4512820512820513 6 0.276038623317763 2
0.4512820512820513 7 0.0 1
0.4512820512820513 8 0.484573372590944 2
0.4512820512820513 9 0.0 1
0.4717948717948718 0 0.501190349526497 2
0.4717948717948718 1 0.0 1
0.4717948717948718 2 0.0 1
0.4717948717948718 3 0.6322976674068047 2
0.4717948717948718 4 0.0 1
0.4717948717948718 5 0.501190349526497 2
0.4717948717948718 6 0.0 1
0.4717948717948718 7 0.35153927826059445 2
0.4717948717948718 8 0.0 1
0.4717948717948718 9 0.0 1
0.48205128205128206 0 0.0 1
0.48205128205128206 1 0.44923484596999275 2
0.48205128205128206 2 0.0 1
0.48205128205128206 3 0.0 1
0.48205128205128206 4 0.0 1
0.48205128205128206 5 0.0 1
0.48205128205128206 6 0.412949191660473 2
0.48205128205128206 7 0.0 1
0.48205128205128206 8 0.0 1
0.48205128205128206 9 0.41145085870799497 2
0.49230769230769234 0 0.0 1
0.49230769230769234 1 0.0 1
0.49230769230769234 2 0.44223840914383106 2
0.49230769230769234 3 0.0 1
0.49230769230769234 4 0.0 1
0.49230769230769234 5 0.47438027498553004 2
0.49230769230769234 6 0.0 1
0.49230769230769234 7 0.0 1
0.49230769230769234 8 0.0 1
0.49230769230769234 9 0.0 1
0.5025641025641026 0 0.0 1
0.5025641025641026 1 0.0 1
0.5025641025641026 2 0.0 1
0.5025641025641026 3 0.0031864268995741157 2
0.5025641025641026 4 0.0 1
0.5025641025641026 5 0.0 1
0.5025641025641026 6 0.0 1
0.5025641025641026 7 0.0 1
0.5025641025641026 8 0.0 1
0.5025641025641026 9 0.0 1
0.5128205128205129 0 0.0 1
0.5128205128205129 1 0.17435260519140458 2
0.5128205128205129 2 0.0 1
0.5128205128205129 3 0.0 1
0.5128205128205129 4 0.0 1
0.5128205128205129 5 0.0 1
0.5128205128205129 6 0.0 1
0.5128205128205129 7 0.2735608011003912 2
0.5128205128205129 8 0.0 1
0.5128205128205129 9 0.0 1
0.5230769230769231 0 0.0 1
0.5230769230769231 1 0.0 1
0.5230769230769231 2 0.0 1
0.5230769230769231 3 0.0 1
0.5230769230769231 4 0.0 1
0.5230769230769231 5 -0.006264383055197559 2
0.5230769230769231 6 0.0 1
0.5230769230769231 7 0.0 1
0.5230769230769231 8 0.0 1
0.5230769230769231 9 0.0 1
0.5333333333333333 0 0.3189235981961811 2
0.5333333333333333 1 0.0 1
0.5333333333333333 2 0.0 1
0.5333333333333333 3 0.0 1
0.5333333333333333 4 0.0 1
0.5333333333333333 5 0.0 1
0.5333333333333333 6 0.0 1
0.5333333333333333 7 0.0 1
0.5333333333333333 8 0.0 1
0.5333333333333333 9 0.0 1
0.5435897435897437 0 0.0 1
0.5435897435897437 1 0.0 1
0.5435897435897437 2 0.0 1
0.5435897435897437 3 0.0 1
0.5435897435897437 4 0.0 1
0.5435897435897437 5 0.0 1
0.5435897435897437 6 0.0 1
0.5435897435897437 7 0.0 1
0.5435897435897437 8 0.0 1
0.5435897435897437 9 0.0 1
0.5538461538461539 0 0.0 1
0.5538461538461539 1 0.0 1
0.5538461538461539 2 0.0 1
0.5538461538461539 3 0.0 1
0.5538461538461539 4 0.0 1
0.5538461538461539 5 0.0 1
0.5538461538461539 6 0.0 1
0.5538461538461539 7 0.0 1
0.5538461538461539 8 0.0 1
0.5538461538461539 9 0.17903692947986183 2
0.5641025641025641 0 0.0 1
0.5641025641025641 1 0.0 1
0.5641025641025641 2 0.0 1
0.5641025641025641 3 0.0 1
0.5641025641025641 4 0.0 1
0.5641025641025641 5 0.0 1
0.5641025641025641 6 0.0 1
0.5641025641025641 7 0.0 1
0.5641025641025641 8 0.0 1
0.5641025641025641 9 0.0 1
0.5743589743589743 0 0.0 1
0.5743589743589743 1 0.0 1
0.5743589743589743 2 0.0 1
0.5743589743589743 3 0.0 1
0.5743589743589743 4 0.0 1
0.5743589743589743 5 0.0 1
0.5743589743589743 6 0.0 1
0.5743589743589743 7 0.0 1
0.5743589743589743 8 0.0 1
0.5743589743589743 9 0.0 1
0.5846153846153846 0 0.0 1
0.5846153846153846 1 0.0 1
0.5846153846153846 2 0.0 1
0.5846153846153846 3 0.0 1
0.5846153846153846 4 0.0 1
0.5846153846153846 5 0.0 1
0.5846153846153846 6 0.0 1
0.5846153846153846 7 0.0 1
0.5846153846153846 8 0.0 1
0.5846153846153846 9 0.0 1
0.5948717948717949 0 0.0 1
0.5948717948717949 1 0.0 1
0.5948717948717949 2 0.0 1
0.5948717948717949 3 0.0 1
0.5948717948717949 4 0.0 1
0.5948717948717949 5 0.0 1
0.5948717948717949 6 -0.007087974007297234 2
0.5948717948717949 7 0.0 1
0.5948717948717949 8 0.0 1
0.5948717948717949 9 0.0 1
0.6051282051282052 0 0.0 1
0.6051282051282052 1 0.0 1
0.6051282051282052 2 0.0 1
0.6051282051282052 3 0.0 1
0.6051282051282052 4 0.0 1
0.6051282051282052 5 0.0 1
0.6051282051282052 6 0.0 1
0.6051282051282052 7 0.0 1
0.6051282051282052 8 0.0 1
0.6051282051282052 9 0.0 1
0.6153846153846154 0 0.0 1
0.6153846153846154 1 0.0 1
0.6153846153846154 2 0.0 1
0.6153846153846154 3 0.0 1
0.6153846153846154 4 0.0 1
0.6153846153846154 5 0.0 1
0.6153846153846154 6 0.0 1
0.6153846153846154 7 0.0 1
0.6153846153846154 8 0.0 1
0.6153846153846154 9 0.0 1
0.6256410256410256 0 0.0 1
0.6256410256410256 1 0.0 1
0.6256410256410256 2 0.0 1
0.6256410256410256 3 0.0 1
0.6256410256410256 4 0.0 1
0.6256410256410256 5 0.0 1
0.6256410256410256 6 -0.0027163556570253943 2
0.6256410256410256 7 0.0 1
0.6256410256410256 8 0.0 1
0.6256410256410256 9 0.0 1
0.6358974358974359 0 0.0 1
0.6358974358974359 1 0.0 1
0.6358974358974359 2 0.0 1
0.6358974358974359 3 0.0 1
0.6358974358974359 4 0.0 1
0.6358974358974359 5 0.0 1
0.6358974358974359 6 0.0 1
0.6358974358974359 7 0.0 1
0.6358974358974359 8 0.0 1
0.6358974358974359 9 0.0 1
0.6461538461538462 0 0.0 1
0.6461538461538462 1 0.0 1
0.6461538461538462 2 0.0 1
0.6461538461538462 3 0.0 1
0.6461538461538462 4 0.0 1
0.6461538461538462 5 0.0 1
0.6461538461538462 6 0.0 1
0.6461538461538462 7 0.0 1
0.6461538461538462 8 0.0 1
0.6461538461538462 9 0.0 1
0.6564102564102564 0 0.0 1
0.6564102564102564 1 0.0 1
0.6564102564102564 2 0.0 1
0.6564102564102564 3 0.0 1
0.6564102564102564 4 0.0 1
0.6564102564102564 5 0.0 1
0.6564102564102564 6 0.0 1
0.6564102564102564 7 0.0 1
0.6564102564102564 8 0.0 1
0.6564102564102564 9 0.0 1
0.6666666666666667 0 0.0 1
0.6666666666666667 1 0.0 1
0.6666666666666667 2 -0.006264383055197553 2
0.6666666666666667 3 0.0 1
0.6666666666666667 4 0.0 1
0.6666666666666667 5 0.0 1
0.6666666666666667 6 0.0 1
0.6666666666666667 7 0.0 1
0.6666666666666667 8 0.0 1
0.6666666666666667 9 0.0 1
0.676923076923077 0 0.0 1
0.676923076923077 1 0.0 1
0.676923076923077 2 0.0 1
0.676923076923077 3 0.0 1
0.676923076923077 4 0.0 1
0.676923076923077 5 0.0 1
0.676923076923077 6 0.0 1
0.676923076923077 7 0.0 1
0.676923076923077 8 0.0 1
0.676923076923077 9 0.0 1
0.6871794871794872 0 0.0 1
0.6871794871794872 1 0.0 1
0.6871794871794872 2 0.0 1
0.6871794871794872 3 0.0 1
0.6871794871794872 4 0.0 1
0.6871794871794872 5 0.0 1
0.6871794871794872 6 0.0 1
0.6871794871794872 7 0.0 1
0.6871794871794872 8 0.0 1
0.6871794871794872 9 0.0 1
0.6974358974358974 0 0.0 1
0.6974358974358974 1 0.0 1
0.6974358974358974 2 0.0 1
0.6974358974358974 3 -0.007257663158736768 2
0.6974358974358974 4 0.0 1
0.6974358974358974 5 0.0 1
0.6974358974358974 6 0.0 1
0.6974358974358974 7 0.0 1
0.6974358974358974 8 0.0 1
0.6974358974358974 9 0.0 1
0.7076923076923077 0 0.0 1
0.7076923076923077 1 0.0 1
0.7076923076923077 2 0.0 1
0.7076923076923077 3 0.0 1
0.7076923076923077 4 0.0 1
0.7076923076923077 5 0.0 1
0.7076923076923077 6 0.0 1
0.7076923076923077 7 0.0 1
0.7076923076923077 8 0.0 1
0.7076923076923077 9 -0.007208010043984582 2
0.717948717948718 0 0.0 1
0.717948717948718 1 0.0 1
0.717948717948718 2 0.0 1
0.717948717948718 3 0.0 1
0.717948717948718 4 0.0 1
0.717948717948718 5 0.0 1
0.717948717948718 6 0.0 1
0.717948717948718 7 0.0 1
0.717948717948718 8 0.0 1
0.717948717948718 9 0.007482258292572888 2
0.7282051282051283 0 0.0 1
0.7282051282051283 1 0.0 1
0.7282051282051283 2 0.0 1
0.7282051282051283 3 0.0 1
0.7282051282051283 4 0.0 1
0.7282051282051283 5 0.0 1
0.7282051282051283 6 0.0 1
0.7282051282051283 7 -0.0047181676770051955 2
0.7282051282051283 8 0.0 1
0.7282051282051283 9 0.0 1
0.7384615384615385 0 0.0 1
0.7384615384615385 1 0.0 1
0.7384615384615385 2 0.0 1
0.7384615384615385 3 0.0 1
0.7384615384615385 4 0.0 1
0.7384615384615385 5 0.0 1
0.7384615384615385 6 0.0 1
0.7384615384615385 7 0.0 1
0.7384615384615385 8 0.0 1
0.7384615384615385 9 0.0 1
0.7487179487179487 0 0.0 1
0.7487179487179487 1 0.0 1
0.7487179487179487 2 0.0 1
0.7487179487179487 3 0.0 1
0.7487179487179487 4 0.0 1
0.7487179487179487 5 0.0 1
0.7487179487179487 6 0.0 1
0.7487179487179487 7 0.0 1
0.7487179487179487 8 0.0 1
0.7487179487179487 9 0.0 1
0.7589743589743589 0 0.0 1
0.7589743589743589 1 0.0 1
0.7589743589743589 2 0.0 1
0.7589743589743589 3 0.0 1
0.7589743589743589 4 0.0 1
0.7589743589743589 5 0.0 1
0.7589743589743589 6 0.0 1
0.7589743589743589 7 0.0 1
0.7589743589743589 8 0.0 1
0.7589743589743589 9 0.0 1
0.7692307692307693 0 0.0 1
0.7692307692307693 1 0.0 1
0.7692307692307693 2 0.0 1
0.7692307692307693 3 0.0 1
0.7692307692307693 4 0.0 1
0.7692307692307693 5 -0.0014940903371043956 2
0.7692307692307693 6 0.0 1
0.7692307692307693 7 0.0 1
0.7692307692307693 8 0.0 1
0.7692307692307693 9 0.0 1
0.7794871794871795 0 0.0 1
0.7794871794871795 1 0.0 1
0.7794871794871795 2 0.0 1
0.7794871794871795 3 0.0 1
0.7794871794871795 4 0.0 1
0.7794871794871795 5 0.0 1
0.7794871794871795 6 0.0 1
0.7794871794871795 7 0.0 1
0.7794871794871795 8 0.0 1
0.7794871794871795 9 0.0 1
0.7897435897435898 0 0.0 1
0.7897435897435898 1 0.0 1
0.7897435897435898 2 0.0 1
0.7897435897435898 3 0.0 1
0.7897435897435898 4 0.0 1
0.7897435897435898 5 0.0 1
0.7897435897435898 6 0.0 1
0.7897435897435898 7 0.0 1
0.7897435897435898 8 0.0 1
0.7897435897435898 9 0.0 1
0.8 0 0.0 1
0.8 1 0.0 1
0.8 2 0.0 1
0.8 3 0.0 1
0.8 4 0.0 1
0.8 5 0.0 1
0.8 6 0.0 1
0.8 7 0.0 1
0.8 8 0.0 1
0.8 9 0.0 1
