0.302 0 0.3798642289923062 3 6552.5903787612915
0.302 1 0.38117352500731866 3 6679.936611413956
0.302 2 0.3896445551569045 3 6849.509647369385
0.3 0 0.38876094842517295 3 6496.962594509125
0.3 1 0.3932896338443391 3 6759.302803993225
0.3 2 0.3978426672833317 3 6937.6850826740265
0.304 0 0.3729224916336451 3 6970.2346477508545
0.304 1 0.3685901500578748 3 6985.675048589706
0.304 2 0.3795750565269397 3 6834.042737483978
0.306 0 0.36645240913909854 3 6819.780124664307
0.306 1 0.36200181661416286 3 7221.892601251602
0.306 2 0.3675195482925335 3 7166.412998914719
0.308 0 0.3540469948001169 3 7412.11833357811
0.308 1 0.35539868373553646 3 7383.267461776733
0.308 2 0.3592856984026395 3 7148.184564828873
0.314 0 0.3346802604022955 3 7215.437562227249
0.314 1 0.33294348936470886 3 7673.301214456558
0.314 2 0.32630286213926213 3 7963.2744216918945
0.312 0 0.34143977099190426 3 7255.432822942734
0.312 1 0.3437930600520844 3 8014.026860237122
0.312 2 0.3370044324843173 3 7644.028386592865
0.31 0 0.3478145131697307 3 7347.407130241394
0.31 1 0.34103908439190517 3 7769.631227970123
0.31 2 0.34801614913414186 3 8193.936480760574
0.316 0 0.31063649435604446 3 8084.348973989487
0.316 1 0.31475725694901086 3 7543.615321159363
0.316 2 0.3320656210466717 3 8150.023125886917
0.32 0 0.2902056962459081 3 8256.033135175705
0.32 1 0.2954556149149791 3 8429.638387203217
0.32 2 0.3138777558631599 3 8715.704080104828
0.318 0 0.3032664099451241 3 9374.020910978317
0.318 1 0.30490033554429297 3 8353.05351305008
0.318 2 0.3052790226819834 3 8474.554744243622
0.322 0 0.28141719278027566 3 8168.7268052101135
0.322 1 0.28591500378486 3 8427.771973609924
0.322 2 0.29995623011933314 3 8606.126746892929
0.324 0 0.2739723914369184 3 8476.820950508118
0.324 1 0.2786024711305864 3 9331.534029483795
0.324 2 0.2951430515796317 3 8819.108360767365
0.328 0 0.2583487014866712 3 8670.382862567902
0.328 1 0.26192179696209167 3 8908.377039909363
0.328 2 0.26113540258418383 3 9266.428213596344
0.326 0 0.26818567465848253 3 8445.458916425705
0.326 1 0.2713670376566173 3 8562.108894586563
0.326 2 0.26994432594597195 3 10592.173269987106
0.32999999999999996 0 0.24587984179525893 3 9184.618560314178
0.32999999999999996 1 0.25537158196629306 3 8783.99486899376
0.32999999999999996 2 0.26087004605305164 3 10765.723344802856
0.33199999999999996 0 0.2336224223510644 3 10542.339834928513
0.33199999999999996 1 0.25305405589253827 3 9928.076510190964
0.33199999999999996 2 0.25561007101975536 3 10038.644294261932
0.33399999999999996 0 0.22523125837133817 3 11398.997342586517
0.33399999999999996 1 0.22708491265513464 3 10294.06300830841
0.33399999999999996 2 0.2348045410220738 3 11145.863704919815
0.33599999999999997 0 0.21727451728929997 3 12080.317281961441
0.33599999999999997 1 0.2089144602038295 3 11233.13239479065
0.33599999999999997 2 0.2228416964496489 3 11260.407754659653
0.33799999999999997 0 0.2037156533950159 3 12167.3732380867
0.33799999999999997 1 0.22187387237905754 3 11144.993636131287
0.33799999999999997 2 0.21753194303846876 3 12003.633062124252
0.34199999999999997 0 0.18392685448939586 3 12204.954626560211
0.34199999999999997 1 0.20593765663105496 3 10890.625217199326
0.34199999999999997 2 0.20386551888747045 3 12293.958920240402
0.33999999999999997 0 0.19110398406820753 3 12408.489518642426
0.33999999999999997 1 0.19607933479403739 3 13471.212176084518
0.33999999999999997 2 0.20960380377865295 3 12053.124526262283
0.344 0 0.1729969809709876 3 14344.76223564148
0.344 1 0.19914842387316628 3 11280.21353673935
0.344 2 0.18907519609707568 3 12676.65651512146
0.346 0 0.16444695299040332 3 15359.5280418396
0.346 1 0.16984167733019287 3 12970.516422510147
0.346 2 0.17456723369365665 3 13600.087575674057
0.348 0 0.18622862435339052 3 13011.432703971863
0.348 1 0.1746640681086885 3 12999.86918592453
0.348 2 0.17708111483717687 3 13440.82149028778
0.35 0 0.16568980275141526 3 14047.230247020721
0.35 1 0.1628764294946518 3 14194.124236106873
0.35 2 0.156078527692321 3 13638.720410346985
0.352 0 0.1582679034646926 3 13786.853604078293
0.352 1 0.1398694200087301 3 15952.53283047676
0.352 2 0.14330599713798423 3 16053.590787172318
0.354 0 0.15779511834280652 3 15237.087272882462
0.354 1 0.13126015569277477 3 16031.2867000103
0.354 2 0.14291671172233844 3 16127.495071172714
0.356 0 0.1495353304833287 3 16112.790980577469
0.356 1 0.12017221119785072 3 16038.329702854156
0.356 2 0.13694939692317135 3 16118.580667734146
0.358 0 0.13526034566222558 3 16031.515453100204
0.358 1 0.11441350149717561 3 16049.068145036697
0.358 2 0.12317199093317022 3 16111.802410125732
0.36 0 0.13136101768582176 3 16100.536651849747
0.36 1 0.10692000902451573 3 16018.820213794708
0.36 2 0.10935332313457559 3 16098.781340122223
0.362 0 0.11167637750900507 3 16043.12449836731
0.362 1 0.10787849430000633 3 15908.633568048477
0.362 2 0.11250787522680297 3 16001.540657997131
0.364 0 0.11235506604576086 3 16140.94727897644
0.364 1 0.07993646326355992 3 16000.338612794876
0.364 2 0.10898135666665637 3 16103.346295595169
0.366 0 0.10068812646984875 3 16226.265719175339
0.366 1 0.06659143477992906 3 16179.789422273636
0.366 2 0.10460808902589296 3 16203.057537794113
0.368 0 0.1009153386936719 3 16028.367131710052
0.368 1 0.07590399361931308 3 15948.814450025558
0.368 2 0.0968171578397048 3 16063.453888177872
0.37 0 0.09602265237499667 3 16106.689053297043
0.37 1 0.07162165654423056 3 16041.301073551178
0.37 2 0.09018601954125205 3 16129.19996881485
0.372 0 0.08684388615464286 3 16129.44105219841
0.372 1 0.05206010874274586 3 16062.169831514359
0.372 2 0.07632538737515292 3 16144.260783910751
0.374 0 0.07704988378367435 3 16091.114748477936
0.374 1 0.02536683388490903 3 15979.05614733696
0.374 2 0.07704940962205903 3 16235.169492006302
0.376 0 0.059780635477270895 3 16119.012105226517
0.376 1 0.017202906634954874 3 16046.996435403824
0.376 2 0.07146813555697108 3 16106.71353006363
0.378 0 0.052042582015793946 3 16038.55074596405
0.378 1 0.023753229154171142 3 15962.656564950943
0.378 2 0.07273532677355829 3 16017.141943693161
0.38 0 0.0011825466431833098 3 16115.688429355621
0.38 1 0.05064247293024276 3 16005.351877212524
0.38 2 0.05019152316526709 3 16079.44519662857
0.382 0 0.003909558079303815 3 16223.432927370071
0.382 1 0.03326655107078799 3 16145.758546590805
0.382 2 0.022393637686811234 3 16269.064932346344
0.384 0 0.04635785586021102 3 16046.430634737015
0.384 1 0.028248391494148813 3 15945.44336438179
0.384 2 0.02322196817487588 3 16063.5640604496
0.386 0 0.0372532959018736 3 16110.756540060043
0.386 1 0.019328562443394013 3 16015.020222902298
0.386 2 0.017937295287701053 3 16097.52838397026
0.388 0 0.016979914993590715 3 16063.90507531166
0.388 1 0.017150398871109175 3 15960.631926059723
0.388 2 0.016492832863844856 3 16119.27867269516
0.39 0 0.020622931852806493 3 16210.169189929962
0.39 1 0.018331382454014025 3 16096.130384683609
0.39 2 0.0018298869251484006 3 16208.23426437378
0.392 0 0.002407221959119895 3 16065.783896684647
0.392 1 0.011953739448199465 3 15976.06385087967
0.392 2 0.015489036623739575 3 16075.924942731857
0.394 0 0.015805631640133322 3 16007.573597192764
0.394 1 0.00046005134147065503 3 15936.036168575287
0.394 2 0.006453509010321622 3 16021.205037117004
0.396 0 0.0019216268423170228 3 16032.967439889908
0.396 1 0.008024747905351907 3 15951.67655134201
0.396 2 0.0032683078859081973 3 16054.459959745407
0.398 0 0.004077839032247417 3 16239.07674741745
0.398 1 0.006427081197043515 3 16132.607110500336
0.398 2 0.011654716711618813 3 16198.049910068512
0.4 0 0.003946667720081627 3 16089.627675056458
0.4 1 0.0046128740858301185 3 15936.997298717499
0.4 2 0.0035302423465773136 3 16027.389710903168
0.402 0 0.00014928600068210207 3 16118.110394477844
0.402 1 0.0012399570967471327 3 15984.048955440521
0.402 2 0.003459926343328112 3 16048.672781705856
0.404 0 0.003975108764929299 3 16114.377757787704
0.404 1 0.001192314630732413 3 16021.623371601105
0.404 2 0.0011848923997063278 3 16151.12409210205
0.40599999999999997 0 0.0013746246849413893 3 16090.017497062683
0.40599999999999997 1 0.0014483105662836215 3 16119.78429722786
0.40599999999999997 2 0.002726369610715778 3 16096.86869931221
0.408 0 0.0013471006785815563 3 16033.691941976547
0.408 1 0.0010073081573788293 3 15982.480008125305
0.408 2 0.0003243298839184094 3 16107.573235273361
0.41 0 0.0026077469009500366 3 15157.530623674393
0.41 1 0.006972345887859339 3 15245.419066905975
0.41 2 5.8607733288254794e-05 3 15261.080986261368
0.412 0 0.001864157005330696 3 14633.147913694382
0.412 1 0.0005613433245392575 3 14292.888436317444
0.412 2 0.0003593298316186174 3 14361.090946674347
0.416 0 0.001118125479536752 3 12939.609287977219
0.416 1 0.0013990375644301267 3 12501.208906412125
0.416 2 0.002567417835834123 3 13371.76146888733
0.414 0 0.0011847969428058227 3 16144.812832593918
0.414 1 0.002453309811287227 3 13414.108351230621
0.414 2 0.000473818859899368 3 13588.31305027008
0.418 0 0.0008031312592425354 3 12357.068183898926
0.418 1 0.001646063720634509 3 11883.742909669876
0.418 2 0.0026625935121938507 3 12670.136565446854
0.422 0 4.8452573569346637e-05 3 10984.549697637558
0.422 1 0.001222570151826726 3 10805.367625713348
0.422 2 0.001392656050724196 3 10953.994910955429
0.424 0 0.0004252425181170103 3 10451.8309841156
0.424 1 0.00041789833442976707 3 10255.457097768784
0.424 2 0.0010959207212481053 3 10416.24240398407
0.42 0 0.00039111627541134727 3 11592.934761285782
0.42 1 0.001825301240801443 3 11491.743542909622
0.42 2 0.00022240939689886478 3 11613.50405883789
0.426 0 0.0006754443716950105 3 11554.078727960587
0.426 1 0.0010314920889567178 3 9838.08658695221
0.426 2 0.00022355442755735784 3 9921.06192946434
0.428 0 0.0016933556768454082 3 10001.849724769592
0.428 1 0.0005555311312400215 3 9614.839848041534
0.428 2 0.00027078651255183135 3 9397.050841093063
0.44 0 0.0008014564230697733 3 7885.222512483597
0.44 1 0.0005296497102184779 3 7852.554610967636
0.44 2 0.00022345392135604328 3 7912.394578456879
0.432 0 0.0008585800514748403 3 8985.066050052643
0.432 1 0.00040980881972625183 3 8893.45367527008
0.432 2 0.00022156671336515628 3 8791.482417345047
0.438 0 0.00038135445335626 3 8111.203517436981
0.438 1 0.00040385822371615725 3 7997.786367177963
0.438 2 0.0002237895502398192 3 7939.974353313446
0.434 0 0.0014614300030054454 3 9330.678565979004
0.434 1 0.0010631207979418893 3 8467.012513637543
0.434 2 0.00040660787300449315 3 8486.587059020996
0.442 0 0.0010853316618784521 3 7613.359162330627
0.442 1 0.00039700726956507545 3 7381.52559876442
0.442 2 0.0005468401715098601 3 7415.228276729584
0.436 0 0.00021765734931816048 3 8402.961204767227
0.436 1 0.0009537466877414394 3 8273.353692531586
0.436 2 0.0010211493880768587 3 8211.732324123383
0.43 0 0.0014909819007949024 3 9951.16960144043
0.43 1 0.0004085840945075602 3 9043.886715888977
0.43 2 0.0006473915796594188 3 9007.344058513641
0.444 0 9.989501127280053e-05 3 7243.180255889893
0.444 1 0.0003127929760657446 3 7829.252070426941
0.444 2 0.00015733314427120583 3 7218.459047794342
0.45799999999999996 0 0.0004356570208556489 3 6115.627862691879
0.45799999999999996 1 0.00025873966096230953 3 6037.248828887939
0.45799999999999996 2 -4.362252577179451e-05 3 6078.271593093872
0.45599999999999996 0 0.0006708064807995181 3 6270.976239442825
0.45599999999999996 1 0.00043053609451253194 3 6200.335508108139
0.45599999999999996 2 0.000375296248206421 3 6224.7834095954895
0.45399999999999996 0 0.00034364804383343455 3 6396.711850404739
0.45399999999999996 1 0.00014747425609448658 3 6507.483404874802
0.45399999999999996 2 0.0003407992221190427 3 6310.956652402878
0.45199999999999996 0 0.0003844419678092752 3 6563.177215576172
0.45199999999999996 1 0.0007058502430585434 3 6649.949516534805
0.45199999999999996 2 0.0004841797825114993 3 6509.879292964935
0.44999999999999996 0 0.00010753876317501013 3 6684.136620998383
0.44999999999999996 1 0.0008534646838728522 3 6790.442578554153
0.44999999999999996 2 0.0005305691816299188 3 6669.060386657715
0.44799999999999995 0 4.0531927383417e-06 3 6845.536257982254
0.44799999999999995 1 0.0011671173769233012 3 6847.290549993515
0.44799999999999995 2 0.0001511630400874979 3 6834.079875707626
0.44599999999999995 0 0.0001818508814252845 3 7069.267954826355
0.44599999999999995 1 0.00015161246002113202 3 7389.7868745327
0.44599999999999995 2 0.00023802675150308907 3 7131.947864532471
0.45999999999999996 0 0.0001196362767480885 3 5931.212954521179
0.45999999999999996 1 6.895210998484813e-05 3 5901.09058880806
0.45999999999999996 2 0.000424593104421918 3 5938.315426826477
0.472 0 0.001010107039946081 3 5304.303501605988
0.472 1 0.00023067152406347052 3 5279.592295885086
0.472 2 0.0006649119954551518 3 5328.212029695511
0.47 0 0.0005215670564994132 3 5422.136985063553
0.47 1 0.000682781616997686 3 5391.657086133957
0.47 2 0.0004112084214304747 3 5400.766270875931
0.46799999999999997 0 0.00023882492238299285 3 5449.660923957825
0.46799999999999997 1 0.0003827477008736503 3 5427.654806137085
0.46799999999999997 2 0.00011416931438014298 3 5477.368289709091
0.46599999999999997 0 0.0006436317917151128 3 5547.0180332660675
0.46599999999999997 1 0.0001582444266958718 3 5532.863940000534
0.46599999999999997 2 0.00014474788656567748 3 5540.293004274368
0.46399999999999997 0 0.0009069056335570377 3 5730.556050777435
0.46399999999999997 1 -1.842625468016137e-05 3 5715.446903705597
0.46399999999999997 2 0.0002428630752400484 3 5727.19389295578
0.46199999999999997 0 0.0003424643911254658 3 5826.3461084365845
0.46199999999999997 1 0.00015839017053028605 3 5765.544001340866
0.46199999999999997 2 0.0003384972964257676 3 5813.746771335602
0.474 0 1.3204451559936335e-05 3 5230.281103134155
0.474 1 0.00019314064021137733 3 5243.196877002716
0.474 2 0.0006073181110632077 3 5260.470571756363
