0.14 0 0.9286022516535728 2 0.30594730377197266
0.14 1 0.583293041845107 3 0.06313347816467285
0.14 2 1.0 2 0.04514503479003906
0.14 3 0.8773072618436142 2 0.044521331787109375
0.14 4 0.5572720955817242 3 0.07917308807373047
0.14 5 0.9286022516535728 2 0.0490114688873291
0.14 6 0.9286022516535728 2 0.04559588432312012
0.14 7 0.6666900820628628 3 0.07453322410583496
0.14 8 1.0 2 0.04610013961791992
0.14 9 1.0 2 0.043643951416015625
0.14 10 0.8575159537539401 2 0.04418206214904785
0.14 11 0.7109504115994243 3 0.059178829193115234
0.14 12 0.7109504115994243 3 0.06104016304016113
0.14 13 1.0 2 0.04880118370056152
0.14 14 0.6814916399361842 3 0.060134172439575195
0.14 15 0.8773072618436142 2 0.04300999641418457
0.14 16 0.5441471334831448 3 0.06303906440734863
0.14 17 0.6445924011385107 3 0.05607771873474121
0.14 18 0.9286022516535728 2 0.04704165458679199
0.14 19 0.6415622141759914 3 0.06490397453308105
0.14 20 0.6173391399633643 3 0.0507502555847168
0.14 21 0.9286022516535728 2 0.05052995681762695
0.14 22 0.8773072618436142 2 0.04306936264038086
0.14 23 0.6253310855744894 3 0.06005263328552246
0.14 24 0.8575159537539401 2 0.043676137924194336
0.14 25 0.9286022516535728 2 0.071014404296875
0.14 26 0.8335429056980596 2 0.041008949279785156
0.14 27 0.744332078552327 3 0.06815338134765625
0.14 28 0.8575159537539401 2 0.05865359306335449
0.14 29 0.9286022516535728 2 0.04599761962890625
0.14 30 0.7061931631176838 3 0.06612086296081543
0.14 31 0.692148432222405 3 0.06401658058166504
0.14 32 1.0 2 0.04902338981628418
0.14 33 0.7768644218051185 3 0.06606912612915039
0.14 34 0.6948704763826999 3 0.06301164627075195
0.14 35 1.0 2 0.04500985145568848
0.14 36 0.6415622141759915 3 0.06672048568725586
0.14 37 0.7459717259577975 3 0.059015512466430664
0.14 38 0.9286022516535728 2 0.04127049446105957
0.14 39 0.9286022516535728 2 0.048963069915771484
0.12000000000000001 0 0.8575159537539402 2 0.2841298580169678
0.12000000000000001 1 0.9286022516535728 2 0.0510101318359375
0.12000000000000001 2 0.8575159537539402 2 0.06370997428894043
0.12000000000000001 3 0.577448191116016 3 0.07004880905151367
0.12000000000000001 4 1.0 2 0.049231529235839844
0.12000000000000001 5 1.0 2 0.0490107536315918
0.12000000000000001 6 0.7119873985964353 3 0.05801224708557129
0.12000000000000001 7 1.0 2 0.04600858688354492
0.12000000000000001 8 0.8575159537539402 2 0.04858541488647461
0.12000000000000001 9 0.5468448507524051 3 0.06501507759094238
0.12000000000000001 10 1.0 2 0.04404282569885254
0.12000000000000001 11 1.0 2 0.04802513122558594
0.12000000000000001 12 0.9286022516535728 2 0.04053831100463867
0.12000000000000001 13 0.753519947773711 3 0.06603455543518066
0.12000000000000001 14 0.6294603970650919 3 0.06034255027770996
0.12000000000000001 15 0.9286022516535728 2 0.04191017150878906
0.12000000000000001 16 0.9286022516535728 2 0.0522916316986084
0.12000000000000001 17 0.6529431041225313 3 0.07407999038696289
0.12000000000000001 18 0.8773072618436142 2 0.041108131408691406
0.12000000000000001 19 0.5669161727757429 3 0.06516575813293457
0.12000000000000001 20 0.7456840094380387 3 0.07373952865600586
0.12000000000000001 21 0.9286022516535728 2 0.05258607864379883
0.12000000000000001 22 0.9286022516535728 2 0.04401230812072754
0.12000000000000001 23 0.7576281649272745 3 0.06668782234191895
0.12000000000000001 24 0.9286022516535728 2 0.04302668571472168
0.12000000000000001 25 1.0 2 0.06315279006958008
0.12000000000000001 26 0.8575159537539401 2 0.04906916618347168
0.12000000000000001 27 1.0 2 0.047933340072631836
0.12000000000000001 28 0.9286022516535728 2 0.0580439567565918
0.12000000000000001 29 0.5406123570282493 3 0.05791640281677246
0.12000000000000001 30 1.0 2 0.05301022529602051
0.12000000000000001 31 0.5940151077915805 3 0.0715172290802002
0.12000000000000001 32 1.0 2 0.05100822448730469
0.12000000000000001 33 0.7977956542617934 3 0.06890058517456055
0.12000000000000001 34 0.9286022516535728 2 0.0454556941986084
0.12000000000000001 35 0.9286022516535728 2 0.040900230407714844
0.12000000000000001 36 0.672882646925186 3 0.060013532638549805
0.12000000000000001 37 0.659131143800002 3 0.06514382362365723
0.12000000000000001 38 1.0 2 0.051011085510253906
0.12000000000000001 39 0.6203643884654061 3 0.05401253700256348
0.1 0 0.7456840094380387 3 0.32150864601135254
0.1 1 1.0 2 0.04701089859008789
0.1 2 1.0 2 0.055561065673828125
0.1 3 0.8575159537539401 2 0.05834031105041504
0.1 4 0.8575159537539402 2 0.04254603385925293
0.1 5 1.0 2 0.052991390228271484
0.1 6 0.8006130337815638 3 0.06057024002075195
0.1 7 0.8065446315451662 2 0.06301021575927734
0.1 8 0.6633547633776684 3 0.06885099411010742
0.1 9 0.8773072618436142 2 0.055023193359375
0.1 10 1.0 2 0.04548168182373047
0.1 11 0.5964186877363602 4 0.07012248039245605
0.1 12 0.7453612035730675 3 0.06200003623962402
0.1 13 0.6615798575964775 3 0.06708312034606934
0.1 14 1.0 2 0.0470123291015625
0.1 15 1.0 2 0.05355095863342285
0.1 16 0.9286022516535728 2 0.04613041877746582
0.1 17 0.7109504115994243 3 0.0680232048034668
0.1 18 0.7089395114584264 3 0.05887341499328613
0.1 19 1.0 2 0.04500913619995117
0.1 20 1.0 2 0.045011281967163086
0.1 21 0.9286022516535728 2 0.048033952713012695
0.1 22 0.9286022516535728 2 0.0420074462890625
0.1 23 0.8575159537539402 2 0.05798530578613281
0.1 24 1.0 2 0.04189920425415039
0.1 25 1.0 2 0.04500699043273926
0.1 26 0.9286022516535728 2 0.05689573287963867
0.1 27 1.0 2 0.04404473304748535
0.1 28 1.0 2 0.04902172088623047
0.1 29 0.7109504115994243 3 0.06403923034667969
0.1 30 1.0 2 0.04721260070800781
0.1 31 1.0 2 0.05201387405395508
0.1 32 0.9286022516535728 2 0.04800891876220703
0.1 33 0.9286022516535728 2 0.04114842414855957
0.1 34 0.8099270884899049 3 0.05311322212219238
0.1 35 0.7535350117394467 3 0.05513405799865723
0.1 36 1.0 2 0.04600858688354492
0.1 37 0.8575159537539401 2 0.04256868362426758
0.1 38 0.9286022516535728 2 0.044010162353515625
0.1 39 1.0 2 0.041008710861206055
0.16 0 0.6089078575756983 3 0.3199501037597656
0.16 1 0.7559202555796879 2 0.05601906776428223
0.16 2 0.9286022516535728 2 0.0505979061126709
0.16 3 0.763108324572318 2 0.05401206016540527
0.16 4 0.8065446315451662 2 0.05001211166381836
0.16 5 0.5650852434098068 3 0.05789780616760254
0.16 6 0.738581255754512 3 0.05701255798339844
0.16 7 0.5871628496991776 3 0.0710139274597168
0.16 8 0.4225061410944666 3 0.06474733352661133
0.16 9 0.9286022516535728 2 0.049979209899902344
0.16 10 0.6559814018175636 3 0.06001472473144531
0.16 11 0.8773072618436142 2 0.048055171966552734
0.16 12 0.806544631545166 2 0.05001115798950195
0.16 13 0.8335429056980596 2 0.05259108543395996
0.16 14 0.8575159537539402 2 0.042993783950805664
0.16 15 0.8065446315451662 2 0.05507326126098633
0.16 16 0.5419704810018195 3 0.05701112747192383
0.16 17 0.8773072618436142 2 0.049524545669555664
0.16 18 0.7631083245723179 2 0.06301331520080566
0.16 19 0.8773072618436142 2 0.04040169715881348
0.16 20 0.5790506316042126 3 0.06801438331604004
0.16 21 0.49562083244942373 3 0.054969072341918945
0.16 22 0.8065446315451662 2 0.04425168037414551
0.16 23 0.7559202555796879 2 0.045011043548583984
0.16 24 0.9286022516535728 2 0.04901695251464844
0.16 25 0.9286022516535728 2 0.05200934410095215
0.16 26 0.6541526774606694 3 0.0737752914428711
0.16 27 0.9286022516535728 2 0.049013614654541016
0.16 28 0.5843418558872736 3 0.05754208564758301
0.16 29 0.8335429056980596 2 0.04400992393493652
0.16 30 0.4379512887942373 3 0.056527137756347656
0.16 31 0.8575159537539402 2 0.05221700668334961
0.16 32 0.9286022516535728 2 0.05401015281677246
0.16 33 0.6399520592597279 2 0.05606722831726074
0.16 34 0.6894791494633864 2 0.0461115837097168
0.16 35 0.9286022516535728 2 0.04414200782775879
0.16 36 0.9286022516535728 2 0.05001354217529297
0.16 37 0.9286022516535728 2 0.045659542083740234
0.16 38 0.583293041845107 3 0.06009173393249512
0.16 39 0.5731815294066598 3 0.06805920600891113
0.18 0 0.8065446315451662 2 0.04309582710266113
0.18 1 0.8575159537539401 2 0.04404020309448242
0.18 2 0.7559202555796879 2 0.042062997817993164
0.18 3 0.5761784899663974 3 0.06329488754272461
0.18 4 0.7992929467371417 3 0.05654573440551758
0.18 5 0.9286022516535728 2 0.044025421142578125
0.18 6 0.7559202555796879 2 0.04612994194030762
0.18 7 0.7946207065282216 2 0.04402780532836914
0.18 8 0.9286022516535728 2 0.042121171951293945
0.18 9 0.5677637050000001 3 0.05434274673461914
0.18 10 0.8575159537539402 2 0.044036865234375
0.18 11 0.49186893266196247 3 0.06215381622314453
0.18 12 0.7946207065282216 2 0.04605364799499512
0.18 13 0.7128426776147977 2 0.04761552810668945
0.18 14 0.4589200111900978 3 0.05402827262878418
0.18 15 0.806544631545166 2 0.04302239418029785
0.18 16 0.5951440487265247 3 0.0666038990020752
0.18 17 0.8575159537539402 2 0.0445249080657959
0.18 18 0.8335429056980596 2 0.047010183334350586
0.18 19 0.6021626574259177 3 0.052959442138671875
0.18 20 0.4884339097094508 4 0.07304215431213379
0.18 21 0.5215700552146817 3 0.06932735443115234
0.18 22 0.9286022516535728 2 0.04704022407531738
0.18 23 0.6943069322162544 3 0.05901527404785156
0.18 24 0.5940151077915805 3 0.06401419639587402
0.18 25 0.8575159537539402 2 0.052550554275512695
0.18 26 0.8335429056980596 2 0.04376411437988281
0.18 27 0.7592561769713603 2 0.04904818534851074
0.18 28 0.420268285535136 3 0.06901288032531738
0.18 29 0.7631083245723179 2 0.045690298080444336
0.18 30 0.4394463407124817 3 0.060500144958496094
0.18 31 0.9286022516535728 2 0.042044639587402344
0.18 32 0.9286022516535728 2 0.04724311828613281
0.18 33 0.8575159537539401 2 0.04610085487365723
0.18 34 0.763108324572318 2 0.05124688148498535
0.18 35 0.6894791494633864 2 0.054055213928222656
0.18 36 0.8773072618436142 2 0.048011064529418945
0.18 37 0.7128426776147977 2 0.04421639442443848
0.18 38 0.5945149888465385 3 0.057079315185546875
0.18 39 0.8575159537539402 2 0.04508519172668457
0.2 0 0.37341830962694816 3 0.06808638572692871
0.2 1 0.5299387237037455 2 0.04753279685974121
0.2 2 1.0 2 0.04126572608947754
0.2 3 0.7245153084203909 2 0.04753303527832031
0.2 4 0.6413695420697776 2 0.06009984016418457
0.2 5 0.3476077882469086 3 0.054033756256103516
0.2 6 0.4815816776873952 3 0.060109853744506836
0.2 7 0.9286022516535728 2 0.04300951957702637
0.2 8 0.5508642506256433 2 0.05299830436706543
0.2 9 0.47400564267680995 3 0.06503057479858398
0.2 10 0.8575159537539402 2 0.04808640480041504
0.2 11 0.7266881418253447 2 0.046011924743652344
0.2 12 0.7245153084203909 2 0.04364585876464844
0.2 13 0.8575159537539401 2 0.04717659950256348
0.2 14 0.4058768026222108 3 0.07021331787109375
0.2 15 0.806544631545166 2 0.04501748085021973
0.2 16 0.5609898034938849 2 0.0525517463684082
0.2 17 0.6894791494633864 2 0.04353499412536621
0.2 18 0.6746161775765513 2 0.04719066619873047
0.2 19 0.6894791494633864 2 0.045197486877441406
0.2 20 0.6132784751106203 3 0.05601000785827637
0.2 21 1.0 2 0.046164512634277344
0.2 22 0.7245153084203911 2 0.04555845260620117
0.2 23 0.8335429056980596 2 0.052104949951171875
0.2 24 1.0 2 0.05606794357299805
0.2 25 0.8575159537539402 2 0.05829453468322754
0.2 26 0.7245153084203911 2 0.05212831497192383
0.2 27 0.5454724013470408 3 0.06233072280883789
0.2 28 0.8335429056980596 2 0.06401634216308594
0.2 29 0.7245153084203909 2 0.04800915718078613
0.2 30 0.7266881418253447 2 0.0534663200378418
0.2 31 0.7245153084203911 2 0.05106472969055176
0.2 32 0.9286022516535728 2 0.04501533508300781
0.2 33 0.8335429056980596 2 0.05506420135498047
0.2 34 0.7631083245723179 2 0.04471874237060547
0.2 35 0.7946207065282216 2 0.047362565994262695
0.2 36 0.433895040057123 3 0.06177520751953125
0.2 37 0.763108324572318 2 0.04454970359802246
0.2 38 0.49101938708602294 3 0.06713986396789551
0.2 39 0.5182234495145726 3 0.06692695617675781
0.22 0 0.7631083245723179 2 0.0480191707611084
0.22 1 0.7128426776147976 2 0.05110979080200195
0.22 2 0.3105283097143753 3 0.06403207778930664
0.22 3 0.6572373895017843 2 0.04509615898132324
0.22 4 0.7592561769713603 2 0.04829096794128418
0.22 5 0.3680281598423718 3 0.062201499938964844
0.22 6 0.3579599427349864 3 0.06802797317504883
0.22 7 0.7128426776147976 2 0.04952120780944824
0.22 8 0.7592561769713603 2 0.05183863639831543
0.22 9 0.6894791494633864 2 0.04927253723144531
0.22 10 0.7592561769713603 2 0.05652570724487305
0.22 11 0.6272831386244587 2 0.0440068244934082
0.22 12 0.7592561769713603 2 0.04385709762573242
0.22 13 0.5980264653628166 2 0.05321335792541504
0.22 14 0.8575159537539401 2 0.043080806732177734
0.22 15 0.6322976674068046 2 0.04201006889343262
0.22 16 0.7128426776147977 2 0.04526638984680176
0.22 17 0.22146781305669097 3 0.06896257400512695
0.22 18 0.5405823430056027 3 0.05997610092163086
0.22 19 0.7631083245723179 2 0.05001258850097656
0.22 20 0.8065446315451662 2 0.048609018325805664
0.22 21 0.5275443048699059 2 0.049065589904785156
0.22 22 0.47430541945762783 3 0.07701826095581055
0.22 23 0.42467638852062434 3 0.06702613830566406
0.22 24 0.47108025369328305 3 0.06753945350646973
0.22 25 0.6701392955273148 2 0.0469205379486084
0.22 26 0.66806173804014 2 0.04300975799560547
0.22 27 0.4465179123012939 3 0.055699825286865234
0.22 28 0.6572373895017843 2 0.08211851119995117
0.22 29 0.5864667932976724 3 0.05601382255554199
0.22 30 0.5017367805352663 2 0.0501103401184082
0.22 31 0.8335429056980596 2 0.042006492614746094
0.22 32 0.4603138187710944 3 0.05599498748779297
0.22 33 0.7128426776147976 2 0.046102046966552734
0.22 34 0.5665601694729498 2 0.048010826110839844
0.22 35 0.5369934568399511 3 0.07002902030944824
0.22 36 0.7245153084203909 2 0.0433197021484375
0.22 37 0.5121350490587877 3 0.05601334571838379
0.22 38 0.7245153084203911 2 0.04503488540649414
0.22 39 0.7128426776147976 2 0.05590319633483887
0.24000000000000002 0 0.5665601694729498 2 0.04801821708679199
0.24000000000000002 1 0.5042895163517374 3 0.0648641586303711
0.24000000000000002 2 0.5728775906815547 2 0.05095386505126953
0.24000000000000002 3 0.6572373895017843 2 0.04352402687072754
0.24000000000000002 4 0.7128426776147977 2 0.05002999305725098
0.24000000000000002 5 0.6487764367836791 3 0.05438590049743652
0.24000000000000002 6 0.5236615680420312 3 0.05815243721008301
0.24000000000000002 7 0.5299387237037455 2 0.04752039909362793
0.24000000000000002 8 0.4125533040293456 3 0.054848670959472656
0.24000000000000002 9 0.6894791494633864 2 0.04506659507751465
0.24000000000000002 10 0.42554090859106564 2 0.04685688018798828
0.24000000000000002 11 0.44923484596999286 2 0.04901003837585449
0.24000000000000002 12 0.6701392955273148 2 0.04964900016784668
0.24000000000000002 13 0.6746161775765513 2 0.05407977104187012
0.24000000000000002 14 0.5486076340747882 3 0.06202268600463867
0.24000000000000002 15 0.22105432644743087 3 0.07160234451293945
0.24000000000000002 16 0.806544631545166 2 0.04613447189331055
0.24000000000000002 17 0.7128426776147977 2 0.04785895347595215
0.24000000000000002 18 0.7128426776147976 2 0.04409456253051758
0.24000000000000002 19 0.5665601694729498 2 0.061279296875
0.24000000000000002 20 0.5677210638331431 3 0.05447745323181152
0.24000000000000002 21 0.7245153084203911 2 0.05603909492492676
0.24000000000000002 22 0.5017367805352663 2 0.05701613426208496
0.24000000000000002 23 0.4500127046176291 3 0.05784940719604492
0.24000000000000002 24 0.806544631545166 2 0.05101299285888672
0.24000000000000002 25 0.3750162237361868 3 0.06501603126525879
0.24000000000000002 26 0.5980264653628166 2 0.060013771057128906
0.24000000000000002 27 0.6322976674068046 2 0.05110359191894531
0.24000000000000002 28 0.8335429056980596 2 0.05482053756713867
0.24000000000000002 29 0.6080864365663023 2 0.051996469497680664
0.24000000000000002 30 0.7631083245723179 2 0.04595494270324707
0.24000000000000002 31 0.484573372590944 2 0.0487368106842041
0.24000000000000002 32 0.8773072618436142 2 0.05013012886047363
0.24000000000000002 33 0.4891733551332575 3 0.07698988914489746
0.24000000000000002 34 0.5844424783714125 3 0.05899977684020996
0.24000000000000002 35 0.3921453510231926 3 0.0710289478302002
0.24000000000000002 36 0.501190349526497 2 0.04595160484313965
0.24000000000000002 37 0.5665601694729498 2 0.05218100547790527
0.24000000000000002 38 0.5299387237037455 2 0.04501008987426758
0.24000000000000002 39 0.6894791494633864 2 0.04601335525512695
0.26 0 0.5079435630293888 3 0.06995248794555664
0.26 1 0.44693428325867524 3 0.06371450424194336
0.26 2 0.5108842448274583 3 0.05501198768615723
0.26 3 0.41354574341413053 2 0.05461764335632324
0.26 4 0.8335429056980596 2 0.043453216552734375
0.26 5 0.5980264653628166 2 0.04764056205749512
0.26 6 0.5299387237037455 2 0.04801130294799805
0.26 7 0.38404218977985616 3 0.06801605224609375
0.26 8 0.3293196736418452 3 0.05657672882080078
0.26 9 0.6894791494633863 2 0.044493913650512695
0.26 10 0.48457337259094396 2 0.05049562454223633
0.26 11 0.6413695420697776 2 0.05209851264953613
0.26 12 0.7245153084203909 2 0.04587507247924805
0.26 13 0.3882789460990946 3 0.06215929985046387
0.26 14 0.5785114900512232 2 0.04300951957702637
0.26 15 0.6399520592597279 2 0.04400992393493652
0.26 16 0.7631083245723179 2 0.05150890350341797
0.26 17 0.7245153084203909 2 0.047129154205322266
0.26 18 0.9286022516535728 2 0.04300999641418457
0.26 19 0.506497973608627 2 0.049111366271972656
0.26 20 0.5665601694729498 2 0.044165849685668945
0.26 21 0.8335429056980596 2 0.045990705490112305
0.26 22 0.48321760452992646 3 0.05906081199645996
0.26 23 0.0 1 0.0165255069732666
0.26 24 0.5017367805352663 2 0.050009727478027344
0.26 25 0.6701392955273148 2 0.04498147964477539
0.26 26 0.6746161775765513 2 0.04592466354370117
0.26 27 0.33820906005151713 3 0.07008552551269531
0.26 28 0.5275443048699059 2 0.047545671463012695
0.26 29 0.5980264653628166 2 0.04659748077392578
0.26 30 0.5275443048699059 2 0.04400920867919922
0.26 31 0.6894791494633864 2 0.04808163642883301
0.26 32 0.6322976674068046 2 0.055207252502441406
0.26 33 0.6272831386244587 2 0.04452347755432129
0.26 34 0.6746161775765513 2 0.04400968551635742
0.26 35 0.5665601694729498 2 0.0459136962890625
0.26 36 0.6413695420697776 2 0.04300975799560547
0.26 37 0.41488421124448893 3 0.05869913101196289
0.26 38 0.4258921663112882 3 0.05910754203796387
0.26 39 0.5155502870951446 3 0.05785250663757324
0.28 0 0.6894791494633864 2 0.047011375427246094
0.28 1 0.6272831386244587 2 0.044988393783569336
0.28 2 0.763108324572318 2 0.04601025581359863
0.28 3 0.31690876271432283 3 0.059137821197509766
0.28 4 0.560989803493885 2 0.043724775314331055
0.28 5 0.6894791494633864 2 0.04599308967590332
0.28 6 0.6080864365663023 2 0.04920387268066406
0.28 7 0.7128426776147977 2 0.04828238487243652
0.28 8 0.5275443048699059 2 0.04601025581359863
0.28 9 0.7128426776147976 2 0.04301881790161133
0.28 10 0.5248719204559841 2 0.04554152488708496
0.28 11 0.5992540218462625 2 0.048162221908569336
0.28 12 0.6413695420697776 2 0.04601144790649414
0.28 13 0.342286081006758 2 0.05003166198730469
0.28 14 0.3780428551946334 3 0.060021400451660156
0.28 15 0.6964105874134144 2 0.05044245719909668
0.28 16 0.25226247055504447 2 0.04600858688354492
0.28 17 0.7946207065282216 2 0.047016143798828125
0.28 18 0.0 1 0.01601576805114746
0.28 19 0.285378284897232 3 0.06885075569152832
0.28 20 0.5265751281777735 2 0.04572558403015137
0.28 21 0.45687442329949735 3 0.05522751808166504
0.28 22 0.537389906898252 2 0.045011043548583984
0.28 23 0.5299387237037455 2 0.046015024185180664
0.28 24 0.49692049675694044 2 0.05135202407836914
0.28 25 0.350952922805504 2 0.04262495040893555
0.28 26 0.66806173804014 2 0.0540471076965332
0.28 27 0.44223840914383106 2 0.046087026596069336
0.28 28 0.43258235611292045 3 0.05502915382385254
0.28 29 0.31906764063550963 3 0.07201719284057617
0.28 30 0.0 1 0.01700568199157715
0.28 31 0.6746161775765513 2 0.04318046569824219
0.28 32 0.5980264653628166 2 0.043546438217163086
0.28 33 0.2891752720575785 3 0.06611394882202148
0.28 34 0.7559202555796879 2 0.043016672134399414
0.28 35 0.6322976674068046 2 0.045961618423461914
0.28 36 0.5921475400556024 2 0.0461421012878418
0.28 37 0.6399520592597279 2 0.04503512382507324
0.28 38 0.3951610072815633 2 0.04806971549987793
0.28 39 0.6894791494633864 2 0.05101203918457031
0.30000000000000004 0 0.4031277339372631 2 0.05456376075744629
0.30000000000000004 1 0.4686069584125657 2 0.052337646484375
0.30000000000000004 2 0.2719120593199145 3 0.057369232177734375
0.30000000000000004 3 0.7559202555796879 2 0.04402518272399902
0.30000000000000004 4 0.5609898034938849 2 0.04527735710144043
0.30000000000000004 5 0.5728775906815547 2 0.047139883041381836
0.30000000000000004 6 0.47192872018924975 3 0.0595550537109375
0.30000000000000004 7 0.433763209438471 2 0.04202556610107422
0.30000000000000004 8 0.48457337259094396 2 0.04499650001525879
0.30000000000000004 9 -0.006264383055197559 2 0.054166555404663086
0.30000000000000004 10 0.6399520592597279 2 0.04300856590270996
0.30000000000000004 11 0.0 1 0.01700568199157715
0.30000000000000004 12 0.45959812210218576 2 0.04693770408630371
0.30000000000000004 13 0.42554090859106564 2 0.04902291297912598
0.30000000000000004 14 0.2935730585799682 3 0.05601978302001953
0.30000000000000004 15 0.5843418558872735 3 0.05457806587219238
0.30000000000000004 16 0.5948536586032955 2 0.05201125144958496
0.30000000000000004 17 0.243913543247291 3 0.05606436729431152
0.30000000000000004 18 0.0 1 0.015999555587768555
0.30000000000000004 19 0.31490556036448336 2 0.04546761512756348
0.30000000000000004 20 0.33771649146422245 2 0.04626655578613281
0.30000000000000004 21 0.5003217598627517 2 0.05213165283203125
0.30000000000000004 22 0.3951610072815633 2 0.05600929260253906
0.30000000000000004 23 0.5948536586032955 2 0.047010183334350586
0.30000000000000004 24 0.0 1 0.01600360870361328
0.30000000000000004 25 0.45489591419463615 2 0.04701089859008789
0.30000000000000004 26 0.4398117400583874 2 0.05183815956115723
0.30000000000000004 27 0.5248719204559841 2 0.049012184143066406
0.30000000000000004 28 0.8065446315451662 2 0.04802894592285156
0.30000000000000004 29 0.0 1 0.01700282096862793
0.30000000000000004 30 -9.596978568711006e-05 2 0.04704689979553223
0.30000000000000004 31 0.0 1 0.01601243019104004
0.30000000000000004 32 0.6399520592597279 2 0.04949545860290527
0.30000000000000004 33 0.39415825283893874 2 0.04301023483276367
0.30000000000000004 34 0.3818555360142163 2 0.04601025581359863
0.30000000000000004 35 0.3951610072815633 2 0.05000925064086914
0.30000000000000004 36 0.2821543163932003 3 0.06204938888549805
0.30000000000000004 37 0.0 1 0.02203202247619629
0.30000000000000004 38 0.0 1 0.01700305938720703
0.30000000000000004 39 0.3423419201685865 3 0.06504368782043457
0.32 0 0.5299387237037455 2 0.04937243461608887
0.32 1 0.26057444181034 3 0.061040639877319336
0.32 2 0.4667336772399775 2 0.04773139953613281
0.32 3 0.25226247055504447 2 0.05001044273376465
0.32 4 0.355521477094582 3 0.05999350547790527
0.32 5 0.6272831386244587 2 0.045049428939819336
0.32 6 0.44923484596999286 2 0.04402804374694824
0.32 7 0.37496319682119056 3 0.05540633201599121
0.32 8 0.5474828232495428 2 0.0474855899810791
0.32 9 0.4337632094384711 2 0.04611802101135254
0.32 10 0.6322976674068046 2 0.05001115798950195
0.32 11 0.41754065356161485 2 0.04600787162780762
0.32 12 0.29492271744269105 2 0.05058002471923828
0.32 13 0.6572373895017843 2 0.04608559608459473
0.32 14 0.5665601694729498 2 0.05410647392272949
0.32 15 0.36222569989642606 2 0.050057411193847656
0.32 16 0.5003217598627517 2 0.048128604888916016
0.32 17 0.5299387237037455 2 0.04921460151672363
0.32 18 0.0 1 0.017092227935791016
0.32 19 0.49692049675694044 2 0.05605626106262207
0.32 20 0.3173246762227905 3 0.06101489067077637
0.32 21 0.5248719204559841 2 0.049182891845703125
0.32 22 0.0 1 0.018512964248657227
0.32 23 0.6080864365663023 2 0.0500340461730957
0.32 24 0.0 1 0.016988754272460938
0.32 25 0.4031277339372632 2 0.0473790168762207
0.32 26 -0.0047598066779045295 2 0.05153250694274902
0.32 27 0.21577943496399954 3 0.06191897392272949
0.32 28 -0.002669917868380413 2 0.050011396408081055
0.32 29 0.0 1 0.01619100570678711
0.32 30 0.0 1 0.019005298614501953
0.32 31 0.578511490051223 2 0.043298959732055664
0.32 32 0.41754065356161485 2 0.04708695411682129
0.32 33 0.0 1 0.020119428634643555
0.32 34 0.40242965979860706 2 0.045523881912231445
0.32 35 0.0 1 0.01600360870361328
0.32 36 0.23652988391893218 3 0.06521105766296387
0.32 37 0.3550678730674348 3 0.07412004470825195
0.32 38 0.0 1 0.016046524047851562
0.32 39 0.38871043367420405 2 0.045082807540893555
0.33999999999999997 0 0.0 1 0.016103506088256836
0.33999999999999997 1 0.3444526735878948 2 0.05544734001159668
0.33999999999999997 2 0.25471523005098645 2 0.04716777801513672
0.33999999999999997 3 0.3610107095636941 2 0.047156333923339844
0.33999999999999997 4 0.0 1 0.018004179000854492
0.33999999999999997 5 0.336565059327225 3 0.056120872497558594
0.33999999999999997 6 -0.007111527585898864 2 0.05701422691345215
0.33999999999999997 7 0.0 1 0.017038822174072266
0.33999999999999997 8 0.0 1 0.01900506019592285
0.33999999999999997 9 0.2689774606278396 2 0.05310344696044922
0.33999999999999997 10 0.0 1 0.01711249351501465
0.33999999999999997 11 0.0 1 0.015004396438598633
0.33999999999999997 12 0.0 1 0.016003131866455078
0.33999999999999997 13 0.13027013670015572 3 0.05768752098083496
0.33999999999999997 14 0.0 1 0.018029451370239258
0.33999999999999997 15 0.5785114900512232 2 0.04601168632507324
0.33999999999999997 16 0.26242748019593903 2 0.04544949531555176
0.33999999999999997 17 0.0 1 0.01600337028503418
0.33999999999999997 18 -0.0026991656062006616 2 0.04752302169799805
0.33999999999999997 19 0.33771649146422245 2 0.04811525344848633
0.33999999999999997 20 -0.004759806677904526 2 0.04782414436340332
0.33999999999999997 21 0.0 1 0.017027854919433594
0.33999999999999997 22 0.0 1 0.02704024314880371
0.33999999999999997 23 0.21543920230460106 2 0.04707932472229004
0.33999999999999997 24 0.501190349526497 2 0.050011396408081055
0.33999999999999997 25 0.0 1 0.017049551010131836
0.33999999999999997 26 0.0 1 0.017032146453857422
0.33999999999999997 27 0.13826936374484913 3 0.06152915954589844
0.33999999999999997 28 0.0 1 0.017003536224365234
0.33999999999999997 29 0.5299387237037455 2 0.04500985145568848
0.33999999999999997 30 0.2876589269198703 2 0.05012106895446777
0.33999999999999997 31 0.412949191660473 2 0.050454139709472656
0.33999999999999997 32 0.41754065356161485 2 0.04801177978515625
0.33999999999999997 33 0.412949191660473 2 0.04700064659118652
0.33999999999999997 34 0.13892460093578532 3 0.055573463439941406
0.33999999999999997 35 0.6894791494633864 2 0.04501032829284668
0.33999999999999997 36 0.33176270803716784 2 0.061013221740722656
0.33999999999999997 37 0.47704309934632255 2 0.04711437225341797
0.33999999999999997 38 0.3461695595690695 3 0.062012672424316406
0.33999999999999997 39 0.0 1 0.01601099967956543
0.36 0 0.0 1 0.017059803009033203
0.36 1 0.44223840914383106 2 0.046113014221191406
0.36 2 0.011643158399105822 2 0.04503321647644043
0.36 3 0.004122300106534145 2 0.04602980613708496
0.36 4 0.0 1 0.017066240310668945
0.36 5 0.48457337259094396 2 0.05601024627685547
0.36 6 0.0 1 0.01801133155822754
0.36 7 0.15819420538488738 2 0.044010162353515625
0.36 8 0.0 1 0.016003847122192383
0.36 9 0.0 1 0.0170133113861084
0.36 10 0.13677369736461928 3 0.056550025939941406
0.36 11 -0.002669917868380413 2 0.054993629455566406
0.36 12 0.0 1 0.016525983810424805
0.36 13 0.0 1 0.017127037048339844
0.36 14 0.0 1 0.017003297805786133
0.36 15 0.0 1 0.017000436782836914
0.36 16 0.44223840914383106 2 0.04808640480041504
0.36 17 0.0 1 0.017098426818847656
0.36 18 0.20060005312569346 3 0.06909060478210449
0.36 19 0.0 1 0.01624131202697754
0.36 20 -0.007610829303854609 2 0.05203700065612793
0.36 21 0.11357013187272642 2 0.051584482192993164
0.36 22 0.0 1 0.022037267684936523
0.36 23 0.0 1 0.023004770278930664
0.36 24 0.2577404366741235 2 0.048011064529418945
0.36 25 0.0 1 0.016004562377929688
0.36 26 0.0 1 0.01600360870361328
0.36 27 -0.007111527585898864 2 0.05252265930175781
0.36 28 -0.00709580060580629 2 0.04401278495788574
0.36 29 0.0 1 0.01700901985168457
0.36 30 0.18584196040609002 3 0.06211566925048828
0.36 31 0.18587281595477517 2 0.05058097839355469
0.36 32 0.0 1 0.020104646682739258
0.36 33 0.44923484596999286 2 0.05701041221618652
0.36 34 0.2864760597286233 2 0.044585466384887695
0.36 35 0.29357759230945457 2 0.04400992393493652
0.36 36 -0.00741888869657401 2 0.05281782150268555
0.36 37 0.07342402903686279 3 0.06014299392700195
0.36 38 0.26103900390858437 3 0.06546831130981445
0.36 39 0.0 1 0.017917394638061523
0.4 0 0.0 1 0.016109704971313477
0.4 1 0.0 1 0.016512393951416016
0.4 2 0.0 1 0.01758432388305664
0.4 3 0.13920700667278557 3 0.06464767456054688
0.4 4 0.0 1 0.01800394058227539
0.4 5 -0.00475740888116101 2 0.06315016746520996
0.4 6 0.0 1 0.023487329483032227
0.4 7 0.006918687525887256 2 0.04911637306213379
0.4 8 0.2369249542038178 2 0.051018476486206055
0.4 9 0.29492271744269105 2 0.046263933181762695
0.4 10 0.0 1 0.019515514373779297
0.4 11 0.0 1 0.018031835556030273
0.4 12 0.0 1 0.016032695770263672
0.4 13 0.37234636062327015 2 0.05504560470581055
0.4 14 0.0 1 0.019006967544555664
0.4 15 -0.006232668508048411 2 0.052292823791503906
0.4 16 0.36222569989642606 2 0.04700064659118652
0.4 17 0.0 1 0.017096281051635742
0.4 18 0.18385366700838618 2 0.05005693435668945
0.4 19 0.0 1 0.016502857208251953
0.4 20 0.1815606191852256 3 0.0610508918762207
0.4 21 0.0 1 0.01906895637512207
0.4 22 0.0 1 0.01729106903076172
0.4 23 -0.007316835269948621 2 0.04627680778503418
0.4 24 0.25226247055504447 2 0.0490109920501709
0.4 25 0.0 1 0.016985177993774414
0.4 26 0.0 1 0.017004013061523438
0.4 27 0.0 1 0.01700878143310547
0.4 28 0.15283629664973894 2 0.04314136505126953
0.4 29 -0.0026276787726500577 2 0.048577070236206055
0.4 30 0.0 1 0.016431808471679688
0.4 31 0.0 1 0.01698923110961914
0.4 32 0.0 1 0.01711106300354004
0.4 33 0.0 1 0.017012357711791992
0.4 34 0.10848165107201743 2 0.0449528694152832
0.4 35 0.3515392782605944 2 0.04417133331298828
0.4 36 0.0 1 0.017003536224365234
0.4 37 -0.004757408881161006 2 0.04716038703918457
0.4 38 0.2727457473669777 2 0.05533099174499512
0.4 39 0.0 1 0.01700425148010254
0.38 0 0.15796275641528779 3 0.05543684959411621
0.38 1 0.0 1 0.018108606338500977
0.38 2 0.0 1 0.024924039840698242
0.38 3 0.0 1 0.019002914428710938
0.38 4 0.2948575084828383 3 0.056993961334228516
0.38 5 0.2532310560040159 2 0.04953742027282715
0.38 6 0.3382475287449943 2 0.04509258270263672
0.38 7 0.0 1 0.01700282096862793
0.38 8 0.0 1 0.017011642456054688
0.38 9 -0.002722026941161995 2 0.05059242248535156
0.38 10 0.0 1 0.01654195785522461
0.38 11 0.0 1 0.0179903507232666
0.38 12 0.0 1 0.016048669815063477
0.38 13 0.0 1 0.018004894256591797
0.38 14 0.0 1 0.017940759658813477
0.38 15 0.21643600735867163 3 0.06501626968383789
0.38 16 0.0 1 0.028007984161376953
0.38 17 0.0 1 0.028006553649902344
0.38 18 0.0 1 0.017002582550048828
0.38 19 0.2287274185787049 3 0.059493064880371094
0.38 20 0.0 1 0.01615428924560547
0.38 21 -0.00745142114120995 2 0.051009178161621094
0.38 22 0.16171944495939297 3 0.05561542510986328
0.38 23 0.2020480771665737 3 0.05699658393859863
0.38 24 -0.004759806677904526 2 0.051010847091674805
0.38 25 0.0 1 0.016559362411499023
0.38 26 0.2727027214920264 3 0.05800938606262207
0.38 27 -0.00628597798210574 2 0.05302786827087402
0.38 28 0.0 1 0.02611517906188965
0.38 29 0.0 1 0.01600337028503418
0.38 30 0.06835827436368397 2 0.04801821708679199
0.38 31 0.0 1 0.018202543258666992
0.38 32 -0.0026276787726500577 2 0.04600977897644043
0.38 33 0.3859961607848056 2 0.04767656326293945
0.38 34 0.4802356373357797 3 0.05772686004638672
0.38 35 0.09628285795467305 2 0.0490422248840332
0.38 36 0.21761674317902954 2 0.0551300048828125
0.38 37 0.0 1 0.019023418426513672
0.38 38 0.003186426899574113 2 0.05354022979736328
0.38 39 0.36222569989642606 2 0.05421638488769531
0.42000000000000004 0 0.0034185613934087566 2 0.04808807373046875
0.42000000000000004 1 0.0 1 0.01699233055114746
0.42000000000000004 2 -0.007087974007297239 2 0.04599452018737793
0.42000000000000004 3 0.0 1 0.016025066375732422
0.42000000000000004 4 0.0 1 0.017004013061523438
0.42000000000000004 5 0.0 1 0.01598191261291504
0.42000000000000004 6 0.0 1 0.017004013061523438
0.42000000000000004 7 0.0 1 0.016296863555908203
0.42000000000000004 8 0.0 1 0.018138885498046875
0.42000000000000004 9 0.0 1 0.016012191772460938
0.42000000000000004 10 0.0 1 0.020045042037963867
0.42000000000000004 11 -0.00709580060580629 2 0.04653167724609375
0.42000000000000004 12 0.24720718787778762 2 0.047957658767700195
0.42000000000000004 13 0.007251252123963766 2 0.05201148986816406
0.42000000000000004 14 0.0074822582925728924 2 0.049013614654541016
0.42000000000000004 15 0.0 1 0.016030311584472656
0.42000000000000004 16 0.36222569989642606 2 0.042246103286743164
0.42000000000000004 17 0.0 1 0.01600337028503418
0.42000000000000004 18 0.0 1 0.03753328323364258
0.42000000000000004 19 -0.007395912080913932 2 0.05698204040527344
0.42000000000000004 20 -0.004757408881161006 2 0.051009416580200195
0.42000000000000004 21 -0.004733451673058682 2 0.04890751838684082
0.42000000000000004 22 0.0 1 0.017004013061523438
0.42000000000000004 23 0.0 1 0.015971660614013672
0.42000000000000004 24 0.0 1 0.018004179000854492
0.42000000000000004 25 -0.004718167677005191 2 0.047205209732055664
0.42000000000000004 26 0.19210547450428223 2 0.051011085510253906
0.42000000000000004 27 0.0 1 0.01609945297241211
0.42000000000000004 28 0.0 1 0.017169713973999023
0.42000000000000004 29 0.16926113229621878 3 0.07114911079406738
0.42000000000000004 30 0.0 1 0.01600503921508789
0.42000000000000004 31 0.007251252123963766 2 0.04760885238647461
0.42000000000000004 32 0.0 1 0.0161592960357666
0.42000000000000004 33 0.0 1 0.018491744995117188
0.42000000000000004 34 0.0 1 0.016002893447875977
0.42000000000000004 35 0.0 1 0.017004013061523438
0.42000000000000004 36 0.3038797302940849 2 0.04745364189147949
0.42000000000000004 37 0.0 1 0.016247272491455078
0.42000000000000004 38 0.0 1 0.018004179000854492
0.42000000000000004 39 0.0 1 0.016000986099243164
0.44000000000000006 0 0.0 1 0.016469717025756836
0.44000000000000006 1 0.0 1 0.01806807518005371
0.44000000000000006 2 -0.0073776845414105265 2 0.054010868072509766
0.44000000000000006 3 0.0 1 0.019022703170776367
0.44000000000000006 4 0.0 1 0.01952385902404785
0.44000000000000006 5 0.008159049696389425 2 0.05179953575134277
0.44000000000000006 6 0.0 1 0.017003774642944336
0.44000000000000006 7 0.0 1 0.016674041748046875
0.44000000000000006 8 0.0 1 0.017107248306274414
0.44000000000000006 9 0.038437253452164685 3 0.07721304893493652
0.44000000000000006 10 -0.002699165606200664 2 0.050124168395996094
0.44000000000000006 11 0.0 1 0.028767824172973633
0.44000000000000006 12 0.0 1 0.021032333374023438
0.44000000000000006 13 -0.0027163556570253943 2 0.05151987075805664
0.44000000000000006 14 0.0 1 0.016521215438842773
0.44000000000000006 15 -0.006216703168904775 2 0.056524038314819336
0.44000000000000006 16 -0.004744641425544358 2 0.05718517303466797
0.44000000000000006 17 0.0 1 0.01801609992980957
0.44000000000000006 18 0.0 1 0.019005775451660156
0.44000000000000006 19 -0.007111527585898864 2 0.05838799476623535
0.44000000000000006 20 0.08536806232612708 3 0.06490230560302734
0.44000000000000006 21 0.0 1 0.017003297805786133
0.44000000000000006 22 0.0 1 0.018004179000854492
0.44000000000000006 23 0.0 1 0.016645431518554688
0.44000000000000006 24 -0.00622269744193054 2 0.04700946807861328
0.44000000000000006 25 0.25471523005098645 2 0.05554986000061035
0.44000000000000006 26 -0.004757408881161006 2 0.04737377166748047
0.44000000000000006 27 0.0 1 0.017689943313598633
0.44000000000000006 28 -0.006216703168904775 2 0.0691823959350586
0.44000000000000006 29 -0.004759806677904526 2 0.04835629463195801
0.44000000000000006 30 0.0910079352254438 2 0.050013065338134766
0.44000000000000006 31 0.0 1 0.017012834548950195
0.44000000000000006 32 -0.006216703168904773 2 0.0489501953125
0.44000000000000006 33 0.0031864268995741157 2 0.04524850845336914
0.44000000000000006 34 0.0 1 0.016004085540771484
0.44000000000000006 35 0.0 1 0.02152419090270996
0.44000000000000006 36 0.0 1 0.017002582550048828
0.44000000000000006 37 0.0 1 0.018032073974609375
0.44000000000000006 38 0.20645712290572457 3 0.06756329536437988
0.44000000000000006 39 -0.004759806677904526 2 0.05332827568054199
0.48 0 0.0 1 0.018002748489379883
0.48 1 -0.0026276787726500564 2 0.05020403861999512
0.48 2 0.05153505526457459 2 0.05357170104980469
0.48 3 0.0 1 0.01600193977355957
0.48 4 0.0 1 0.016001224517822266
0.48 5 0.0 1 0.017011404037475586
0.48 6 0.0 1 0.017004966735839844
0.48 7 -0.0054438224833180835 3 0.06941986083984375
0.48 8 0.0 1 0.017008066177368164
0.48 9 0.0 1 0.017003774642944336
0.48 10 0.0 1 0.017020702362060547
0.48 11 0.0 1 0.017003536224365234
0.48 12 0.0 1 0.018052101135253906
0.48 13 0.0 1 0.01799917221069336
0.48 14 0.0 1 0.016956806182861328
0.48 15 0.0 1 0.01762866973876953
0.48 16 0.0 1 0.017012834548950195
0.48 17 0.0 1 0.023520946502685547
0.48 18 0.0 1 0.024007320404052734
0.48 19 -0.002669917868380413 2 0.06210732460021973
0.48 20 0.0 1 0.01652240753173828
0.48 21 0.0 1 0.017972230911254883
0.48 22 -0.007316835269948619 2 0.048660993576049805
0.48 23 0.0 1 0.01800537109375
0.48 24 -0.007087974007297239 2 0.04908299446105957
0.48 25 0.0 1 0.017009496688842773
0.48 26 -0.007418888696574006 2 0.05069899559020996
0.48 27 -0.004757408881161006 2 0.04901123046875
0.48 28 0.0 1 0.01600360870361328
0.48 29 0.0 1 0.01610732078552246
0.48 30 0.0 1 0.015003442764282227
0.48 31 0.0 1 0.017003297805786133
0.48 32 -9.596978568711006e-05 2 0.05742764472961426
0.48 33 0.0 1 0.01701188087463379
0.48 34 0.0 1 0.018521785736083984
0.48 35 -0.007316835269948621 2 0.050009727478027344
0.48 36 0.0036006010786269176 2 0.058012962341308594
0.48 37 0.0 1 0.017006397247314453
0.48 38 0.0 1 0.016988515853881836
0.48 39 0.0 1 0.020009994506835938
0.45999999999999996 0 -0.004744641425544358 2 0.05260872840881348
0.45999999999999996 1 0.0 1 0.016514062881469727
0.45999999999999996 2 -0.00624658269484512 2 0.045049190521240234
0.45999999999999996 3 0.0 1 0.015607118606567383
0.45999999999999996 4 0.0 1 0.016002893447875977
0.45999999999999996 5 0.0 1 0.018002986907958984
0.45999999999999996 6 0.0 1 0.01604485511779785
0.45999999999999996 7 0.0 1 0.01600170135498047
0.45999999999999996 8 0.0 1 0.016004085540771484
0.45999999999999996 9 0.0 1 0.020003557205200195
0.45999999999999996 10 0.0 1 0.020002365112304688
0.45999999999999996 11 0.0 1 0.01800251007080078
0.45999999999999996 12 0.0 1 0.01600480079650879
0.45999999999999996 13 0.17512725242741692 3 0.06005144119262695
0.45999999999999996 14 0.0 1 0.01719355583190918
0.45999999999999996 15 -0.002699165606200664 2 0.05296897888183594
0.45999999999999996 16 -0.007111527585898865 2 0.05955147743225098
0.45999999999999996 17 0.060914273363259476 2 0.05301213264465332
0.45999999999999996 18 0.0 1 0.017003536224365234
0.45999999999999996 19 -0.002716355657025392 2 0.048027992248535156
0.45999999999999996 20 0.0 1 0.018035888671875
0.45999999999999996 21 0.0 1 0.020004987716674805
0.45999999999999996 22 0.0 1 0.016003847122192383
0.45999999999999996 23 -0.0047598066779045295 2 0.05272340774536133
0.45999999999999996 24 0.0031116142202525315 2 0.04701042175292969
0.45999999999999996 25 -0.007395912080913932 2 0.05200958251953125
0.45999999999999996 26 -0.007546805050453066 2 0.049018144607543945
0.45999999999999996 27 0.0 1 0.017004966735839844
0.45999999999999996 28 0.0 1 0.0170133113861084
0.45999999999999996 29 0.0 1 0.017004728317260742
0.45999999999999996 30 0.0 1 0.017004013061523438
0.45999999999999996 31 0.0 1 0.01600337028503418
0.45999999999999996 32 -0.002498144504765374 2 0.051276445388793945
0.45999999999999996 33 0.0 1 0.020023107528686523
0.45999999999999996 34 0.0 1 0.01900196075439453
0.45999999999999996 35 0.0 1 0.01600956916809082
0.45999999999999996 36 0.0 1 0.023058652877807617
0.45999999999999996 37 -0.002341081621715658 3 0.0570526123046875
0.45999999999999996 38 0.0 1 0.018004179000854492
0.45999999999999996 39 0.0 1 0.016007661819458008
0.5 0 0.0 1 0.01702260971069336
0.5 1 0.0 1 0.018004179000854492
0.5 2 0.0 1 0.017012834548950195
0.5 3 0.0 1 0.01800394058227539
0.5 4 0.006918687525887256 2 0.04506254196166992
0.5 5 0.0 1 0.016010046005249023
0.5 6 0.0 1 0.017003297805786133
0.5 7 -0.007111527585898865 2 0.054006338119506836
0.5 8 0.0 1 0.01697850227355957
0.5 9 0.0 1 0.016905546188354492
0.5 10 0.0 1 0.0179135799407959
0.5 11 0.0 1 0.02389812469482422
0.5 12 -0.004744641425544358 2 0.05192232131958008
0.5 13 -0.006264383055197559 2 0.048604488372802734
0.5 14 0.0 1 0.01698613166809082
0.5 15 0.0 1 0.01703619956970215
0.5 16 0.0 1 0.017004013061523438
0.5 17 0.0 1 0.01692366600036621
0.5 18 0.0 1 0.016001462936401367
0.5 19 0.0 1 0.01718592643737793
0.5 20 0.0 1 0.017004728317260742
0.5 21 0.0 1 0.01700425148010254
0.5 22 0.0 1 0.018004179000854492
0.5 23 0.0 1 0.01700425148010254
0.5 24 -0.00745142114120995 2 0.04557228088378906
0.5 25 -0.007087974007297239 2 0.0566401481628418
0.5 26 0.0 1 0.01699209213256836
0.5 27 0.0 1 0.019003629684448242
0.5 28 0.0 1 0.01800251007080078
0.5 29 0.0 1 0.01701068878173828
0.5 30 0.0 1 0.016005516052246094
0.5 31 0.0 1 0.016766071319580078
0.5 32 0.0 1 0.01900482177734375
0.5 33 0.0 1 0.021519899368286133
0.5 34 0.0032817231214741917 2 0.06252908706665039
0.5 35 -0.007208010043984582 2 0.06526899337768555
0.5 36 0.0 1 0.03156685829162598
0.5 37 0.0 1 0.018991708755493164
0.5 38 0.0 1 0.017001867294311523
0.5 39 0.0 1 0.017011165618896484
0.52 0 0.0 1 0.016003131866455078
0.52 1 0.0 1 0.021007537841796875
0.52 2 0.0 1 0.016002416610717773
0.52 3 0.0 1 0.01700425148010254
0.52 4 0.0 1 0.01600193977355957
0.52 5 0.0 1 0.017003297805786133
0.52 6 0.0 1 0.016011953353881836
0.52 7 -0.006216703168904773 2 0.04511070251464844
0.52 8 0.0 1 0.017002582550048828
0.52 9 0.0 1 0.01800394058227539
0.52 10 -0.00475740888116101 2 0.045282840728759766
0.52 11 0.0 1 0.022005558013916016
0.52 12 0.0 1 0.023010730743408203
0.52 13 0.0 1 0.018004655838012695
0.52 14 0.0 1 0.01600170135498047
0.52 15 -0.004759806677904526 2 0.05531001091003418
0.52 16 0.0 1 0.023006200790405273
0.52 17 0.028101278776331846 2 0.04548478126525879
0.52 18 -0.00741888869657401 2 0.05498623847961426
0.52 19 0.0 1 0.01636648178100586
0.52 20 0.0 1 0.016000747680664062
0.52 21 0.0 1 0.021032094955444336
0.52 22 0.0 1 0.017486095428466797
0.52 23 -0.00628597798210574 2 0.04705524444580078
0.52 24 -0.007087974007297234 2 0.04698944091796875
0.52 25 0.0 1 0.01800370216369629
0.52 26 0.0 1 0.024000167846679688
0.52 27 0.0 1 0.01800227165222168
0.52 28 0.0 1 0.0220034122467041
0.52 29 0.0 1 0.02800774574279785
0.52 30 0.19964209621754478 2 0.05362248420715332
0.52 31 0.0 1 0.01900506019592285
0.52 32 0.0 1 0.022004365921020508
0.52 33 0.0 1 0.030005931854248047
0.52 34 -0.0026276787726500564 2 0.07010102272033691
0.52 35 0.0 1 0.02100396156311035
0.52 36 0.0 1 0.016003131866455078
0.52 37 0.0 1 0.01598191261291504
0.52 38 0.0 1 0.024033784866333008
0.52 39 -0.007257663158736768 2 0.07044315338134766
0.54 0 0.0 1 0.017007827758789062
0.54 1 0.0 1 0.017003536224365234
0.54 2 0.0 1 0.017011165618896484
0.54 3 0.0 1 0.01950359344482422
0.54 4 0.0 1 0.016627073287963867
0.54 5 0.0031864268995741157 2 0.04938077926635742
0.54 6 -0.0026991656062006616 2 0.045133113861083984
0.54 7 -0.011280581883708413 3 0.061029672622680664
0.54 8 0.0 1 0.021004199981689453
0.54 9 0.0 1 0.018048524856567383
0.54 10 0.0 1 0.01800394058227539
0.54 11 0.0 1 0.017006635665893555
0.54 12 0.0 1 0.019002676010131836
0.54 13 0.0 1 0.0160064697265625
0.54 14 -0.002669917868380409 2 0.051100969314575195
0.54 15 0.0 1 0.016918659210205078
0.54 16 0.0 1 0.016922950744628906
0.54 17 0.0 1 0.02392888069152832
0.54 18 0.0 1 0.016168832778930664
0.54 19 0.0 1 0.01600360870361328
0.54 20 -0.002498144504765369 2 0.049012184143066406
0.54 21 0.0 1 0.01600193977355957
0.54 22 0.01191461255978966 2 0.06013631820678711
0.54 23 -0.004759806677904526 2 0.04701113700866699
0.54 24 0.0 1 0.01800060272216797
0.54 25 0.0 1 0.020061016082763672
0.54 26 0.0 1 0.028185367584228516
0.54 27 0.0 1 0.01702404022216797
0.54 28 0.0 1 0.022010087966918945
0.54 29 0.0 1 0.01803445816040039
0.54 30 0.0 1 0.027004480361938477
0.54 31 0.0 1 0.0200045108795166
0.54 32 0.0 1 0.024008989334106445
0.54 33 0.0 1 0.024071931838989258
0.54 34 0.0 1 0.01700139045715332
0.54 35 0.0 1 0.02500319480895996
0.54 36 0.05149783415070154 2 0.04904055595397949
0.54 37 0.0 1 0.018001556396484375
0.54 38 -0.006222697441930538 2 0.04803013801574707
0.54 39 -0.004718167677005191 2 0.04601240158081055
0.56 0 0.0 1 0.01700305938720703
0.56 1 -0.007208010043984582 2 0.05112719535827637
0.56 2 0.0 1 0.018091440200805664
0.56 3 0.02289271315630814 2 0.044014930725097656
0.56 4 0.0 1 0.018002033233642578
0.56 5 0.0 1 0.016008615493774414
0.56 6 0.0 1 0.017001628875732422
0.56 7 0.0 1 0.016529560089111328
0.56 8 0.0 1 0.017004728317260742
0.56 9 0.0 1 0.017004013061523438
0.56 10 0.07971693749612446 3 0.0586698055267334
0.56 11 -0.007316835269948621 2 0.04901242256164551
0.56 12 0.0 1 0.01602482795715332
0.56 13 0.0 1 0.016028642654418945
0.56 14 -0.006216703168904775 2 0.047039031982421875
0.56 15 0.0 1 0.017003536224365234
0.56 16 -0.007111527585898864 2 0.05702328681945801
0.56 17 0.0 1 0.01610541343688965
0.56 18 0.0 1 0.017003536224365234
0.56 19 0.0 1 0.016062259674072266
0.56 20 0.0 1 0.015989303588867188
0.56 21 0.0 1 0.016002416610717773
0.56 22 0.0 1 0.01600360870361328
0.56 23 0.0 1 0.01700448989868164
0.56 24 0.0 1 0.015011072158813477
0.56 25 0.0 1 0.02602982521057129
0.56 26 -7.296789450023967e-05 2 0.0506596565246582
0.56 27 0.0 1 0.019013404846191406
0.56 28 0.0 1 0.025099992752075195
0.56 29 0.0 1 0.019980907440185547
0.56 30 0.0 1 0.02169322967529297
0.56 31 0.0 1 0.017002582550048828
0.56 32 0.0 1 0.02504873275756836
0.56 33 -0.004744641425544358 2 0.06701374053955078
0.56 34 0.0 1 0.02196359634399414
0.56 35 -0.0071673602779741665 2 0.05301260948181152
0.56 36 0.0 1 0.021005868911743164
0.56 37 -0.002669917868380409 2 0.05657792091369629
0.56 38 -0.004759806677904526 2 0.05501198768615723
0.56 39 0.0 1 0.018001317977905273
0.58 0 0.0 1 0.0160982608795166
0.58 1 0.0 1 0.016011714935302734
0.58 2 0.0 1 0.016453266143798828
0.58 3 0.0 1 0.022110939025878906
0.58 4 -0.00709580060580629 2 0.05773496627807617
0.58 5 0.0 1 0.020023584365844727
0.58 6 0.1921054745042822 2 0.04808211326599121
0.58 7 0.0 1 0.017059803009033203
0.58 8 -0.007111527585898865 2 0.05201244354248047
0.58 9 0.0 1 0.016007661819458008
0.58 10 0.0 1 0.016983509063720703
0.58 11 0.0 1 0.016518592834472656
0.58 12 0.0 1 0.01703357696533203
0.58 13 0.0 1 0.017129898071289062
0.58 14 0.011742692800848768 2 0.05101132392883301
0.58 15 0.0 1 0.01648402214050293
0.58 16 0.0 1 0.0290069580078125
0.58 17 0.011453922475136111 2 0.0490117073059082
0.58 18 0.0 1 0.017004013061523438
0.58 19 -0.006216703168904773 2 0.04801058769226074
0.58 20 0.0 1 0.0160067081451416
0.58 21 0.0 1 0.016997575759887695
0.58 22 0.0 1 0.01700305938720703
0.58 23 -0.002669917868380409 2 0.04501152038574219
0.58 24 0.0 1 0.017004013061523438
0.58 25 0.0 1 0.01700425148010254
0.58 26 -0.006216703168904775 2 0.05231761932373047
0.58 27 0.0 1 0.01625800132751465
0.58 28 0.0 1 0.01555943489074707
0.58 29 0.0 1 0.01600360870361328
0.58 30 0.0 1 0.01601123809814453
0.58 31 0.0 1 0.025032997131347656
0.58 32 0.0 1 0.019004106521606445
0.58 33 -0.004759806677904526 2 0.04801177978515625
0.58 34 0.0 1 0.01600193977355957
0.58 35 -7.296789450023967e-05 2 0.05201554298400879
0.58 36 0.0 1 0.017004013061523438
0.58 37 0.0 1 0.018004179000854492
0.58 38 0.0 1 0.01651763916015625
0.58 39 0.0 1 0.017002105712890625
0.6 0 -0.007111527585898865 2 0.0580141544342041
0.6 1 0.0 1 0.019012451171875
0.6 2 0.0 1 0.020477771759033203
0.6 3 0.0 1 0.017009973526000977
0.6 4 0.0 1 0.019022226333618164
0.6 5 0.0 1 0.017020702362060547
0.6 6 0.0 1 0.017003297805786133
0.6 7 0.016307264747368194 2 0.04651212692260742
0.6 8 0.0 1 0.01660895347595215
0.6 9 0.0 1 0.01662588119506836
0.6 10 0.0 1 0.020983457565307617
0.6 11 0.0 1 0.018004179000854492
0.6 12 0.0 1 0.017002105712890625
0.6 13 -0.006214703265369533 2 0.05420947074890137
0.6 14 0.0 1 0.017003536224365234
0.6 15 -0.00725766315873677 2 0.04925942420959473
0.6 16 -0.006216703168904775 2 0.04752469062805176
0.6 17 0.0 1 0.026172637939453125
0.6 18 0.0 1 0.017003774642944336
0.6 19 0.0 1 0.017020463943481445
0.6 20 -0.002669917868380413 2 0.051018714904785156
0.6 21 -0.0027163556570253943 2 0.050009727478027344
0.6 22 0.0 1 0.017011642456054688
0.6 23 0.0 1 0.019011974334716797
0.6 24 0.0 1 0.01655864715576172
0.6 25 0.0 1 0.02539682388305664
0.6 26 0.0 1 0.019983530044555664
0.6 27 -0.007686800571652861 2 0.04536318778991699
0.6 28 0.0 1 0.017982006072998047
0.6 29 0.0 1 0.016003131866455078
0.6 30 0.0 1 0.016008853912353516
0.6 31 0.0 1 0.018021583557128906
0.6 32 0.0 1 0.021125316619873047
0.6 33 -0.0024063286767673723 2 0.05303454399108887
0.6 34 0.0 1 0.01703166961669922
0.6 35 -0.0078790503681582 2 0.04913020133972168
0.6 36 0.0 1 0.0169830322265625
0.6 37 0.0 1 0.018200397491455078
0.6 38 0.0 1 0.019004106521606445
0.6 39 0.022444310827320277 2 0.07003998756408691
0.62 0 -0.0026276787726500564 2 0.053667545318603516
0.62 1 -0.007087974007297234 2 0.049245595932006836
0.62 2 0.0 1 0.017021894454956055
0.62 3 0.0 1 0.018006324768066406
0.62 4 0.0 1 0.01674056053161621
0.62 5 0.0 1 0.020094871520996094
0.62 6 0.0 1 0.01600337028503418
0.62 7 0.0 1 0.016950368881225586
0.62 8 0.0 1 0.017019033432006836
0.62 9 0.0 1 0.016002416610717773
0.62 10 -0.007546805050453061 2 0.05113792419433594
0.62 11 0.0 1 0.01766514778137207
0.62 12 0.0 1 0.01711750030517578
0.62 13 0.0 1 0.020613431930541992
0.62 14 0.0 1 0.016997337341308594
0.62 15 0.0 1 0.016003131866455078
0.62 16 0.0 1 0.02005290985107422
0.62 17 0.0 1 0.018023014068603516
0.62 18 0.014858680239238945 2 0.0509495735168457
0.62 19 0.0 1 0.016032695770263672
0.62 20 0.0 1 0.018007516860961914
0.62 21 0.0 1 0.016134262084960938
0.62 22 0.0 1 0.017002344131469727
0.62 23 -0.007087974007297234 2 0.04906749725341797
0.62 24 0.0 1 0.01700568199157715
0.62 25 0.0 1 0.016000986099243164
0.62 26 0.0 1 0.016002416610717773
0.62 27 0.0 1 0.016003131866455078
0.62 28 -0.007395912080913929 2 0.04803037643432617
0.62 29 -0.00622269744193054 2 0.05833029747009277
0.62 30 0.0 1 0.016094207763671875
0.62 31 0.006972991229208091 2 0.04901123046875
0.62 32 0.0 1 0.017004013061523438
0.62 33 0.0 1 0.022004127502441406
0.62 34 0.0 1 0.017003297805786133
0.62 35 0.0 1 0.028005599975585938
0.62 36 0.0 1 0.016931533813476562
0.62 37 0.0 1 0.01700568199157715
0.62 38 0.0 1 0.01703643798828125
0.62 39 0.006918687525887252 2 0.04499006271362305
0.64 0 0.0 1 0.017001628875732422
0.64 1 0.0 1 0.017152786254882812
0.64 2 0.0 1 0.0180051326751709
0.64 3 0.0 1 0.018024444580078125
0.64 4 0.0 1 0.016632556915283203
0.64 5 0.0 1 0.01609015464782715
0.64 6 0.0 1 0.019020557403564453
0.64 7 0.0 1 0.019988298416137695
0.64 8 0.0 1 0.01700615882873535
0.64 9 -0.007095800605806286 2 0.049015045166015625
0.64 10 0.0 1 0.01950240135192871
0.64 11 0.0 1 0.02098870277404785
0.64 12 0.0 1 0.017003297805786133
0.64 13 -0.006232668508048415 2 0.047023773193359375
0.64 14 0.016307264747368197 2 0.04761385917663574
0.64 15 0.006918687525887256 2 0.06113624572753906
0.64 16 0.0 1 0.01597142219543457
0.64 17 0.003130200440575802 2 0.047009944915771484
0.64 18 0.011643158399105817 2 0.044083356857299805
0.64 19 0.0 1 0.017003774642944336
0.64 20 -0.0025710628348723473 2 0.04754018783569336
0.64 21 0.0 1 0.017246007919311523
0.64 22 -0.006222697441930538 2 0.04404902458190918
0.64 23 0.0 1 0.017103195190429688
0.64 24 0.13823794321886324 2 0.050684452056884766
0.64 25 0.0031302004405757995 2 0.052011966705322266
0.64 26 -0.006214703265369533 2 0.05299258232116699
0.64 27 -0.00622269744193054 2 0.051561594009399414
0.64 28 0.0 1 0.017017602920532227
0.64 29 0.025190652854136474 2 0.04738330841064453
0.64 30 0.0 1 0.017000436782836914
0.64 31 0.0 1 0.017011642456054688
0.64 32 0.0 1 0.017006397247314453
0.64 33 0.0 1 0.01705622673034668
0.64 34 -2.6347168394843334e-05 2 0.05231833457946777
0.64 35 0.0 1 0.016002178192138672
0.64 36 0.0 1 0.017027854919433594
0.64 37 0.0 1 0.02100539207458496
0.64 38 0.0 1 0.025003433227539062
0.64 39 0.0 1 0.0180056095123291
0.66 0 0.0 1 0.016003131866455078
0.66 1 0.022444310827320284 2 0.051009178161621094
0.66 2 0.2082375719962338 2 0.04892730712890625
0.66 3 0.0 1 0.016518592834472656
0.66 4 0.006918687525887252 2 0.06453418731689453
0.66 5 0.0 1 0.016002893447875977
0.66 6 0.0 1 0.018013477325439453
0.66 7 -0.006214703265369533 2 0.04791569709777832
0.66 8 -0.006214703265369533 2 0.05461454391479492
0.66 9 -0.002699165606200664 2 0.04951810836791992
0.66 10 0.0 1 0.016523361206054688
0.66 11 -0.00709580060580629 2 0.0490260124206543
0.66 12 0.0 1 0.017000436782836914
0.66 13 0.0 1 0.016112804412841797
0.66 14 0.0 1 0.017004728317260742
0.66 15 -0.007087974007297239 2 0.049011945724487305
0.66 16 0.0 1 0.01804661750793457
0.66 17 0.0 1 0.01600337028503418
0.66 18 0.0 1 0.0160064697265625
0.66 19 0.0 1 0.019015073776245117
0.66 20 0.0 1 0.024576663970947266
0.66 21 0.0 1 0.015532970428466797
0.66 22 0.0 1 0.018054962158203125
0.66 23 0.0 1 0.017113208770751953
0.66 24 0.0 1 0.01703500747680664
0.66 25 0.0 1 0.01701831817626953
0.66 26 0.0 1 0.017003536224365234
0.66 27 0.0 1 0.016004323959350586
0.66 28 0.0 1 0.01600360870361328
0.66 29 0.0 1 0.016010284423828125
0.66 30 0.0 1 0.02589106559753418
0.66 31 0.0 1 0.016104698181152344
0.66 32 0.0 1 0.01645660400390625
0.66 33 -0.00745142114120995 2 0.05001211166381836
0.66 34 0.0 1 0.016523361206054688
0.66 35 0.0 1 0.01600337028503418
0.66 36 0.006918687525887256 2 0.04801011085510254
0.66 37 0.0 1 0.016004323959350586
0.66 38 0.0 1 0.017010211944580078
0.66 39 0.0 1 0.017011165618896484
0.6799999999999999 0 0.0 1 0.017110109329223633
0.6799999999999999 1 0.0 1 0.01668572425842285
0.6799999999999999 2 0.0 1 0.01711130142211914
0.6799999999999999 3 0.0 1 0.0170135498046875
0.6799999999999999 4 0.0 1 0.01700878143310547
0.6799999999999999 5 -2.63471683948446e-05 2 0.048998117446899414
0.6799999999999999 6 -0.004744641425544358 2 0.044019222259521484
0.6799999999999999 7 0.0 1 0.016010522842407227
0.6799999999999999 8 0.0 1 0.016002655029296875
0.6799999999999999 9 0.0 1 0.02103281021118164
0.6799999999999999 10 0.0031116142202525315 2 0.05211973190307617
0.6799999999999999 11 0.0 1 0.017003774642944336
0.6799999999999999 12 -0.0025710628348723473 2 0.04605507850646973
0.6799999999999999 13 0.0006664015477880093 3 0.06664299964904785
0.6799999999999999 14 -0.007095800605806286 2 0.051009416580200195
0.6799999999999999 15 0.0 1 0.016010284423828125
0.6799999999999999 16 0.0 1 0.0169832706451416
0.6799999999999999 17 0.0 1 0.017048358917236328
0.6799999999999999 18 0.0 1 0.01699090003967285
0.6799999999999999 19 0.08985255764231537 2 0.0490574836730957
0.6799999999999999 20 0.0 1 0.01600337028503418
0.6799999999999999 21 -0.0047524596203180666 2 0.04890799522399902
0.6799999999999999 22 0.0 1 0.018005847930908203
0.6799999999999999 23 0.0 1 0.016002655029296875
0.6799999999999999 24 0.0 1 0.01701974868774414
0.6799999999999999 25 0.0 1 0.02398848533630371
0.6799999999999999 26 0.0 1 0.016054391860961914
0.6799999999999999 27 0.0 1 0.0170133113861084
0.6799999999999999 28 0.0 1 0.017004728317260742
0.6799999999999999 29 0.0 1 0.0180056095123291
0.6799999999999999 30 0.0 1 0.022006511688232422
0.6799999999999999 31 0.0 1 0.01706218719482422
0.6799999999999999 32 0.0 1 0.017004966735839844
0.6799999999999999 33 -7.296789450023967e-05 2 0.05002760887145996
0.6799999999999999 34 -0.00725766315873677 2 0.048648834228515625
0.6799999999999999 35 0.0 1 0.01701188087463379
0.6799999999999999 36 0.0 1 0.018004179000854492
0.6799999999999999 37 0.0 1 0.017005443572998047
0.6799999999999999 38 0.0 1 0.01698446273803711
0.6799999999999999 39 0.0 1 0.017004966735839844
0.7 0 0.0 1 0.01603221893310547
0.7 1 0.0 1 0.016003847122192383
0.7 2 -0.006232668508048415 2 0.047653913497924805
0.7 3 0.0031302004405757995 2 0.05199289321899414
0.7 4 0.0 1 0.017926454544067383
0.7 5 -0.007087974007297239 2 0.04701113700866699
0.7 6 0.0 1 0.017003774642944336
0.7 7 0.011342193577143932 2 0.044569969177246094
0.7 8 0.006972991229208091 2 0.04806017875671387
0.7 9 0.0 1 0.017003536224365234
0.7 10 0.0 1 0.016557931900024414
0.7 11 0.0 1 0.02900242805480957
0.7 12 0.0 1 0.016004085540771484
0.7 13 0.0 1 0.021017789840698242
0.7 14 0.0 1 0.017009735107421875
0.7 15 0.0 1 0.0200045108795166
0.7 16 0.0 1 0.02600574493408203
0.7 17 -0.007167360277974162 2 0.04401040077209473
0.7 18 0.0 1 0.016000986099243164
0.7 19 0.011305247736850677 2 0.04917645454406738
0.7 20 0.0 1 0.017003774642944336
0.7 21 0.0 1 0.015970945358276367
0.7 22 0.0 1 0.0170896053314209
0.7 23 0.0 1 0.016202449798583984
0.7 24 0.0 1 0.017012357711791992
0.7 25 -0.007382228726156382 2 0.04600954055786133
0.7 26 0.0 1 0.01701188087463379
0.7 27 0.0 1 0.018023014068603516
0.7 28 0.0 1 0.017000913619995117
0.7 29 -0.0047181676770051955 2 0.04402971267700195
0.7 30 0.0 1 0.016904592514038086
0.7 31 0.0 1 0.02003622055053711
0.7 32 0.0 1 0.017983436584472656
0.7 33 -0.007087974007297234 2 0.047725677490234375
0.7 34 0.0 1 0.01751422882080078
0.7 35 0.0 1 0.017175912857055664
0.7 36 0.0 1 0.017003297805786133
0.7 37 0.0 1 0.01798868179321289
0.7 38 0.0 1 0.016004562377929688
0.7 39 0.0 1 0.01600360870361328
0.72 0 0.0 1 0.017004013061523438
0.72 1 0.0 1 0.01701807975769043
0.72 2 -0.007257663158736768 2 0.05004096031188965
0.72 3 -0.004752459620318068 2 0.04852628707885742
0.72 4 0.0 1 0.024007558822631836
0.72 5 0.0 1 0.01800370216369629
0.72 6 0.0 1 0.018011093139648438
0.72 7 0.0 1 0.017012596130371094
0.72 8 -0.00474464142554436 2 0.05052757263183594
0.72 9 0.0 1 0.022985219955444336
0.72 10 0.0 1 0.017234325408935547
0.72 11 -7.296789450023588e-05 2 0.055010080337524414
0.72 12 0.0 1 0.022101879119873047
0.72 13 0.0 1 0.017003536224365234
0.72 14 0.0 1 0.016004085540771484
0.72 15 0.0 1 0.016004085540771484
0.72 16 0.0 1 0.017003297805786133
0.72 17 0.0 1 0.015993118286132812
0.72 18 0.0 1 0.01710796356201172
0.72 19 0.0 1 0.018011808395385742
0.72 20 0.0 1 0.018019676208496094
0.72 21 0.0 1 0.026004791259765625
0.72 22 0.0 1 0.01700305938720703
0.72 23 0.0 1 0.01801156997680664
0.72 24 0.0 1 0.017271041870117188
0.72 25 0.0 1 0.015990257263183594
0.72 26 0.0 1 0.017004728317260742
0.72 27 0.0 1 0.015945911407470703
0.72 28 0.0 1 0.017004013061523438
0.72 29 0.0 1 0.024003267288208008
0.72 30 0.0 1 0.02200460433959961
0.72 31 0.0 1 0.016175270080566406
0.72 32 0.0 1 0.016155004501342773
0.72 33 0.0 1 0.01700305938720703
0.72 34 -0.007316835269948621 2 0.04723095893859863
0.72 35 0.0 1 0.015003681182861328
0.72 36 0.0 1 0.021007776260375977
0.72 37 0.0 1 0.01600193977355957
0.72 38 -0.007095800605806286 2 0.050980567932128906
0.72 39 0.0 1 0.01601099967956543
0.74 0 0.0 1 0.01700282096862793
0.74 1 0.0 1 0.020003795623779297
0.74 2 -0.006264383055197553 2 0.04961824417114258
0.74 3 0.0 1 0.01902174949645996
0.74 4 0.01191461255978966 2 0.04501152038574219
0.74 5 0.0 1 0.016002893447875977
0.74 6 -0.007095800605806286 2 0.04601001739501953
0.74 7 0.0 1 0.017004728317260742
0.74 8 0.0 1 0.017514705657958984
0.74 9 0.0 1 0.017067432403564453
0.74 10 -0.00709580060580629 2 0.05147194862365723
0.74 11 0.0 1 0.017003774642944336
0.74 12 0.0 1 0.02426886558532715
0.74 13 0.0 1 0.018002986907958984
0.74 14 0.0 1 0.02472662925720215
0.74 15 0.0 1 0.016512393951416016
0.74 16 0.0 1 0.01700448989868164
0.74 17 0.0 1 0.0160980224609375
0.74 18 0.0 1 0.019030332565307617
0.74 19 0.0 1 0.016003847122192383
0.74 20 -0.007208010043984577 2 0.05368494987487793
0.74 21 0.0 1 0.016003847122192383
0.74 22 0.0 1 0.016011476516723633
0.74 23 0.01640406422171718 2 0.0606081485748291
0.74 24 0.01784468874565716 2 0.04703712463378906
0.74 25 -0.007087974007297239 2 0.05554962158203125
0.74 26 0.0 1 0.016004085540771484
0.74 27 0.0 1 0.018627405166625977
0.74 28 0.0 1 0.0180056095123291
0.74 29 0.006918687525887256 2 0.06201362609863281
0.74 30 0.0 1 0.017002582550048828
0.74 31 0.0 1 0.018023252487182617
0.74 32 0.0074822582925728924 2 0.047637939453125
0.74 33 0.0 1 0.023426532745361328
0.74 34 -0.004759806677904526 2 0.04900765419006348
0.74 35 0.0 1 0.02209639549255371
0.74 36 0.0 1 0.020113229751586914
0.74 37 0.0 1 0.022003173828125
0.74 38 0.0 1 0.01700282096862793
0.74 39 0.0 1 0.017002105712890625
0.76 0 0.0 1 0.016998767852783203
0.76 1 0.0 1 0.01800084114074707
0.76 2 0.0 1 0.018004179000854492
0.76 3 0.0 1 0.016004562377929688
0.76 4 0.0 1 0.01658010482788086
0.76 5 0.0 1 0.017733097076416016
0.76 6 -0.00622269744193054 2 0.04961705207824707
0.76 7 0.0 1 0.020003080368041992
0.76 8 -0.002669917868380413 2 0.04403352737426758
0.76 9 0.0 1 0.01651453971862793
0.76 10 0.0 1 0.016971588134765625
0.76 11 0.006918687525887256 2 0.050235748291015625
0.76 12 0.0 1 0.01700448989868164
0.76 13 -0.002716355657025392 2 0.05718636512756348
0.76 14 0.0 1 0.023003101348876953
0.76 15 0.0 1 0.017004966735839844
0.76 16 -0.006232668508048411 2 0.04727745056152344
0.76 17 0.017311171890930753 2 0.04425406455993652
0.76 18 0.0 1 0.01634669303894043
0.76 19 0.0 1 0.017003774642944336
0.76 20 0.0 1 0.017012357711791992
0.76 21 0.0 1 0.023005008697509766
0.76 22 0.0 1 0.01607966423034668
0.76 23 0.0 1 0.021024227142333984
0.76 24 0.0 1 0.028110027313232422
0.76 25 -0.00709580060580629 2 0.05233359336853027
0.76 26 0.0 1 0.023804426193237305
0.76 27 0.0 1 0.017033815383911133
0.76 28 0.0 1 0.01706552505493164
0.76 29 0.0 1 0.017003774642944336
0.76 30 -0.007095800605806286 2 0.04840683937072754
0.76 31 0.0 1 0.017011642456054688
0.76 32 0.0 1 0.017004013061523438
0.76 33 0.0 1 0.019004106521606445
0.76 34 0.0 1 0.025988340377807617
0.76 35 0.0031116142202525315 2 0.05091691017150879
0.76 36 0.0 1 0.023076534271240234
0.76 37 0.0 1 0.02388286590576172
0.76 38 -0.004759806677904526 2 0.04800915718078613
0.76 39 0.0 1 0.0180056095123291
0.78 0 0.0 1 0.02547597885131836
0.78 1 0.0 1 0.01701068878173828
0.78 2 0.0 1 0.016002893447875977
0.78 3 -0.004757408881161006 2 0.051154375076293945
0.78 4 0.0 1 0.0170133113861084
0.78 5 0.0 1 0.0171048641204834
0.78 6 0.0 1 0.017493247985839844
0.78 7 -0.002571062834872341 2 0.047531843185424805
0.78 8 0.0 1 0.016778945922851562
0.78 9 0.007251252123963766 2 0.05851268768310547
0.78 10 0.0 1 0.019024372100830078
0.78 11 -0.004733451673058682 2 0.055014848709106445
0.78 12 0.0 1 0.01605701446533203
0.78 13 0.0 1 0.017003774642944336
0.78 14 -0.006216703168904775 2 0.05103588104248047
0.78 15 0.0 1 0.016008377075195312
0.78 16 0.0 1 0.017050504684448242
0.78 17 0.0 1 0.01752448081970215
0.78 18 -9.596978568711006e-05 2 0.047067880630493164
0.78 19 0.0 1 0.01709914207458496
0.78 20 0.0 1 0.017008304595947266
0.78 21 -0.007087974007297234 2 0.0531771183013916
0.78 22 0.0 1 0.017003774642944336
0.78 23 0.0 1 0.016959190368652344
0.78 24 0.0 1 0.020001649856567383
0.78 25 0.0 1 0.016010522842407227
0.78 26 0.0 1 0.024033069610595703
0.78 27 0.0 1 0.017003774642944336
0.78 28 -0.007135304434062246 2 0.06152844429016113
0.78 29 -7.296789450023588e-05 2 0.05008840560913086
0.78 30 -0.0027163556570253943 2 0.054302215576171875
0.78 31 0.0 1 0.01601123809814453
0.78 32 0.0 1 0.018157958984375
0.78 33 0.0 1 0.017396211624145508
0.78 34 -0.007395912080913929 2 0.05203819274902344
0.78 35 0.0 1 0.023021459579467773
0.78 36 0.0 1 0.023171663284301758
0.78 37 0.0 1 0.016005277633666992
0.78 38 0.0 1 0.019003629684448242
0.78 39 0.0 1 0.017003774642944336
0.8 0 0.0 1 0.01700878143310547
0.8 1 0.0 1 0.01692652702331543
0.8 2 0.0 1 0.016840457916259766
0.8 3 0.0 1 0.016015291213989258
0.8 4 0.0 1 0.02800297737121582
0.8 5 -0.004757408881161006 2 0.05163288116455078
0.8 6 -0.002716355657025392 2 0.044008731842041016
0.8 7 0.0 1 0.016066312789916992
0.8 8 -0.00709580060580629 2 0.06101274490356445
0.8 9 0.0 1 0.01700305938720703
0.8 10 0.0 1 0.018002986907958984
0.8 11 0.0 1 0.022100448608398438
0.8 12 -0.002669917868380413 2 0.06502413749694824
0.8 13 0.0 1 0.01700305938720703
0.8 14 0.0 1 0.0250244140625
0.8 15 0.0 1 0.019012451171875
0.8 16 0.0 1 0.01614546775817871
0.8 17 0.0 1 0.01800394058227539
0.8 18 0.0 1 0.016005277633666992
0.8 19 0.0 1 0.016512632369995117
0.8 20 -0.00624658269484512 2 0.04713249206542969
0.8 21 0.0 1 0.01797771453857422
0.8 22 0.0 1 0.025005817413330078
0.8 23 -0.004759806677904526 2 0.06201624870300293
0.8 24 0.0 1 0.02100396156311035
0.8 25 0.0 1 0.0170133113861084
0.8 26 0.0031864268995741157 2 0.05014491081237793
0.8 27 -0.006371669498101587 2 0.055970191955566406
0.8 28 0.0 1 0.01700448989868164
0.8 29 -9.596978568711384e-05 2 0.0546717643737793
0.8 30 0.016899851636435252 2 0.0490117073059082
0.8 31 0.0 1 0.016577482223510742
0.8 32 0.0 1 0.016002893447875977
0.8 33 0.0 1 0.01701045036315918
0.8 34 0.0 1 0.017004013061523438
0.8 35 0.0 1 0.017005443572998047
0.8 36 0.0 1 0.019002914428710938
0.8 37 0.0 1 0.016017675399780273
0.8 38 0.0 1 0.016989946365356445
0.8 39 0.0 1 0.017006874084472656
0.82 0 0.0 1 0.01700425148010254
0.82 1 -0.004697794226801299 2 0.05503034591674805
0.82 2 0.0 1 0.017005205154418945
0.82 3 0.0 1 0.01700282096862793
0.82 4 0.0 1 0.016641855239868164
0.82 5 0.0 1 0.01600337028503418
0.82 6 0.0 1 0.01703619956970215
0.82 7 0.0 1 0.018004179000854492
0.82 8 0.0 1 0.01700305938720703
0.82 9 0.0 1 0.017003536224365234
0.82 10 0.0 1 0.027001142501831055
0.82 11 0.0 1 0.01600503921508789
0.82 12 0.0 1 0.018911361694335938
0.82 13 0.0 1 0.020003318786621094
0.82 14 0.0 1 0.016002655029296875
0.82 15 0.0 1 0.018013954162597656
0.82 16 0.0 1 0.018167734146118164
0.82 17 0.0 1 0.017092466354370117
0.82 18 0.0 1 0.017503976821899414
0.82 19 0.0031116142202525315 2 0.053520917892456055
0.82 20 -0.006264383055197559 2 0.05858111381530762
0.82 21 0.0 1 0.016008377075195312
0.82 22 0.0 1 0.016003131866455078
0.82 23 0.0 1 0.01703166961669922
0.82 24 0.0 1 0.017002582550048828
0.82 25 0.0 1 0.01600360870361328
0.82 26 -0.006264383055197559 2 0.047011375427246094
0.82 27 0.0 1 0.017020225524902344
0.82 28 0.0 1 0.027005434036254883
0.82 29 0.0 1 0.016002655029296875
0.82 30 0.0 1 0.01600193977355957
0.82 31 0.0 1 0.018216371536254883
0.82 32 0.0 1 0.016003131866455078
0.82 33 0.0 1 0.01702427864074707
0.82 34 -0.00474464142554436 2 0.04999065399169922
0.82 35 0.0 1 0.01809215545654297
0.82 36 0.0 1 0.016002178192138672
0.82 37 0.0 1 0.01702141761779785
0.82 38 0.008624265275796435 2 0.052011966705322266
0.82 39 0.0 1 0.016010522842407227
0.84 0 0.0 1 0.017018795013427734
0.84 1 0.016599994762068547 2 0.06357264518737793
0.84 2 0.0 1 0.01600360870361328
0.84 3 0.0 1 0.017984390258789062
0.84 4 0.0 1 0.017004013061523438
0.84 5 0.0 1 0.017022371292114258
0.84 6 0.0 1 0.01700305938720703
0.84 7 -0.00463594324355469 2 0.05501413345336914
0.84 8 0.0 1 0.0180051326751709
0.84 9 0.0 1 0.026005983352661133
0.84 10 0.0 1 0.02076268196105957
0.84 11 0.0 1 0.016943693161010742
0.84 12 0.0031302004405757995 2 0.06801557540893555
0.84 13 0.011342193577143932 2 0.04501152038574219
0.84 14 -0.006222697441930538 2 0.060029029846191406
0.84 15 0.0 1 0.018929243087768555
0.84 16 0.0 1 0.018004179000854492
0.84 17 0.0 1 0.017002105712890625
0.84 18 -0.004733451673058682 2 0.055024147033691406
0.84 19 -0.004733451673058678 2 0.05008840560913086
0.84 20 -0.0026991656062006616 2 0.050171852111816406
0.84 21 0.0 1 0.017983198165893555
0.84 22 0.0 1 0.028004884719848633
0.84 23 0.0 1 0.01700592041015625
0.84 24 0.0 1 0.017017841339111328
0.84 25 0.0 1 0.022004365921020508
0.84 26 0.0 1 0.017009258270263672
0.84 27 -0.002406328676767375 2 0.04607439041137695
0.84 28 0.0 1 0.016884326934814453
0.84 29 0.0 1 0.017002582550048828
0.84 30 0.0 1 0.016001462936401367
0.84 31 0.0 1 0.01900315284729004
0.84 32 0.0 1 0.018571853637695312
0.84 33 0.0 1 0.017032623291015625
0.84 34 0.0 1 0.018002748489379883
0.84 35 0.0 1 0.020100831985473633
0.84 36 0.0 1 0.02698493003845215
0.84 37 -0.006222697441930538 2 0.05003809928894043
0.84 38 0.0 1 0.016983509063720703
0.84 39 0.0 1 0.018030881881713867
0.86 0 -0.007135304434062246 2 0.05113053321838379
0.86 1 0.0 1 0.0170440673828125
0.86 2 0.0 1 0.01700735092163086
0.86 3 0.0036006010786269176 2 0.05002450942993164
0.86 4 0.0 1 0.01707291603088379
0.86 5 0.0 1 0.017012834548950195
0.86 6 0.0 1 0.01700282096862793
0.86 7 -0.006232668508048411 2 0.051017045974731445
0.86 8 0.0 1 0.017328739166259766
0.86 9 0.0 1 0.01500391960144043
0.86 10 0.0 1 0.017004013061523438
0.86 11 0.0 1 0.017001867294311523
0.86 12 0.0 1 0.017032146453857422
0.86 13 0.02188603835415074 2 0.055048465728759766
0.86 14 0.0 1 0.0200040340423584
0.86 15 -0.006222697441930538 2 0.05802130699157715
0.86 16 0.0 1 0.024004459381103516
0.86 17 0.0 1 0.01800084114074707
0.86 18 -0.007382228726156382 2 0.05001187324523926
0.86 19 4.516136592730618e-05 2 0.049192190170288086
0.86 20 0.0 1 0.019109249114990234
0.86 21 0.0 1 0.017003536224365234
0.86 22 0.0 1 0.01700615882873535
0.86 23 -0.0047598066779045295 2 0.04894614219665527
0.86 24 0.0 1 0.01801443099975586
0.86 25 0.0031302004405757995 2 0.05401182174682617
0.86 26 0.0 1 0.016004323959350586
0.86 27 0.0 1 0.017004966735839844
0.86 28 -0.0046709871961058864 2 0.04857134819030762
0.86 29 0.0 1 0.016999006271362305
0.86 30 0.0 1 0.020004749298095703
0.86 31 -0.007418888696574006 2 0.07405209541320801
0.86 32 0.0 1 0.015985727310180664
0.86 33 0.0 1 0.017052888870239258
0.86 34 0.0036006010786269176 2 0.04702949523925781
0.86 35 0.0 1 0.023014545440673828
0.86 36 0.0 1 0.026005983352661133
0.86 37 0.0 1 0.017019033432006836
0.86 38 0.0 1 0.016003847122192383
0.86 39 0.0 1 0.01700305938720703
0.88 0 0.0 1 0.016521215438842773
0.88 1 0.0 1 0.017005443572998047
0.88 2 0.0 1 0.017003297805786133
0.88 3 0.0 1 0.017004013061523438
0.88 4 0.0 1 0.017033815383911133
0.88 5 0.0 1 0.017039775848388672
0.88 6 0.0 1 0.01803135871887207
0.88 7 0.0 1 0.015978097915649414
0.88 8 0.0 1 0.02300429344177246
0.88 9 0.0 1 0.019003868103027344
0.88 10 0.0 1 0.016127586364746094
0.88 11 0.0 1 0.01900458335876465
0.88 12 0.05036199155169083 2 0.05067873001098633
0.88 13 0.0 1 0.020002365112304688
0.88 14 0.0 1 0.026006221771240234
0.88 15 0.0 1 0.015540838241577148
0.88 16 0.0 1 0.026004552841186523
0.88 17 0.0 1 0.02202916145324707
0.88 18 -0.00745142114120995 2 0.04763984680175781
0.88 19 0.0 1 0.01600360870361328
0.88 20 0.0 1 0.017003297805786133
0.88 21 -0.004757408881161006 2 0.05844879150390625
0.88 22 0.0 1 0.016002178192138672
0.88 23 -0.007095800605806286 2 0.0579986572265625
0.88 24 0.0 1 0.0200042724609375
0.88 25 0.0 1 0.01900482177734375
0.88 26 0.0 1 0.01691889762878418
0.88 27 -0.00622269744193054 2 0.04962015151977539
0.88 28 0.0 1 0.01702094078063965
0.88 29 0.0 1 0.017517805099487305
0.88 30 0.0 1 0.01703023910522461
0.88 31 0.0 1 0.021004676818847656
0.88 32 -0.007208010043984577 2 0.056699514389038086
0.88 33 0.0 1 0.018033266067504883
0.88 34 0.0 1 0.017002344131469727
0.88 35 0.0 1 0.024023771286010742
0.88 36 -0.007208010043984582 2 0.050901174545288086
0.88 37 0.003186426899574113 2 0.05261039733886719
0.88 38 0.0 1 0.020041704177856445
0.88 39 0.0 1 0.017003774642944336
0.9 0 0.0 1 0.017002582550048828
0.9 1 0.030503097584960656 2 0.06351351737976074
0.9 2 0.0 1 0.01600360870361328
0.9 3 -0.004733451673058682 2 0.06601834297180176
0.9 4 0.0 1 0.016004085540771484
0.9 5 0.0 1 0.02102947235107422
0.9 6 0.0 1 0.018004179000854492
0.9 7 0.0 1 0.017474651336669922
0.9 8 0.0 1 0.016989707946777344
0.9 9 0.0 1 0.01699090003967285
0.9 10 0.03525720788247883 2 0.05301237106323242
0.9 11 0.0 1 0.01600503921508789
0.9 12 0.0 1 0.018001556396484375
0.9 13 -0.004757408881161006 2 0.04729413986206055
0.9 14 0.0 1 0.01702594757080078
0.9 15 0.0 1 0.017032146453857422
0.9 16 -0.007095800605806286 2 0.05051016807556152
0.9 17 0.0 1 0.01851630210876465
0.9 18 0.0 1 0.017003536224365234
0.9 19 -0.00622269744193054 2 0.048059940338134766
0.9 20 0.0 1 0.017000198364257812
0.9 21 0.0 1 0.017004728317260742
0.9 22 0.0 1 0.01900506019592285
0.9 23 0.0 1 0.025007009506225586
0.9 24 0.0 1 0.0180056095123291
0.9 25 0.0 1 0.018003463745117188
0.9 26 -0.007095800605806286 2 0.051073551177978516
0.9 27 -0.007111527585898864 2 0.04401040077209473
0.9 28 -0.0062465826948451195 2 0.05842947959899902
0.9 29 0.0 1 0.017021656036376953
0.9 30 0.0 1 0.016004562377929688
0.9 31 0.0 1 0.0170590877532959
0.9 32 -0.004759806677904526 2 0.050013065338134766
0.9 33 0.0 1 0.016002893447875977
0.9 34 -7.296789450023588e-05 2 0.04999351501464844
0.9 35 0.0 1 0.017139911651611328
0.9 36 0.001180378765066521 2 0.06501364707946777
0.9 37 0.0 1 0.01620626449584961
0.9 38 0.0 1 0.01700282096862793
0.9 39 0.0 1 0.018004179000854492
0.92 0 0.0 1 0.017005443572998047
0.92 1 0.0 1 0.01652669906616211
0.92 2 0.0 1 0.016021728515625
0.92 3 -7.296789450023588e-05 2 0.04808664321899414
0.92 4 0.0 1 0.017267704010009766
0.92 5 0.0 1 0.01952672004699707
0.92 6 0.0 1 0.017001628875732422
0.92 7 0.0 1 0.016002178192138672
0.92 8 0.0004333705665455986 2 0.05910921096801758
0.92 9 0.0 1 0.01622915267944336
0.92 10 0.0 1 0.01602458953857422
0.92 11 -0.007111527585898865 2 0.0552363395690918
0.92 12 -0.002669917868380413 2 0.054033756256103516
0.92 13 0.0 1 0.026886463165283203
0.92 14 0.0 1 0.017003774642944336
0.92 15 0.0 1 0.016573667526245117
0.92 16 0.0 1 0.0190274715423584
0.92 17 0.0 1 0.016418933868408203
0.92 18 0.0 1 0.016980409622192383
0.92 19 0.0 1 0.016004562377929688
0.92 20 0.0 1 0.018001317977905273
0.92 21 0.0 1 0.016130447387695312
0.92 22 0.0 1 0.017031192779541016
0.92 23 0.0 1 0.01700425148010254
0.92 24 0.0 1 0.01600360870361328
0.92 25 0.0 1 0.016091108322143555
0.92 26 0.0 1 0.017003297805786133
0.92 27 0.0 1 0.018004894256591797
0.92 28 -0.0047598066779045295 2 0.05693864822387695
0.92 29 0.0 1 0.019173383712768555
0.92 30 0.0 1 0.02354741096496582
0.92 31 0.0 1 0.017009496688842773
0.92 32 0.0 1 0.01700425148010254
0.92 33 0.0 1 0.017160415649414062
0.92 34 0.0 1 0.017003774642944336
0.92 35 0.0 1 0.016021728515625
0.92 36 0.0 1 0.01746511459350586
0.92 37 0.0032817231214741917 2 0.04501676559448242
0.92 38 -0.007167360277974162 2 0.049549102783203125
0.92 39 -0.0078790503681582 2 0.05007171630859375
0.94 0 0.0 1 0.017002582550048828
0.94 1 0.0006338160899178971 2 0.05488228797912598
0.94 2 -0.007135304434062246 2 0.04875612258911133
0.94 3 0.0 1 0.015997886657714844
0.94 4 -0.007208010043984577 2 0.05400872230529785
0.94 5 0.0 1 0.017003297805786133
0.94 6 0.0 1 0.0169830322265625
0.94 7 0.0 1 0.020328760147094727
0.94 8 0.0 1 0.01744556427001953
0.94 9 -0.007111527585898865 2 0.056199073791503906
0.94 10 0.0 1 0.021012306213378906
0.94 11 -0.0047524596203180666 2 0.04835152626037598
0.94 12 0.0 1 0.017109155654907227
0.94 13 0.006918687525887256 2 0.05622744560241699
0.94 14 0.0 1 0.017068147659301758
0.94 15 0.0 1 0.016518115997314453
0.94 16 0.0 1 0.018005847930908203
0.94 17 0.0 1 0.016004323959350586
0.94 18 0.006918687525887252 2 0.05498957633972168
0.94 19 0.0 1 0.01600360870361328
0.94 20 0.0 1 0.022010087966918945
0.94 21 -0.007208010043984577 2 0.056116580963134766
0.94 22 0.0 1 0.016019105911254883
0.94 23 0.0 1 0.02310776710510254
0.94 24 0.0 1 0.01700305938720703
0.94 25 0.0 1 0.016002893447875977
0.94 26 0.0 1 0.016052961349487305
0.94 27 0.0 1 0.016019344329833984
0.94 28 0.0 1 0.017003774642944336
0.94 29 0.0 1 0.017005443572998047
0.94 30 0.0 1 0.023056745529174805
0.94 31 -0.006285977982105746 2 0.04312849044799805
0.94 32 0.0 1 0.02100682258605957
0.94 33 -0.006222697441930538 2 0.06214141845703125
0.94 34 0.0 1 0.023517608642578125
0.94 35 0.0 1 0.01498270034790039
0.94 36 0.0 1 0.022005081176757812
0.94 37 0.011342193577143932 2 0.05151724815368652
0.94 38 0.0 1 0.016025066375732422
0.94 39 0.03488984595630042 2 0.05212211608886719
0.96 0 0.0 1 0.016524314880371094
0.96 1 0.0 1 0.01900458335876465
0.96 2 -0.00215107555139669 2 0.05596804618835449
0.96 3 0.0 1 0.02096247673034668
0.96 4 -0.004752459620318068 2 0.05512070655822754
0.96 5 0.0 1 0.016980409622192383
0.96 6 0.0 1 0.016003847122192383
0.96 7 -0.006216703168904773 2 0.05812573432922363
0.96 8 0.0 1 0.01800394058227539
0.96 9 0.0 1 0.022003889083862305
0.96 10 0.0 1 0.02300548553466797
0.96 11 0.0 1 0.01801443099975586
0.96 12 -0.002722026941161995 2 0.049013614654541016
0.96 13 0.0 1 0.018011808395385742
0.96 14 0.0 1 0.017649173736572266
0.96 15 0.003832911697794996 2 0.04880356788635254
0.96 16 0.0 1 0.017016887664794922
0.96 17 0.0 1 0.017139434814453125
0.96 18 0.0 1 0.017003774642944336
0.96 19 0.0 1 0.017010927200317383
0.96 20 -0.007087974007297234 2 0.05849170684814453
0.96 21 0.0 1 0.023180723190307617
0.96 22 0.0 1 0.017008543014526367
0.96 23 0.0 1 0.017002105712890625
0.96 24 0.0 1 0.01700282096862793
0.96 25 0.0 1 0.016002416610717773
0.96 26 0.0 1 0.021004915237426758
0.96 27 0.0 1 0.024005413055419922
0.96 28 0.0 1 0.016003131866455078
0.96 29 0.016307264747368197 2 0.05204439163208008
0.96 30 0.0 1 0.017000675201416016
0.96 31 0.0 1 0.02000284194946289
0.96 32 0.0 1 0.02702164649963379
0.96 33 0.0 1 0.018004417419433594
0.96 34 -0.007493889515784818 2 0.04700946807861328
0.96 35 0.0 1 0.01600337028503418
0.96 36 0.0 1 0.01800394058227539
0.96 37 0.0 1 0.016022205352783203
0.96 38 -0.006222697441930538 2 0.04503989219665527
0.96 39 0.0 1 0.01800394058227539
0.98 0 0.0 1 0.01600360870361328
0.98 1 0.0 1 0.015329122543334961
0.98 2 0.0070829321655637816 2 0.0449979305267334
0.98 3 0.0 1 0.016022682189941406
0.98 4 -0.0008941164967776812 3 0.05563020706176758
0.98 5 0.0 1 0.017052412033081055
0.98 6 0.0 1 0.017004728317260742
0.98 7 -0.004718167677005191 2 0.05534195899963379
0.98 8 0.0 1 0.01600193977355957
0.98 9 -0.006735596678554706 3 0.05812549591064453
0.98 10 0.0 1 0.016681909561157227
0.98 11 0.0 1 0.017009258270263672
0.98 12 0.0 1 0.01699233055114746
0.98 13 -0.007135304434062246 2 0.05299115180969238
0.98 14 0.0 1 0.01800394058227539
0.98 15 0.0 1 0.016546249389648438
0.98 16 0.0 1 0.016004085540771484
0.98 17 -0.006216703168904775 2 0.04764509201049805
0.98 18 0.0 1 0.017125844955444336
0.98 19 0.0 1 0.018039941787719727
0.98 20 0.0 1 0.016004562377929688
0.98 21 0.0 1 0.01600503921508789
0.98 22 0.0 1 0.01713109016418457
0.98 23 0.0 1 0.017159700393676758
0.98 24 0.004122300106534145 2 0.04814338684082031
0.98 25 0.0 1 0.016004085540771484
0.98 26 0.0 1 0.01600337028503418
0.98 27 0.0 1 0.016008853912353516
0.98 28 0.0 1 0.017004013061523438
0.98 29 0.0 1 0.016008853912353516
0.98 30 -0.0026276787726500564 2 0.048422813415527344
0.98 31 0.0 1 0.017031431198120117
0.98 32 0.0 1 0.015177488327026367
0.98 33 0.0 1 0.018001317977905273
0.98 34 0.0 1 0.016998767852783203
0.98 35 -0.007382228726156379 2 0.046243906021118164
0.98 36 0.006972991229208091 2 0.046010732650756836
0.98 37 -0.007208010043984582 2 0.052585601806640625
0.98 38 0.0 1 0.017004966735839844
0.98 39 0.0 1 0.017009735107421875
1.0 0 -0.004757408881161006 2 0.04774951934814453
1.0 1 0.0 1 0.017046451568603516
1.0 2 -0.004759806677904526 2 0.04613304138183594
1.0 3 0.0 1 0.01598811149597168
1.0 4 0.0 1 0.018111228942871094
1.0 5 -0.0026276787726500564 2 0.04462623596191406
1.0 6 0.0 1 0.017004013061523438
1.0 7 -0.007087974007297239 2 0.0447385311126709
1.0 8 0.0 1 0.016988754272460938
1.0 9 -0.0026991656062006616 2 0.049391984939575195
1.0 10 0.0 1 0.016065597534179688
1.0 11 0.028101278776331846 2 0.04837751388549805
1.0 12 0.0 1 0.01603555679321289
1.0 13 0.0 1 0.01600360870361328
1.0 14 0.0 1 0.017049551010131836
1.0 15 0.0 1 0.017003774642944336
1.0 16 0.0 1 0.016146421432495117
1.0 17 0.0 1 0.016012907028198242
1.0 18 0.0 1 0.01752614974975586
1.0 19 0.0 1 0.016042709350585938
1.0 20 0.0 1 0.017002582550048828
1.0 21 -0.007167360277974162 2 0.04895472526550293
1.0 22 0.0 1 0.017010927200317383
1.0 23 -0.007493889515784818 2 0.04501032829284668
1.0 24 0.0 1 0.017003536224365234
1.0 25 0.0 1 0.016025304794311523
1.0 26 0.0 1 0.018003225326538086
1.0 27 0.0 1 0.017004728317260742
1.0 28 0.0 1 0.016178607940673828
1.0 29 0.0 1 0.01611161231994629
1.0 30 0.0 1 0.016088008880615234
1.0 31 0.0001435524567571585 2 0.053771257400512695
1.0 32 0.0 1 0.017205238342285156
1.0 33 0.0 1 0.016006946563720703
1.0 34 0.0 1 0.016589641571044922
1.0 35 0.0 1 0.017989635467529297
1.0 36 0.0 1 0.01698470115661621
1.0 37 -0.00475740888116101 2 0.04614448547363281
1.0 38 -0.006339900068651729 2 0.04607534408569336
1.0 39 0.0 1 0.01601433753967285
