0.4 0 0.3476483179919814 2 6171.841503620148
0.4 1 0.3345616623027919 2 5965.386518716812
0.4 2 0.3304608265944669 2 6066.884296417236
0.402 0 0.33742497873028 2 6192.077562093735
0.402 1 0.3216075737898803 2 6460.7378215789795
0.402 2 0.3263700953460352 2 6354.457938671112
0.404 0 0.33081989124112077 2 6430.179485082626
0.404 1 0.3244500942291072 2 6340.837238311768
0.404 2 0.32019865225051936 2 6366.788760900497
0.406 0 0.325409152729839 2 6414.525346517563
0.406 1 0.30782260106786524 2 6384.417220115662
0.406 2 0.3166365096973146 2 6572.7975351810455
0.41200000000000003 0 0.3061124622498612 2 6674.290215015411
0.41200000000000003 1 0.28656958495366674 2 6561.794102430344
0.41200000000000003 2 0.29420831355784755 2 7285.769343852997
0.41400000000000003 0 0.2901535175774559 2 6991.3833265304565
0.41400000000000003 1 0.28410217355615386 2 6810.545231103897
0.41400000000000003 2 0.2848395473740642 2 6761.316858530045
0.41000000000000003 0 0.3091643990401366 2 7391.619158029556
0.41000000000000003 1 0.305044478615502 2 6712.301421165466
0.41000000000000003 2 0.30011899802238434 2 6591.587634801865
0.40800000000000003 0 0.31772592610411876 2 6937.7414174079895
0.40800000000000003 1 0.3098762122969159 2 7035.6270089149475
0.40800000000000003 2 0.30894775795807594 2 7044.22753405571
0.41600000000000004 0 0.27202969106539326 2 7003.959318161011
0.41600000000000004 1 0.28708126800472733 2 7372.977421998978
0.41600000000000004 2 0.2793258244538544 2 7140.781118392944
0.41800000000000004 0 0.2647263671938252 2 7426.365643262863
0.41800000000000004 1 0.2780621114730772 2 7658.369232177734
0.41800000000000004 2 0.2711772213714641 2 7263.47523021698
0.42000000000000004 0 0.25267976717831026 2 8074.2794144153595
0.42000000000000004 1 0.2550098222447834 2 7915.522756099701
0.42000000000000004 2 0.2659583540427768 2 7286.053621530533
0.42200000000000004 0 0.2470631583986771 2 8253.609894752502
0.42200000000000004 1 0.24880243948277303 2 7622.687521696091
0.42200000000000004 2 0.2606171743387166 2 7333.974143505096
0.42400000000000004 0 0.2409113480076749 2 7693.489118814468
0.42400000000000004 1 0.245169422572574 2 7530.412860393524
0.42400000000000004 2 0.254254756066548 2 7587.504315137863
0.428 0 0.22547285380195758 2 7587.097009420395
0.428 1 0.23492413095652007 2 8139.285875320435
0.428 2 0.24066942110016276 2 7498.677232980728
0.42600000000000005 0 0.23503629585613464 2 8088.139655828476
0.42600000000000005 1 0.23425410120545556 2 7950.9412178993225
0.42600000000000005 2 0.2461403906238023 2 7530.3680918216705
0.43 0 0.21936562723669398 2 8173.423929929733
0.43 1 0.22243539056366893 2 8727.926086425781
0.43 2 0.23287601378953274 2 7658.137019634247
0.432 0 0.2099122538526219 2 8288.69214439392
0.432 1 0.2276771801945701 2 8054.73964881897
0.432 2 0.22518075895666895 2 7962.541995048523
0.434 0 0.2039451066437304 2 9953.36050438881
0.434 1 0.20666637146379932 2 8129.367878913879
0.434 2 0.22081004538756874 2 7875.116081953049
0.436 0 0.20174069682751047 2 10238.226788282394
0.436 1 0.2093565759107388 2 8384.479717731476
0.436 2 0.21363946893732533 2 8033.8689839839935
0.438 0 0.1939281558535868 2 10670.182827234268
0.438 1 0.2020733575645962 2 8511.377133846283
0.438 2 0.20234911478475356 2 8130.655426025391
0.44 0 0.17823458300736833 2 10518.769285202026
0.44 1 0.1824240411400172 2 8696.73848414421
0.44 2 0.1969954795346321 2 8222.947531223297
0.442 0 0.1694291361031707 2 10298.135080575943
0.442 1 0.17825714734891937 2 8708.984869241714
0.442 2 0.1901893961801783 2 8261.239855766296
0.446 0 0.16911851705804062 2 9361.045311689377
0.446 1 0.17449542318512568 2 9586.027240037918
0.446 2 0.17923385576710993 2 9824.662026405334
0.444 0 0.17613297798543529 2 12551.738968849182
0.444 1 0.18061783713985705 2 9442.414671897888
0.444 2 0.18456044701253985 2 8635.841194152832
0.448 0 0.16446024408340135 2 10080.400208234787
0.448 1 0.18460944981433755 2 9571.870790243149
0.448 2 0.17943483162169216 2 9802.528825759888
0.45 0 0.15022236674798278 2 11229.495387554169
0.45 1 0.16106168560220518 2 10573.2181494236
0.45 2 0.17485055283086606 2 9734.930898189545
0.452 0 0.14307956439655958 2 10586.985327005386
0.452 1 0.15115184924404398 2 10769.0862865448
0.452 2 0.1684434664300801 2 9921.016689062119
0.454 0 0.1387800950617373 2 10885.83141708374
0.454 1 0.14425649701261137 2 11841.876745700836
0.454 2 0.16106487434317382 2 10711.100828409195
0.456 0 0.14254931985492317 2 11863.957170009613
0.456 1 0.15518800944104263 2 11061.208646535873
0.456 2 0.15283500517773926 2 11359.878400087357
0.458 0 0.1319500753293291 2 12671.73375082016
0.458 1 0.1334640640108156 2 11700.408157110214
0.458 2 0.14312834386600548 2 11297.839052915573
0.46 0 0.1303235911809374 2 12532.861255645752
0.46 1 0.13665750087294565 2 11724.661983013153
0.46 2 0.1348253912398856 2 12446.411703586578
0.462 0 0.12288441826373035 2 13576.88353228569
0.462 1 0.12330094591919204 2 11041.475670099258
0.462 2 0.1280958534291035 2 12598.558536052704
0.464 0 0.1251832372071034 2 12648.296498060226
0.464 1 0.11589457794812362 2 14051.394711494446
0.464 2 0.11573509689760542 2 14006.187512397766
0.468 0 0.12272523331740678 2 11720.803919315338
0.468 1 0.09516297214235579 2 13406.66773033142
0.468 2 0.10337528746925137 2 13733.440510988235
0.466 0 0.11550057082231059 2 15519.055753469467
0.466 1 0.11230533432281703 2 13554.880988836288
0.466 2 0.10815656826127219 2 13190.223280191422
0.47000000000000003 0 0.10588374765551452 2 13458.174597978592
0.47000000000000003 1 0.10104291259827693 2 14495.133198022842
0.47000000000000003 2 0.0994452762326749 2 15133.707175016403
0.472 0 0.11696126545347983 2 12220.456728696823
0.472 1 0.0838350897044957 2 14878.32746720314
0.472 2 0.09483998273086805 2 15667.223895788193
0.474 0 0.09161970740267483 2 13588.65054011345
0.474 1 0.08870474310606091 2 15609.497591733932
0.474 2 0.08707968448178939 2 15560.22969675064
0.476 0 0.08447647848673494 2 15691.764450788498
0.476 1 0.08451230560039778 2 15683.570491313934
0.476 2 0.07825662608999989 2 15802.57172703743
0.478 0 0.08342647357692226 2 15650.37408566475
0.478 1 0.07722290020680109 2 15621.05914568901
0.478 2 0.07009026811542386 2 15724.541476488113
0.48 0 0.0495405699337962 2 15820.043234825134
0.48 1 0.07138483126640995 2 13949.19419670105
0.48 2 0.05174167436259217 2 15839.399328947067
0.482 0 0.037945049624215764 2 15771.387174844742
0.482 1 0.06771327843714364 2 15811.349037647247
0.482 2 0.04971605284393332 2 15705.473983287811
0.484 0 0.04418072956164618 2 15891.581623792648
0.484 1 0.06302671990584313 2 15071.76228427887
0.484 2 0.044711822049125174 2 15802.69376707077
0.486 0 0.010681552729149545 2 15840.496548175812
0.486 1 0.05826978962818113 2 15690.746235847473
0.486 2 0.008860894929301035 2 15754.84856891632
0.488 0 0.010296242015885105 2 15756.25862979889
0.488 1 0.05630460229975424 2 15587.093723773956
0.488 2 0.00024746321726657356 2 15632.518934488297
0.49 0 0.036458214416264775 2 15577.118043422699
0.49 1 0.051925390540837585 2 15536.55855846405
0.49 2 0.0084484656782244 2 15576.7894821167
0.492 0 0.03678806596568733 2 15695.960107564926
0.492 1 0.04793304375273833 2 15642.71970319748
0.492 2 0.011544335916760708 2 15673.81459736824
0.494 0 0.013677741847410232 2 15750.648601531982
0.494 1 0.04854031488946957 2 15701.150894403458
0.494 2 0.007873056014893721 2 15773.72412109375
0.496 0 0.023793323796646452 2 15782.502520561218
0.496 1 0.0012448150216499729 2 15714.703741073608
0.496 2 0.03982409805735448 2 15764.702865362167
0.498 0 0.014930577347989082 2 15675.939974069595
0.498 1 8.568864704963213e-05 2 15619.446840763092
0.498 2 0.038369837623921633 2 15694.597591876984
0.5 0 -2.0966018603774166e-05 2 15811.428111553192
0.5 1 0.002804781899707007 2 15681.062837600708
0.5 2 0.034259613510146676 2 15698.013552188873
0.502 0 0.0008067528128599869 2 15790.013661384583
0.502 1 0.0030196582371909133 2 15726.227828502655
0.502 2 0.02957565994758646 2 15723.305224180222
0.504 0 0.0013145375079868591 2 15643.486013412476
0.504 1 0.00014410253878416728 2 15623.952491998672
0.504 2 0.026529826881716727 2 15648.530823230743
0.506 0 0.013219463799372446 2 15567.103101015091
0.506 1 0.0005743926587792108 2 15548.081404924393
0.506 2 0.01748235350355363 2 15685.77792596817
0.508 0 0.0003687331730241939 2 15716.87876033783
0.508 1 0.003146371324754739 2 15807.4812541008
0.508 2 0.015295326966120015 2 15783.567431926727
0.51 0 0.006993265757138085 2 15715.587788105011
0.51 1 0.0002645259238772659 2 15646.624680042267
0.51 2 0.007163794945111268 2 15635.064493179321
0.512 0 0.0003336704032448321 2 15780.026097297668
0.512 1 0.001177139096703234 2 15727.459337472916
0.512 2 0.00282882612857434 2 15760.960417985916
0.514 0 0.0006052340533736161 2 15751.25968670845
0.514 1 -1.288629960487305e-05 2 15770.985432624817
0.514 2 0.0034266055267560235 2 15943.354300498962
0.516 0 0.005161952709542299 2 15718.695695877075
0.516 1 0.00017956364899228075 2 15589.556473493576
0.516 2 0.0028958159307797327 2 15692.018142938614
0.518 0 0.00035763283361936286 2 15706.386241197586
0.518 1 8.658675273886583e-06 2 15602.517850399017
0.518 2 0.002883611692565099 2 15706.51928448677
0.52 0 0.003937233998989631 2 15682.067486047745
0.52 1 0.00016528972699053165 2 15577.754818439484
0.52 2 0.0016525082487786758 2 15700.185398817062
0.522 0 0.0034807869275636856 2 15789.655926465988
0.522 1 -2.3889969218184044e-05 2 15663.62472820282
0.522 2 0.001993036645663577 2 15672.332249879837
