0.4 0 0.1529755497451361 2 22.39015507698059
0.4 1 0.15729347985474465 2 26.055001735687256
0.4 2 0.10410085662418185 3 18.373579263687134
0.4 3 0.15656101582239748 2 20.22895050048828
0.4 4 0.16223036342040975 2 17.63346266746521
0.4 5 0.1683953978582086 2 17.967621564865112
0.4 6 0.16431383215927425 2 15.203574895858765
0.4 7 0.16295991108386484 2 22.64867925643921
0.4 8 0.16918776334912247 2 20.594436168670654
0.4 9 0.17040089088123694 2 19.100650787353516
0.4 10 0.10705570295383443 3 19.617732286453247
0.4 11 0.17437513192838447 2 20.278143167495728
0.4 12 0.16514970626582176 2 18.13083004951477
0.4 13 0.17677661430789768 2 16.804667234420776
0.4 14 0.1691930990812967 2 19.301095962524414
0.4 15 0.16918860634596086 2 21.77622079849243
0.4 16 0.10988696733781143 3 18.638049602508545
0.4 17 0.16111213572374483 2 17.384840726852417
0.4 18 0.1666016378423746 2 21.93913722038269
0.4 19 0.10149058976040592 3 17.565611124038696
0.406 0 0.0902072031697622 3 19.748133182525635
0.406 1 0.14363052138463744 2 22.745184421539307
0.406 2 0.1412058555078578 2 16.991902112960815
0.406 3 0.14855810095760053 2 15.336293697357178
0.406 4 0.11630300826346052 2 19.326883792877197
0.406 5 0.08884471246138718 3 17.844420194625854
0.406 6 0.14155508236876682 2 23.61417317390442
0.406 7 0.14975330880803553 2 19.903736352920532
0.406 8 0.14746754379262433 2 22.254451274871826
0.406 9 0.14847334061640402 2 20.450002908706665
0.406 10 0.08730788019785403 3 16.863847494125366
0.406 11 0.14891809384560703 2 22.552801370620728
0.406 12 0.1005036382160652 3 24.521268129348755
0.406 13 0.14809197844003597 2 15.495015859603882
0.406 14 0.1431348412182873 2 17.000718355178833
0.406 15 0.1532170621252909 2 19.75438141822815
0.406 16 0.14441778695627147 2 24.938388347625732
0.406 17 0.1535553143277166 2 16.364811897277832
0.406 18 0.16406564889573233 2 18.309475660324097
0.406 19 0.14074320750812327 2 17.88939881324768
0.402 0 0.10113632990190938 3 23.920802116394043
0.402 1 0.15853118095073185 2 18.201563596725464
0.402 2 0.1540322406520853 2 15.91735553741455
0.402 3 0.1445286346949786 2 16.474093437194824
0.402 4 0.07508335366019547 4 17.956254482269287
0.402 5 0.09625815207469984 3 16.874573230743408
0.402 6 0.10004522941573733 3 29.591472387313843
0.402 7 0.15626072273832411 2 28.742918252944946
0.402 8 0.10627334342886041 3 17.155998945236206
0.402 9 0.15450081300771926 2 18.418033599853516
0.402 10 0.16395030520620818 2 23.09912633895874
0.402 11 0.15395096053455593 2 20.96915030479431
0.402 12 0.15858935402511717 2 19.359288692474365
0.402 13 0.1617464310912415 2 19.764278650283813
0.402 14 0.1091206292745611 3 15.460145235061646
0.402 15 0.07495919465978236 4 22.033811569213867
0.402 16 0.14159604252811475 2 18.165056705474854
0.402 17 0.16789265871676065 2 19.407401084899902
0.402 18 0.09863829964212255 3 16.712238311767578
0.402 19 0.16222243960134972 2 19.580934286117554
0.404 0 0.15566092051153527 2 18.968996286392212
0.404 1 0.13611203945425207 2 22.79523730278015
0.404 2 0.1443870102625497 2 22.730337381362915
0.404 3 0.09294456331187048 3 17.501295566558838
0.404 4 0.14123560823788694 2 18.020837545394897
0.404 5 0.14421271970801286 2 21.29952883720398
0.404 6 0.15124521034851485 2 19.035712718963623
0.404 7 0.14586776605596952 2 24.708658695220947
0.404 8 0.1601594090051774 2 18.555177211761475
0.404 9 0.14630912748281977 2 15.531224012374878
0.404 10 0.16246544769724522 2 19.161868810653687
0.404 11 0.1457004547109962 2 20.04220223426819
0.404 12 0.16092455609451006 2 19.077298164367676
0.404 13 0.16295757879582454 2 21.00372815132141
0.404 14 0.0946338200985982 3 18.689133405685425
0.404 15 0.09329243097206363 3 18.56265878677368
0.404 16 0.1615541735029931 2 20.123300313949585
0.404 17 0.14360625955160833 2 19.495595693588257
0.404 18 0.09722007723090985 3 17.958697080612183
0.404 19 0.07756390442725081 4 26.621032238006592
0.41400000000000003 0 0.07660061168103703 3 18.688466548919678
0.41400000000000003 1 0.12852384137748812 2 19.59754180908203
0.41400000000000003 2 0.08200456434492015 3 19.14041495323181
0.41400000000000003 3 0.12334543331948071 2 21.62378716468811
0.41400000000000003 4 0.07053220941914007 3 16.569712162017822
0.41400000000000003 5 0.1049290405851053 2 19.272881984710693
0.41400000000000003 6 0.06859110481008054 3 18.104179859161377
0.41400000000000003 7 0.1332403137741196 2 22.730159521102905
0.41400000000000003 8 0.08359381857990408 3 16.403334617614746
0.41400000000000003 9 0.05639940897827428 4 19.258188247680664
0.41400000000000003 10 0.1342361697414258 2 19.359222173690796
0.41400000000000003 11 0.07176427930395449 3 18.55220603942871
0.41400000000000003 12 0.1321176417393784 2 16.854824542999268
0.41400000000000003 13 0.074507496648498 3 18.04272174835205
0.41400000000000003 14 0.13701366181909239 2 18.75270414352417
0.41400000000000003 15 0.07887603596196847 3 18.92560076713562
0.41400000000000003 16 0.13042644028650852 2 17.33803677558899
0.41400000000000003 17 0.13883110514562783 2 17.347013235092163
0.41400000000000003 18 0.12278203738428352 2 16.116057634353638
0.41400000000000003 19 0.12610159663024273 2 19.798672914505005
0.41000000000000003 0 0.13434416808622726 2 19.69132161140442
0.41000000000000003 1 0.1420077543956355 2 19.798245906829834
0.41000000000000003 2 0.09149140583858492 3 22.330512762069702
0.41000000000000003 3 0.09342863190521561 3 21.57774329185486
0.41000000000000003 4 0.13648644526793463 2 18.68677520751953
0.41000000000000003 5 0.08945463134370721 3 18.418612241744995
0.41000000000000003 6 0.08011181098051398 3 22.1075382232666
0.41000000000000003 7 0.13147358509753018 2 21.166253566741943
0.41000000000000003 8 0.1352254987575871 2 22.850956678390503
0.41000000000000003 9 0.11069278680239635 2 21.64272713661194
0.41000000000000003 10 0.1369733721001434 2 23.045028686523438
0.41000000000000003 11 0.08782665726238237 3 16.290393829345703
0.41000000000000003 12 0.08606400512152573 3 16.659464836120605
0.41000000000000003 13 0.12995415061121104 2 15.094793796539307
0.41000000000000003 14 0.09017749922879253 3 18.476176261901855
0.41000000000000003 15 0.08803691392181676 3 20.073655128479004
0.41000000000000003 16 0.13674627293276867 2 22.74555277824402
0.41000000000000003 17 0.07872562787501336 3 20.673946142196655
0.41000000000000003 18 0.0793504954725809 3 17.585484504699707
0.41000000000000003 19 0.1343067231758587 2 15.964237451553345
0.40800000000000003 0 0.14119033789735433 2 21.348546981811523
0.40800000000000003 1 0.1345146958477654 2 20.065058946609497
0.40800000000000003 2 0.1474928164954539 2 22.221113920211792
0.40800000000000003 3 0.08775138678854498 3 19.702688694000244
0.40800000000000003 4 0.14061949034844515 2 17.254002332687378
0.40800000000000003 5 0.13615226173180042 2 22.131775617599487
0.40800000000000003 6 0.14949262887326603 2 19.772574424743652
0.40800000000000003 7 0.14557583051446618 2 20.87843656539917
0.40800000000000003 8 0.1379134499100942 2 21.36370038986206
0.40800000000000003 9 0.14832346608928954 2 17.76102566719055
0.40800000000000003 10 0.08804566429677578 3 19.60985541343689
0.40800000000000003 11 0.08799674761721793 3 23.013525247573853
0.40800000000000003 12 0.09095043792781655 3 20.89326810836792
0.40800000000000003 13 0.14307925951927047 2 17.756115913391113
0.40800000000000003 14 0.09984649797359191 3 18.43466305732727
0.40800000000000003 15 0.15265777953457937 2 13.571430206298828
0.40800000000000003 16 0.14654099842314755 2 24.275076866149902
0.40800000000000003 17 0.14851582996327398 2 19.16281747817993
0.40800000000000003 18 0.13791662608590782 2 18.84279203414917
0.40800000000000003 19 0.14244741361792462 2 20.86933183670044
0.41200000000000003 0 0.12818372026905192 2 16.69947624206543
0.41200000000000003 1 0.12716068975308875 2 18.55049777030945
0.41200000000000003 2 0.13561218054302276 2 18.49941849708557
0.41200000000000003 3 0.12621289754192666 2 17.787171602249146
0.41200000000000003 4 0.07223437515705743 3 21.000896453857422
0.41200000000000003 5 0.08704590144727102 3 19.423571825027466
0.41200000000000003 6 0.0853349399222167 3 19.838939905166626
0.41200000000000003 7 0.11838315567452214 2 24.620884895324707
0.41200000000000003 8 0.1144853991773746 2 20.727668523788452
0.41200000000000003 9 0.12996536876888215 2 17.322614908218384
0.41200000000000003 10 0.08867451600562792 3 21.405906677246094
0.41200000000000003 11 0.14047577036563705 2 25.36672878265381
0.41200000000000003 12 0.12071934985125699 2 19.261169910430908
0.41200000000000003 13 0.08334495552209746 3 24.733606815338135
0.41200000000000003 14 0.11854794829791872 2 17.630758047103882
0.41200000000000003 15 0.07498568948754432 3 22.528693199157715
0.41200000000000003 16 0.12572311727699234 2 20.669734954833984
0.41200000000000003 17 0.08199570464155691 3 17.271750450134277
0.41200000000000003 18 0.1252368756225445 2 18.682750940322876
0.41200000000000003 19 0.13756133841766804 2 13.701333284378052
0.41600000000000004 0 0.10673122207405468 2 19.640687465667725
0.41600000000000004 1 0.12770165298971609 2 19.797395706176758
0.41600000000000004 2 0.12166006435560443 2 18.543557167053223
0.41600000000000004 3 0.1322172299338569 2 19.16981339454651
0.41600000000000004 4 0.07546941786497997 3 22.779978275299072
0.41600000000000004 5 0.11446124040906287 2 22.123522758483887
0.41600000000000004 6 0.0714979147146908 3 19.455758810043335
0.41600000000000004 7 0.11805122216247409 2 20.12920904159546
0.41600000000000004 8 0.1276446248741326 2 19.694103956222534
0.41600000000000004 9 0.1360860097653375 2 19.99205493927002
0.41600000000000004 10 0.12086550783790144 2 20.72539520263672
0.41600000000000004 11 0.12532843414258454 2 20.62000584602356
0.41600000000000004 12 0.12194356697120642 2 18.851588487625122
0.41600000000000004 13 0.06994224742842127 3 21.91491723060608
0.41600000000000004 14 0.11521359548990481 2 21.18817687034607
0.41600000000000004 15 0.06818786715859715 3 19.797274351119995
0.41600000000000004 16 0.07299881779807903 3 17.474087715148926
0.41600000000000004 17 0.1147453624104983 2 15.390363216400146
0.41600000000000004 18 0.11942512802567738 2 16.72209143638611
0.41600000000000004 19 0.07871008870090451 3 20.72455668449402
0.42000000000000004 0 0.12866462605419574 2 19.684062004089355
0.42000000000000004 1 0.11203038077780222 2 16.13479208946228
0.42000000000000004 2 0.11112266637522428 2 18.03663420677185
0.42000000000000004 3 0.10683871275682752 2 16.25737452507019
0.42000000000000004 4 0.09864390350328252 2 24.947690725326538
0.42000000000000004 5 0.08209919401257151 3 21.11124873161316
0.42000000000000004 6 0.1037216547821099 2 18.01482343673706
0.42000000000000004 7 0.11097613954602482 2 26.32486081123352
0.42000000000000004 8 0.11719230583885991 2 21.151543617248535
0.42000000000000004 9 0.11155693429483318 2 13.808416604995728
0.42000000000000004 10 0.10968740284020798 2 16.533059120178223
0.42000000000000004 11 0.06641371621209699 3 18.562044143676758
0.42000000000000004 12 0.11247306828067187 2 18.77224826812744
0.42000000000000004 13 0.10747494853744406 2 20.311761379241943
0.42000000000000004 14 0.050005775650600694 4 17.7659809589386
0.42000000000000004 15 0.11535428098275695 2 14.282202005386353
0.42000000000000004 16 0.07346420582854606 3 18.891234636306763
0.42000000000000004 17 0.09329986351569214 2 20.27651810646057
0.42000000000000004 18 0.09702680275604196 2 15.714930772781372
0.42000000000000004 19 0.07953879439081094 3 21.529699563980103
0.42200000000000004 0 0.0663360115245083 3 15.836794376373291
0.42200000000000004 1 0.11980540306755512 2 17.750399351119995
0.42200000000000004 2 0.11089313037104695 2 22.114948511123657
0.42200000000000004 3 0.11828847946546936 2 20.2424054145813
0.42200000000000004 4 0.10219522096263907 2 16.51832151412964
0.42200000000000004 5 0.0658890839798197 3 16.001214504241943
0.42200000000000004 6 0.0994271593567306 2 17.65547490119934
0.42200000000000004 7 0.06627744045338423 3 19.762901544570923
0.42200000000000004 8 0.048727450530230546 4 20.82965660095215
0.42200000000000004 9 0.09658240564537107 2 20.67102551460266
0.42200000000000004 10 0.0699842930209327 3 19.01324486732483
0.42200000000000004 11 0.06914030990322009 3 19.074201345443726
0.42200000000000004 12 0.061030888609615926 3 20.882105588912964
0.42200000000000004 13 0.11877842559399081 2 20.7733736038208
0.42200000000000004 14 0.10382937609915577 2 23.918184757232666
0.42200000000000004 15 0.11771776825828528 2 15.373895168304443
0.42200000000000004 16 0.07149069923649239 3 15.583075284957886
0.42200000000000004 17 0.08760831802088188 2 19.737345933914185
0.42200000000000004 18 0.09143435234918293 2 18.482023000717163
0.42200000000000004 19 0.1124720984024642 2 20.80005168914795
0.41800000000000004 0 0.11160305000903675 2 25.155163764953613
0.41800000000000004 1 0.1286458226730194 2 20.670227527618408
0.41800000000000004 2 0.08210930389529726 3 19.761805772781372
0.41800000000000004 3 0.1185369277330332 2 22.165507793426514
0.41800000000000004 4 0.14011653223031137 2 27.38610553741455
0.41800000000000004 5 0.06909028872692534 3 18.253180027008057
0.41800000000000004 6 0.10730997176154647 2 21.263487815856934
0.41800000000000004 7 0.1272979549027239 2 17.128900289535522
0.41800000000000004 8 0.07718298943561301 3 16.41097927093506
0.41800000000000004 9 0.10928347834056312 2 17.09789752960205
0.41800000000000004 10 0.1302905555370788 2 21.507378339767456
0.41800000000000004 11 0.0729167140068746 3 21.13278555870056
0.41800000000000004 12 0.10089409956237481 2 21.672030210494995
0.41800000000000004 13 0.10747656379082936 2 16.140355110168457
0.41800000000000004 14 0.11048302835573703 2 20.09495973587036
0.41800000000000004 15 0.11939820548160683 2 18.32262110710144
0.41800000000000004 16 0.12006116724631892 2 22.47025775909424
0.41800000000000004 17 0.12167317312607853 2 14.559404134750366
0.41800000000000004 18 0.10593762039630533 2 20.878185033798218
0.41800000000000004 19 0.07173512034922781 3 18.659172534942627
0.43 0 0.09315420603151567 2 18.099345684051514
0.43 1 0.09182925488160221 2 14.511330366134644
0.43 2 0.04990994500958341 3 18.52577042579651
0.43 3 0.07625719684730632 2 14.29741096496582
0.43 4 0.0804539826120335 2 19.2853102684021
0.43 5 0.07552440374537037 2 18.73794984817505
0.43 6 0.07087495556017905 2 22.413414478302002
0.43 7 0.07864641532851747 2 22.091728925704956
0.43 8 0.03314312718207185 4 14.61998200416565
0.43 9 0.09183656317531798 2 19.272732973098755
0.43 10 0.08981141407799703 2 15.496933698654175
0.43 11 0.046263560269745284 3 17.62442398071289
0.43 12 0.09700732553116019 2 20.442355632781982
0.43 13 0.08045600390092812 2 18.573481798171997
0.43 14 0.07804565819050689 2 19.935522317886353
0.43 15 0.059275636055433324 3 18.956172466278076
0.43 16 0.083133518537562 2 21.44912886619568
0.43 17 0.08142920733052891 2 21.82735538482666
0.43 18 0.1006854226856949 2 17.30124306678772
0.43 19 0.07600342922543009 2 20.667651414871216
0.42600000000000005 0 0.05875495800178884 3 19.196507930755615
0.42600000000000005 1 0.08797289491750528 2 13.777291059494019
0.42600000000000005 2 0.06742019878770754 2 15.456843852996826
0.42600000000000005 3 0.08362807025094211 2 17.526914596557617
0.42600000000000005 4 0.08482597055789727 2 20.379202365875244
0.42600000000000005 5 0.0690368738855128 3 18.302841901779175
0.42600000000000005 6 0.07445431570436101 2 18.844583749771118
0.42600000000000005 7 0.09954324847088052 2 18.6753830909729
0.42600000000000005 8 0.0634809683453395 3 24.169711112976074
0.42600000000000005 9 0.10618912467731388 2 19.514333248138428
0.42600000000000005 10 0.10053891305838383 2 23.340081214904785
0.42600000000000005 11 0.07868700007877902 2 19.142972230911255
0.42600000000000005 12 0.07134525638250463 2 21.538986921310425
0.42600000000000005 13 0.10072166943471932 2 21.458643436431885
0.42600000000000005 14 0.10218317469108652 2 21.519360065460205
0.42600000000000005 15 0.10649775930353135 2 22.42229199409485
0.42600000000000005 16 0.08907006990324727 2 22.369889497756958
0.42600000000000005 17 0.06693300723658242 2 21.756833791732788
0.42600000000000005 18 0.1018506610448715 2 19.786584615707397
0.42600000000000005 19 0.10231835055555527 2 17.0465190410614
0.42400000000000004 0 0.1017911926605838 2 18.024327516555786
0.42400000000000004 1 0.06497946343758908 3 24.543685913085938
0.42400000000000004 2 0.10723212027379272 2 20.31433415412903
0.42400000000000004 3 0.10893273113623796 2 23.529836177825928
0.42400000000000004 4 0.11291035435131212 2 21.151875019073486
0.42400000000000004 5 0.055859362748876755 3 17.959169149398804
0.42400000000000004 6 0.1054293199576923 2 18.27346158027649
0.42400000000000004 7 0.0986965422047159 2 24.372855186462402
0.42400000000000004 8 0.10133653417754672 2 16.817528009414673
0.42400000000000004 9 0.0853990688271597 2 25.840718507766724
0.42400000000000004 10 0.11451009812375805 2 20.190226554870605
0.42400000000000004 11 0.06133792858138554 3 19.006298065185547
0.42400000000000004 12 0.10248475328649977 2 22.979531049728394
0.42400000000000004 13 0.11323441535774287 2 20.54063653945923
0.42400000000000004 14 0.10766446924626491 2 18.230031728744507
0.42400000000000004 15 0.10453994298667149 2 15.836030960083008
0.42400000000000004 16 0.09466354124795645 2 11.753056526184082
0.42400000000000004 17 0.057788250228454144 3 19.468074560165405
0.42400000000000004 18 0.0997404271104817 2 23.03902769088745
0.42400000000000004 19 0.10299645931148091 2 20.026654481887817
0.428 0 0.0612740673580493 3 20.68683385848999
0.428 1 0.05305865674544939 3 20.682570934295654
0.428 2 0.08965384920621976 2 18.39566135406494
0.428 3 0.06444074013930487 3 20.497204303741455
0.428 4 0.09429945147269998 2 20.345903635025024
0.428 5 0.04370060765453624 4 20.100722312927246
0.428 6 0.08563233408766677 2 20.3248929977417
0.428 7 0.09402400728919881 2 24.03231716156006
0.428 8 0.1153446349430488 2 15.475795984268188
0.428 9 0.10455028098965316 2 19.442283630371094
0.428 10 0.0991678318777725 2 21.942659378051758
0.428 11 0.0986145683529652 2 21.864595651626587
0.428 12 0.04928526039330848 4 23.446498155593872
0.428 13 0.03892131464882037 4 22.977283716201782
0.428 14 0.10150260858705695 2 15.550184726715088
0.428 15 0.09596387138493169 2 21.196847677230835
0.428 16 0.08909499772986079 2 17.370584964752197
0.428 17 0.08163127282837183 2 15.597042322158813
0.428 18 0.09624248449416992 2 20.710646390914917
0.428 19 0.10052059274555171 2 32.27432346343994
0.436 0 0.06109166578404119 2 17.68342423439026
0.436 1 0.07570469578388928 2 16.853630304336548
0.436 2 0.06500135606135528 2 19.332618713378906
0.436 3 0.04469617848551245 3 15.299419403076172
0.436 4 0.06981109183005121 2 20.789008378982544
0.436 5 0.07409058832296328 2 20.772918462753296
0.436 6 0.05906759595993319 3 16.21053957939148
0.436 7 0.057790996871319736 3 17.333986043930054
0.436 8 0.0685266159108434 2 17.976045846939087
0.436 9 0.04555506826855826 3 21.38798975944519
0.436 10 0.07004543636747768 2 19.857781648635864
0.436 11 0.06805897075051812 2 17.58806824684143
0.436 12 0.07541133352437772 2 17.857322454452515
0.436 13 0.07483056077346993 2 17.480570077896118
0.436 14 0.03617303141961964 3 15.919556379318237
0.436 15 0.04523894542524922 3 16.859463453292847
0.436 16 0.04288158389662098 3 17.26160740852356
0.436 17 0.07193874218372628 2 22.78419041633606
0.436 18 0.07103781790565178 2 20.505756616592407
0.436 19 0.05012821746001973 2 17.319667100906372
0.434 0 0.056074007329477184 3 17.610899448394775
0.434 1 0.06491086971894285 2 19.387911796569824
0.434 2 0.03464165807849381 2 17.330902576446533
0.434 3 0.04281431439366007 3 18.073785543441772
0.434 4 0.0542867748021159 3 14.588109493255615
0.434 5 0.07153801671528505 2 19.606103897094727
0.434 6 0.08663382896109477 2 24.212385654449463
0.434 7 0.08014437541388816 2 20.278666019439697
0.434 8 0.05002218008409386 2 14.92439579963684
0.434 9 0.05303909385551676 3 17.973605155944824
0.434 10 0.0601581836459503 2 19.49380087852478
0.434 11 0.046176557586623895 3 20.357250928878784
0.434 12 0.07900225462167021 2 20.815999031066895
0.434 13 0.02560305769483941 2 18.751768350601196
0.434 14 0.0 1 22.020222663879395
0.434 15 0.09129808578316645 2 16.78726840019226
0.434 16 0.054677386996746895 3 16.667764902114868
0.434 17 0.08628582302984444 2 22.401630640029907
0.434 18 0.08175168088874908 2 18.053402423858643
0.434 19 0.06933193020123828 2 20.970439910888672
0.432 0 0.07851609356759436 2 18.755379915237427
0.432 1 0.045112557699611526 3 16.39143657684326
0.432 2 0.05367776360487712 2 15.11240291595459
0.432 3 0.07273232941705542 2 19.585614442825317
0.432 4 0.07908576079812626 2 17.911911725997925
0.432 5 0.06138562916798297 3 25.20511531829834
0.432 6 0.09394353647430295 2 18.0340518951416
0.432 7 0.05672733653033771 3 20.702168464660645
0.432 8 0.08766196110633817 2 15.599119901657104
0.432 9 0.07275918228873715 2 26.3449649810791
0.432 10 0.04993518368746481 3 18.422788858413696
0.432 11 0.08783434051237532 2 16.787041425704956
0.432 12 0.08431875534439426 2 24.34713912010193
0.432 13 0.0879075528683787 2 16.610597372055054
0.432 14 0.0907400693724782 2 14.848801851272583
0.432 15 0.04942210382231794 3 20.74776792526245
0.432 16 0.07395349795495298 2 23.668948650360107
0.432 17 0.06824318466060342 2 20.292675495147705
0.432 18 0.08430491349676499 2 17.805227518081665
0.432 19 0.056097514897780136 3 18.08251452445984
0.438 0 0.06600133581475101 2 22.188584327697754
0.438 1 0.06953559582048022 2 24.72885251045227
0.438 2 0.0680450615049418 2 19.80029535293579
0.438 3 0.06886810594245601 2 23.126583576202393
0.438 4 0.055928189590041304 2 18.647125482559204
0.438 5 0.03775060494896876 2 17.95527458190918
0.438 6 0.04613420652574359 3 19.62170124053955
0.438 7 0.06812275871953846 2 19.058407068252563
0.438 8 0.0 1 20.906386613845825
0.438 9 0.06562160084701173 2 21.540241241455078
0.438 10 0.05992833103343099 2 18.469648361206055
0.438 11 0.06789575359679131 2 20.38935613632202
0.438 12 0.08308943988070905 2 16.979966402053833
0.438 13 0.06522763554189828 2 18.67687678337097
0.438 14 0.04521703562285021 2 21.258257389068604
0.438 15 0.07297901587021159 2 23.46679162979126
0.438 16 0.03641885589731726 3 19.11886477470398
0.438 17 0.04836706634419817 2 19.266202211380005
0.438 18 0.07206916062757196 2 25.076828718185425
0.438 19 0.04165054601795617 3 23.024608612060547
0.442 0 0.0425559425405476 3 20.15093994140625
0.442 1 0.02438337820549963 3 19.3131902217865
0.442 2 0.035177252129472016 2 20.473193645477295
0.442 3 0.025309161544616137 3 15.051819562911987
0.442 4 0.03578287196960877 2 18.24249029159546
0.442 5 0.03766112402190235 3 21.08234214782715
0.442 6 0.06674828722766657 2 15.837679147720337
0.442 7 -6.011917174871256e-06 2 20.209653854370117
0.442 8 0.0703596415038775 2 15.973452806472778
0.442 9 0.022713197793963306 3 16.00948429107666
0.442 10 0.06443857217353162 2 19.487670421600342
0.442 11 0.04747659705988166 2 15.778673887252808
0.442 12 0.04877572645962685 2 19.647995710372925
0.442 13 0.061177345837937006 2 21.365569591522217
0.442 14 0.06471103777810977 2 23.016456604003906
0.442 15 0.04061858639736588 2 21.7711124420166
0.442 16 0.044686430450146274 2 18.38045382499695
0.442 17 0.050108270099453935 2 18.848984718322754
0.442 18 0.0649639663132626 2 18.76954746246338
0.442 19 0.06077916513228196 2 18.450446605682373
0.444 0 0.0405118234643742 2 19.29831290245056
0.444 1 0.06653790677478807 2 19.47304129600525
0.444 2 0.0 1 20.13613486289978
0.444 3 0.06280079502056624 2 18.09768295288086
0.444 4 0.039095332467302596 3 22.586410999298096
0.444 5 0.05320572532880247 2 21.385137796401978
0.444 6 0.05448526618612599 2 19.477274417877197
0.444 7 0.04374455187984889 2 16.884340524673462
0.444 8 0.06127266361173656 2 17.805975198745728
0.444 9 0.06345853294376914 2 20.34163212776184
0.444 10 0.03221402174214235 2 16.95704412460327
0.444 11 0.060951400197209814 2 19.66574716567993
0.444 12 0.04229085803423963 2 18.643657684326172
0.444 13 0.031205739568148212 3 15.567751169204712
0.444 14 0.034826682413457044 3 24.009554624557495
0.444 15 0.050168913174352334 2 24.541812896728516
0.444 16 0.04331267143802761 2 21.14827561378479
0.444 17 0.06677578409415402 2 19.42580533027649
0.444 18 0.04796307320119191 2 15.493335723876953
0.444 19 0.059480283463955216 2 17.92856502532959
0.44 0 0.07793445839929537 2 19.60442328453064
0.44 1 0.0661410176315364 2 18.416451930999756
0.44 2 0.06502158836987974 2 16.45632767677307
0.44 3 0.04859970721864482 2 17.697545289993286
0.44 4 0.0497358215466276 3 19.952364444732666
0.44 5 0.057191275230669615 2 16.020233869552612
0.44 6 0.032593821027915165 3 23.48300266265869
0.44 7 0.016231621411158335 2 20.184869050979614
0.44 8 0.06501968155141707 2 26.53438639640808
0.44 9 0.07915104734060252 2 23.750184774398804
0.44 10 0.06114509895451066 2 24.139259099960327
0.44 11 0.02870821126946127 3 24.688802242279053
0.44 12 0.05614090609345941 2 18.796545267105103
0.44 13 0.05646301733919406 2 17.7209894657135
0.44 14 2.368252323103678e-05 2 19.416526556015015
0.44 15 0.05156442096202363 3 22.67206645011902
0.44 16 0.07177411828800544 2 20.87218165397644
0.44 17 0.05330865176130357 2 18.29075789451599
0.44 18 0.07620165711781081 2 16.37844729423523
0.44 19 0.05057499865566118 3 18.77961254119873
0.446 0 0.03952105160975172 3 17.445823431015015
0.446 1 0.04274569816314792 2 16.45662212371826
0.446 2 0.06719653546153723 2 16.531611442565918
0.446 3 0.03796108142858411 3 18.682225704193115
0.446 4 0.027609626852315772 3 18.737481355667114
0.446 5 -2.3995710618454105e-05 2 23.99870204925537
0.446 6 0.06029528639837117 2 23.44943642616272
0.446 7 0.055114493726013014 2 16.2028751373291
0.446 8 0.062243803405778744 2 17.07967495918274
0.446 9 0.04169475076158076 2 17.893371105194092
0.446 10 0.047057339578014674 2 20.197513818740845
0.446 11 0.046013764003419416 2 17.569371938705444
0.446 12 0.0 1 18.647348165512085
0.446 13 0.043532880984287994 2 18.779155254364014
0.446 14 0.049690693033789576 2 23.368255615234375
0.446 15 0.054014225377906434 2 13.756769895553589
0.446 16 0.05045900467600989 2 20.07360339164734
0.446 17 0.04833926227353316 2 15.575429677963257
0.446 18 0.04449364158496774 2 15.33620309829712
0.446 19 0.04445765980370032 2 18.487698316574097
0.45 0 0.0631564519561721 2 21.83339500427246
0.45 1 0.04728868162188702 2 17.815190315246582
0.45 2 0.019694143305140296 2 18.042051076889038
0.45 3 0.0 1 17.70693016052246
0.45 4 0.02370853761726569 2 15.773905277252197
0.45 5 0.0 1 21.03360939025879
0.45 6 0.046013764003419416 2 19.368006706237793
0.45 7 0.01819832119858075 2 19.351959943771362
0.45 8 0.0 1 22.361247777938843
0.45 9 0.029951579896630446 2 24.068698167800903
0.45 10 0.04520918877754079 2 16.783655881881714
0.45 11 0.0 1 17.916756868362427
0.45 12 0.021867238440697215 2 14.711874723434448
0.45 13 0.030353086821298662 3 16.31357192993164
0.45 14 0.022700319892160474 2 21.78293013572693
0.45 15 0.04891571524055894 2 21.115496397018433
0.45 16 0.03777892801801801 3 15.234706163406372
0.45 17 0.06268416218074184 2 16.460338354110718
0.45 18 0.04963947030364226 2 15.790393352508545
0.45 19 0.04537156191287892 2 20.367629528045654
0.448 0 0.018150208416602878 3 24.248701333999634
0.448 1 0.032415718873811554 2 16.938006162643433
0.448 2 0.03541721020966227 2 20.517602920532227
0.448 3 0.015174318025907161 2 17.82036566734314
0.448 4 0.0 1 17.783339023590088
0.448 5 0.0 1 15.511180639266968
0.448 6 0.03868501961476886 2 22.912940979003906
0.448 7 -1.9569509817942717e-06 2 15.246834516525269
0.448 8 0.06417049840865714 2 21.68072509765625
0.448 9 0.0 1 16.50112819671631
0.448 10 0.04773840789217543 2 19.52595043182373
0.448 11 0.035543941762414946 2 18.22462487220764
0.448 12 0.04544008669731732 2 22.37179470062256
0.448 13 0.019451392941381943 4 17.367563009262085
0.448 14 0.05597511604511933 2 21.620996713638306
0.448 15 0.01860917035823644 4 21.868616580963135
0.448 16 0.0348126409191009 2 17.111082077026367
0.448 17 0.04237599178122841 2 16.763831615447998
0.448 18 0.05015550283906662 2 16.625207662582397
0.448 19 0.039409345927886766 2 27.83579659461975
0.452 0 -2.3585027901664535e-05 2 17.87003779411316
0.452 1 0.035869184765020976 2 17.69920587539673
0.452 2 0.0 1 20.719366312026978
0.452 3 0.02960206721180804 2 20.016963958740234
0.452 4 0.03197684471457679 2 21.907426118850708
0.452 5 0.03220728166946921 2 18.095152854919434
0.452 6 0.0 1 15.826178312301636
0.452 7 0.009298588643560405 2 17.138195276260376
0.452 8 0.051402021802658265 2 23.238784551620483
0.452 9 0.022288314500645875 3 27.379956007003784
0.452 10 0.0 1 14.546860933303833
0.452 11 0.0474816680472623 2 19.3313467502594
0.452 12 0.03227607478265769 3 17.963256120681763
0.452 13 0.0356122502380478 3 22.020716667175293
0.452 14 0.04668075227334221 2 19.77000403404236
0.452 15 0.00044413913565315133 2 15.622887134552002
0.452 16 0.0 1 20.75218439102173
0.452 17 0.035543973703839396 2 17.705183029174805
0.452 18 0.027371114449636576 3 18.292860746383667
0.452 19 0.04497825598815986 2 18.378983974456787
0.454 0 0.0 1 17.52437138557434
0.454 1 0.01854598944160368 3 17.73231863975525
0.454 2 0.043431272952248905 2 15.275398254394531
0.454 3 0.0 1 16.096243143081665
0.454 4 0.02862671886816728 2 17.412699937820435
0.454 5 0.011844450592114393 2 16.707090377807617
0.454 6 0.04266938995866967 2 20.359100580215454
0.454 7 0.0391360506786418 2 18.277966737747192
0.454 8 0.022049371657935364 2 15.993912696838379
0.454 9 0.04902466303961581 2 21.609266996383667
0.454 10 0.02942397120446274 2 21.459909677505493
0.454 11 0.05604775955225612 2 24.824326276779175
0.454 12 0.03554530818953833 2 22.491180181503296
0.454 13 0.04559935929926153 2 18.337623119354248
0.454 14 0.034196489992671525 2 23.966207027435303
0.454 15 -5.033840683885536e-06 2 21.32094144821167
0.454 16 0.0 1 14.34360671043396
0.454 17 0.05841603025982584 2 19.059871673583984
0.454 18 0.0 1 19.03772759437561
0.454 19 0.003794115019789177 3 20.120855808258057
0.46 0 0.0 1 15.134880304336548
0.46 1 0.00688187096124288 2 15.75855016708374
0.46 2 0.0 1 21.435872077941895
0.46 3 0.0 1 16.299686193466187
0.46 4 0.012827728663183343 2 16.163140773773193
0.46 5 0.016384620852259987 2 18.64229154586792
0.46 6 0.025290948003503434 2 20.271397352218628
0.46 7 0.0 1 16.044097185134888
0.46 8 -2.1879559007799518e-05 2 20.136335849761963
0.46 9 0.01697615379006101 2 16.969491720199585
0.46 10 0.0 1 20.478211641311646
0.46 11 0.021926484168317734 2 15.293704509735107
0.46 12 0.0 1 16.449856758117676
0.46 13 0.03300133831750821 2 19.06268072128296
0.46 14 0.0 1 22.65660071372986
0.46 15 0.030671094443439288 2 23.422586679458618
0.46 16 0.0 1 16.13267469406128
0.46 17 0.0 1 21.13307476043701
0.46 18 3.986649669064686e-05 3 16.121397495269775
0.46 19 0.02897855933407296 2 15.469387292861938
0.456 0 0.0 1 18.33388924598694
0.456 1 0.03245150223576725 3 26.393067836761475
0.456 2 0.02776928656276738 2 13.382987022399902
0.456 3 0.00844950241523282 3 20.702971935272217
0.456 4 0.011035057840796841 3 20.890686750411987
0.456 5 0.012891173034015189 3 17.651222467422485
0.456 6 0.0 1 18.478142261505127
0.456 7 0.0009575188362300776 2 22.278332710266113
0.456 8 0.046264134985015505 2 19.799702644348145
0.456 9 0.03084921611673597 2 22.15042471885681
0.456 10 0.023421839010043813 2 20.356534242630005
0.456 11 0.002218681952991643 2 20.916923999786377
0.456 12 0.0 1 20.37320113182068
0.456 13 0.024448974261307328 2 17.190892219543457
0.456 14 0.00472227082278718 2 14.00227427482605
0.456 15 0.017210486136021694 3 19.578250408172607
0.456 16 0.03709758556413851 2 16.332615852355957
0.456 17 0.013220580240006816 3 19.69381022453308
0.456 18 0.0 1 17.05607581138611
0.456 19 0.03762190109481998 2 15.626477718353271
0.458 0 0.029084589616344216 2 20.120152473449707
0.458 1 0.0 1 16.065764665603638
0.458 2 0.022783812178931988 2 17.725398540496826
0.458 3 -2.403403123072796e-05 2 20.933429956436157
0.458 4 0.028482925825457698 2 20.123647928237915
0.458 5 0.0186467695733544 2 17.222612619400024
0.458 6 0.0413088160926073 2 23.075201272964478
0.458 7 0.030246658417910723 3 20.137697458267212
0.458 8 0.01828935385469205 3 23.1126229763031
0.458 9 0.03963761261128839 2 18.709866046905518
0.458 10 -2.1161790385815434e-05 2 17.42764949798584
0.458 11 0.011989243774885009 2 23.599730730056763
0.458 12 0.010602653483005832 3 25.139978408813477
0.458 13 0.028851029842603907 2 18.439907550811768
0.458 14 0.03731984776359246 2 16.40055799484253
0.458 15 9.662627715562411e-05 2 14.663001775741577
0.458 16 0.011337361542115081 2 15.64391541481018
0.458 17 0.010706061940569108 2 24.31794834136963
0.458 18 0.008576549181360003 3 22.53870177268982
0.458 19 -2.481902839491192e-06 2 19.035492658615112
0.462 0 0.0 1 21.82338547706604
0.462 1 0.005235901538067909 4 22.85820746421814
0.462 2 0.010669298536513782 2 16.58758020401001
0.462 3 -2.3120818446157996e-05 2 21.683562755584717
0.462 4 0.0193959000343746 3 18.67234778404236
0.462 5 0.00041493041842986377 2 24.274213790893555
0.462 6 0.020469082957908048 2 20.60550022125244
0.462 7 0.02337351303152657 2 20.446372747421265
0.462 8 0.0 1 19.783936500549316
0.462 9 0.005475582983268722 3 21.14015483856201
0.462 10 0.0 1 24.54813313484192
0.462 11 0.0 1 17.669155836105347
0.462 12 0.0 1 20.294371128082275
0.462 13 0.0 1 27.634440183639526
0.462 14 0.00781341456185929 2 18.908186674118042
0.462 15 0.0 1 17.975903749465942
0.462 16 0.0226609623247131 2 21.772329807281494
0.462 17 0.0 1 15.985926151275635
0.462 18 0.0 1 20.964824199676514
0.462 19 0.012932433414257295 3 19.999489545822144
0.464 0 0.005776007476780773 3 19.44599199295044
0.464 1 0.0 1 24.32333779335022
0.464 2 0.0032463030458218254 2 24.12296748161316
0.464 3 0.0007840922607724426 2 15.788767099380493
0.464 4 -1.1722533154405516e-05 2 22.814869165420532
0.464 5 0.00824495304410611 2 16.996798276901245
0.464 6 0.0 1 19.76635503768921
0.464 7 0.015287269759820718 4 20.892070531845093
0.464 8 0.0 1 17.829610347747803
0.464 9 0.0 1 23.537592887878418
0.464 10 0.0 1 17.42152500152588
0.464 11 0.0 1 20.009032487869263
0.464 12 0.0 1 21.878307342529297
0.464 13 0.0 1 17.411193370819092
0.464 14 0.0 1 16.21829581260681
0.464 15 0.0 1 21.964074850082397
0.464 16 0.02761598300101952 2 21.647496938705444
0.464 17 0.0 1 23.24864435195923
0.464 18 -2.3227183222292603e-05 2 17.58036971092224
0.464 19 0.0 1 17.18404245376587
0.466 0 0.0 1 21.6106014251709
0.466 1 0.0 1 18.558030366897583
0.466 2 0.0 1 20.489765644073486
0.466 3 0.009871409588916295 3 20.881120681762695
0.466 4 0.00019942848257182316 2 24.042746782302856
0.466 5 0.0 1 13.309964418411255
0.466 6 0.011012543894804622 2 18.50474190711975
0.466 7 0.0060385939024276206 3 20.499789714813232
0.466 8 -1.9170951078351502e-05 2 16.021868228912354
0.466 9 -2.3008205393290345e-05 2 24.858081102371216
0.466 10 0.019913506993224542 2 19.09453320503235
0.466 11 0.0 1 16.54824447631836
0.466 12 -1.6348810048320176e-05 2 22.673214435577393
0.466 13 0.02094758556897925 2 26.363274812698364
0.466 14 0.0 1 17.3733127117157
0.466 15 0.007023893270153138 3 19.68367028236389
0.466 16 0.018497561202923528 3 23.965147018432617
0.466 17 0.02980402200929597 2 19.72800588607788
0.466 18 0.0 1 24.77605366706848
0.466 19 0.0 1 16.8086097240448
0.468 0 0.0002845839247735449 2 16.623477935791016
0.468 1 0.0 1 22.209446668624878
0.468 2 0.01703178754678132 2 25.777541160583496
0.468 3 0.0 1 18.542515993118286
0.468 4 0.03099098080656229 2 21.208945751190186
0.468 5 0.0 1 17.408097505569458
0.468 6 0.011794295274011789 2 17.967294216156006
0.468 7 -1.4347431172828849e-05 2 20.010738611221313
0.468 8 0.02274715674877918 2 18.88628602027893
0.468 9 0.02241179845763086 2 20.6277277469635
0.468 10 0.0 1 16.898741722106934
0.468 11 1.8371398147075643e-05 2 20.850744247436523
0.468 12 0.0 1 21.866196155548096
0.468 13 0.0 1 15.002399444580078
0.468 14 0.0 1 25.451711654663086
0.468 15 -2.2494995074129183e-05 2 16.008718967437744
0.468 16 0.0015832418899908627 3 16.03694438934326
0.468 17 -2.332542183598763e-05 2 19.210578680038452
0.468 18 0.0 1 24.30309820175171
0.468 19 0.0 1 17.072109699249268
0.47000000000000003 0 0.011495450404593618 2 23.20414638519287
0.47000000000000003 1 0.0 1 25.244624853134155
0.47000000000000003 2 0.0 1 22.1374032497406
0.47000000000000003 3 0.0 1 15.944493532180786
0.47000000000000003 4 0.0 1 18.080867528915405
0.47000000000000003 5 0.01341248072519825 2 14.480133056640625
0.47000000000000003 6 -1.6348313912214348e-05 2 17.531218767166138
0.47000000000000003 7 0.011443748876964014 3 17.713581562042236
0.47000000000000003 8 0.008765445532550953 2 18.866939306259155
0.47000000000000003 9 0.0 1 19.389832496643066
0.47000000000000003 10 0.0 1 14.673831701278687
0.47000000000000003 11 0.0 1 17.701366662979126
0.47000000000000003 12 0.014012584373746768 2 14.88561463356018
0.47000000000000003 13 -1.172252739689631e-05 2 24.71812868118286
0.47000000000000003 14 0.004124747131275338 2 24.001670122146606
0.47000000000000003 15 0.0 1 15.908318996429443
0.47000000000000003 16 0.0 1 17.958099842071533
0.47000000000000003 17 0.007308789213028236 2 29.15858793258667
0.47000000000000003 18 0.0 1 18.99901032447815
0.47000000000000003 19 0.0008836323185859823 2 18.105249404907227
0.476 0 0.0 1 17.90030789375305
0.476 1 0.0 1 14.336360216140747
0.476 2 0.0 1 14.647559404373169
0.476 3 0.0 1 20.423622846603394
0.476 4 0.01192757509946243 2 18.25430178642273
0.476 5 0.0 1 23.752516508102417
0.476 6 0.0 1 20.00723147392273
0.476 7 -1.1721879304323703e-05 2 14.277601957321167
0.476 8 0.0 1 15.285122394561768
0.476 9 0.0 1 17.973424673080444
0.476 10 -1.3992329489187711e-05 2 21.465604782104492
0.476 11 0.0012224866129987707 3 25.11545467376709
0.476 12 0.0028872388593242505 2 21.67838191986084
0.476 13 0.0 1 19.5446834564209
0.476 14 0.0030957380821671427 2 16.356273651123047
0.476 15 0.0 1 16.068674564361572
0.476 16 0.0 1 22.498767852783203
0.476 17 0.010760992810078104 2 21.83481192588806
0.476 18 -8.781776364401191e-06 2 17.329041957855225
0.476 19 0.0 1 16.779067754745483
0.472 0 0.0 1 18.21413516998291
0.472 1 8.018690342122793e-06 2 21.88957715034485
0.472 2 0.0006486293318151508 2 28.604819297790527
0.472 3 0.001363331002756472 3 19.607325315475464
0.472 4 0.0 1 23.16530156135559
0.472 5 0.0 1 17.503496408462524
0.472 6 0.0 1 19.866095542907715
0.472 7 2.6853474618363276e-05 2 15.16377568244934
0.472 8 0.0 1 17.16434335708618
0.472 9 -2.3931465007089046e-05 2 18.007335424423218
0.472 10 0.0 1 20.910187005996704
0.472 11 0.0 1 17.897583723068237
0.472 12 0.0 1 17.050049781799316
0.472 13 0.0 1 18.20058250427246
0.472 14 0.0 1 19.49111557006836
0.472 15 0.0038800276184645793 2 18.11028027534485
0.472 16 0.0 1 19.972474575042725
0.472 17 0.0 1 27.284687757492065
0.472 18 0.0 1 18.46470546722412
0.472 19 0.0 1 24.97826313972473
0.474 0 0.01575865650006148 2 19.44709539413452
0.474 1 0.0 1 17.390703916549683
0.474 2 0.0 1 20.160334825515747
0.474 3 0.0 1 17.46025252342224
0.474 4 0.0 1 20.89590096473694
0.474 5 0.0 1 21.361117839813232
0.474 6 0.0 1 22.839849710464478
0.474 7 7.753862087293567e-05 2 15.689182758331299
0.474 8 0.0 1 16.28721809387207
0.474 9 0.013678438775643727 2 28.470919847488403
0.474 10 0.0 1 21.056564569473267
0.474 11 0.0 1 24.675376892089844
0.474 12 3.1051836566676783e-06 2 18.0924015045166
0.474 13 0.013907822007911188 2 14.067874670028687
0.474 14 0.0 1 21.16438364982605
0.474 15 -9.220879928586327e-06 2 20.075493335723877
0.474 16 0.006981461429127633 2 26.03342604637146
0.474 17 0.0 1 18.20179009437561
0.474 18 -2.076426300900561e-05 2 18.326246976852417
0.474 19 0.0 1 21.36130166053772
0.478 0 -4.539798219590489e-06 2 21.810222864151
0.478 1 0.0 1 19.18271017074585
0.478 2 -1.4697512474680195e-05 2 18.48320245742798
0.478 3 0.0 1 16.180315017700195
0.478 4 0.0 1 18.367952346801758
0.478 5 1.6177054428765336e-05 2 17.323407411575317
0.478 6 0.0 1 14.846292734146118
0.478 7 0.006710512739936912 3 21.5436909198761
0.478 8 0.0 1 20.417555332183838
0.478 9 0.0 1 15.33851957321167
0.478 10 0.0008003362700323474 2 14.917077779769897
0.478 11 0.0 1 19.466763019561768
0.478 12 -2.204508345354698e-05 2 21.224483013153076
0.478 13 0.0 1 23.513944387435913
0.478 14 0.0 1 19.927798986434937
0.478 15 0.0 1 20.200432300567627
0.478 16 0.0 1 17.81931495666504
0.478 17 0.0006761151289547251 3 23.301223516464233
0.478 18 0.0 1 20.817322254180908
0.478 19 0.0 1 18.57518196105957
0.48 0 0.003995185384299206 3 20.70688247680664
0.48 1 0.0 1 20.092297554016113
0.48 2 0.0 1 24.00475311279297
0.48 3 4.282568293901675e-06 2 18.55826449394226
0.48 4 0.0022450533703549046 2 16.064078092575073
0.48 5 0.0 1 26.146204471588135
0.48 6 0.0 1 19.342461109161377
0.48 7 0.0 1 17.02120041847229
0.48 8 0.0 1 17.779462575912476
0.48 9 0.0 1 29.149850368499756
0.48 10 0.0005310709895275141 2 17.22971749305725
0.48 11 0.0 1 20.82946467399597
0.48 12 0.0 1 17.648250579833984
0.48 13 -1.4697788379175316e-05 2 22.46619963645935
0.48 14 -2.396814629316458e-05 2 20.938538312911987
0.48 15 0.0 1 24.842253923416138
0.48 16 0.00040547574210597647 2 23.548102140426636
0.48 17 0.0 1 14.915355920791626
0.48 18 0.0 1 18.655539751052856
0.48 19 0.0 1 14.020481586456299
0.482 0 -2.220168758822041e-05 2 19.939908266067505
0.482 1 0.005983097592657607 2 20.03685712814331
0.482 2 0.0 1 21.361461877822876
0.482 3 -2.0763935374091734e-05 2 21.014716625213623
0.482 4 0.0 1 16.06412148475647
0.482 5 0.0 1 18.03684902191162
0.482 6 0.0 1 20.391720294952393
0.482 7 0.0 1 17.745877027511597
0.482 8 0.0 1 18.43453598022461
0.482 9 0.002316077033641349 2 22.020163774490356
0.482 10 0.0 1 19.739356517791748
0.482 11 0.0 1 15.309144973754883
0.482 12 0.0047867074895904665 2 20.490751028060913
0.482 13 0.0 1 24.803719520568848
0.482 14 0.0 1 18.035584926605225
0.482 15 0.0020771815632108464 2 21.081678867340088
0.482 16 0.0 1 17.47579598426819
0.482 17 0.0 1 21.753437757492065
0.482 18 0.0 1 19.911938190460205
0.482 19 0.0 1 26.67316436767578
0.484 0 0.012836122226970743 2 25.18473768234253
0.484 1 0.0 1 19.305731534957886
0.484 2 -2.135112355428437e-05 2 22.31187391281128
0.484 3 0.0 1 21.262670516967773
0.484 4 0.003427246997718578 3 23.64608144760132
0.484 5 0.0 1 16.155131101608276
0.484 6 0.0 1 20.02115774154663
0.484 7 0.0 1 14.586968183517456
0.484 8 0.0 1 19.354535341262817
0.484 9 0.0023174082782837927 2 18.970579147338867
0.484 10 -8.778755709420878e-07 2 20.75850772857666
0.484 11 0.000582927912029619 2 21.4401535987854
0.484 12 0.0 1 16.648173093795776
0.484 13 -2.3967437470613862e-05 2 16.534878253936768
0.484 14 0.0 1 18.233445405960083
0.484 15 0.0 1 14.750570297241211
0.484 16 0.0 1 23.783008813858032
0.484 17 0.0 1 24.76548171043396
0.484 18 0.0 1 18.972100257873535
0.484 19 0.0 1 14.590883016586304
0.486 0 0.0 1 16.67560887336731
0.486 1 -2.055529541742747e-05 2 18.648235082626343
0.486 2 7.812273444973819e-07 2 22.22567367553711
0.486 3 0.0 1 17.40324568748474
0.486 4 0.0 1 14.998015403747559
0.486 5 3.089700367088993e-06 2 17.450913667678833
0.486 6 -2.3966678759583035e-05 2 16.177495002746582
0.486 7 0.0 1 19.16580605506897
0.486 8 0.0 1 17.77191662788391
0.486 9 0.0 1 18.737242698669434
0.486 10 0.0 1 15.590416669845581
0.486 11 -1.5707461056130093e-05 2 20.50082015991211
0.486 12 0.0 1 19.820927619934082
0.486 13 0.0 1 15.334450721740723
0.486 14 0.016181747860879926 2 22.65501880645752
0.486 15 0.0 1 20.295909881591797
0.486 16 -1.7554404318387034e-05 2 17.10114073753357
0.486 17 0.0 1 20.85217046737671
0.486 18 0.0 1 20.67752194404602
0.486 19 0.0009367310345898807 2 20.68703317642212
0.49 0 -2.235202090270522e-05 2 19.382317781448364
0.49 1 0.0 1 17.2454617023468
0.49 2 0.0 1 20.468055248260498
0.49 3 0.0 1 17.33323049545288
0.49 4 0.0 1 20.840246438980103
0.49 5 0.0 1 18.926960945129395
0.49 6 0.0 1 19.771186590194702
0.49 7 0.0 1 20.550729751586914
0.49 8 0.0 1 15.92119812965393
0.49 9 0.0 1 15.809476137161255
0.49 10 2.8492851319828635e-05 2 24.464189291000366
0.49 11 0.0 1 17.55377984046936
0.49 12 0.0 1 15.460057258605957
0.49 13 -2.135078820600257e-05 2 18.04602360725403
0.49 14 0.0 1 25.238924980163574
0.49 15 0.0 1 20.458411693572998
0.49 16 0.0 1 12.428676843643188
0.49 17 3.969757971757268e-05 2 17.20750856399536
0.49 18 -2.055536280515054e-05 2 19.306211948394775
0.49 19 0.0 1 18.48538565635681
0.488 0 0.0030608665353468846 2 22.528688669204712
0.488 1 0.0 1 20.85402488708496
0.488 2 -2.2351421817784007e-05 2 17.882803916931152
0.488 3 0.0 1 25.292110919952393
0.488 4 -2.288938980176115e-05 2 18.24235248565674
0.488 5 -1.0079763849369693e-05 2 20.01943349838257
0.488 6 0.003218789619535942 2 18.239787578582764
0.488 7 0.014555431022640347 2 16.151010274887085
0.488 8 0.0 1 20.81300950050354
0.488 9 -1.2116759821481872e-05 2 23.988950967788696
0.488 10 0.0 1 16.45636773109436
0.488 11 0.0015523754497808546 2 22.152888298034668
0.488 12 0.0 1 18.246401071548462
0.488 13 0.0026427720763204177 3 24.26967191696167
0.488 14 0.0 1 20.94410800933838
0.488 15 0.0 1 17.08743667602539
0.488 16 0.0 1 16.988762855529785
0.488 17 0.0 1 18.3989896774292
0.488 18 0.0 1 24.322437524795532
0.488 19 0.0 1 18.88110899925232
0.492 0 0.0031657030913171892 3 22.77312707901001
0.492 1 0.00730822031688218 2 24.250728130340576
0.492 2 0.0 1 16.338661670684814
0.492 3 0.0 1 16.030866384506226
0.492 4 0.0 1 18.7200825214386
0.492 5 0.0 1 20.31299090385437
0.492 6 0.0029362139530187555 2 17.923437118530273
0.492 7 0.00010555940249750899 2 23.70425844192505
0.492 8 0.0 1 19.016260385513306
0.492 9 0.0 1 20.812405824661255
0.492 10 -2.831801684632225e-05 3 25.011659383773804
0.492 11 0.0018937575031319608 2 18.65446901321411
0.492 12 0.0 1 17.61331272125244
0.492 13 -2.4038270603925118e-05 2 18.678520679473877
0.492 14 0.0 1 19.57572054862976
0.492 15 2.0604285607179066e-05 2 20.74084496498108
0.492 16 0.0020498288768676784 3 17.82862138748169
0.492 17 0.0008692744070936449 3 17.157247066497803
0.492 18 0.0033801288725821134 2 18.956273794174194
0.492 19 0.0 1 18.84030818939209
0.494 0 0.0 1 19.032230138778687
0.494 1 0.0 1 23.09509515762329
0.494 2 0.0 1 17.920522689819336
0.494 3 0.0 1 18.096590280532837
0.494 4 0.0 1 23.691883087158203
0.494 5 0.0 1 20.283406496047974
0.494 6 0.0 1 20.08593225479126
0.494 7 0.0 1 22.392975091934204
0.494 8 0.0 1 15.486661434173584
0.494 9 0.0 1 19.969536781311035
0.494 10 0.0 1 17.99959969520569
0.494 11 0.0014599955788173078 3 18.283748149871826
0.494 12 5.601711425885539e-05 2 18.660195350646973
0.494 13 0.0 1 18.90496850013733
0.494 14 0.0024774426832007814 2 16.85281252861023
0.494 15 0.012801746339855384 2 14.976707935333252
0.494 16 0.0 1 22.968652963638306
0.494 17 0.0 1 19.620079278945923
0.494 18 -2.3726168739194807e-05 2 18.272608041763306
0.494 19 0.0 1 21.194167852401733
0.498 0 -8.336835596021581e-06 2 17.64169931411743
0.498 1 -2.3230594581085894e-05 2 17.680450916290283
0.498 2 0.0 1 17.85823678970337
0.498 3 0.0 1 16.55853009223938
0.498 4 0.0025221320696148758 3 13.69265341758728
0.498 5 0.008355997048308533 2 20.939144372940063
0.498 6 0.0 1 21.842716217041016
0.498 7 0.0 1 19.48909568786621
0.498 8 1.8354077473589082e-05 2 13.57156777381897
0.498 9 -2.4044302073816917e-05 2 21.20671510696411
0.498 10 -2.1533983735514688e-05 2 17.547085762023926
0.498 11 0.00013830309480316968 2 16.29482865333557
0.498 12 0.0 1 17.34248948097229
0.498 13 0.0 1 16.380112171173096
0.498 14 0.0 1 15.748386859893799
0.498 15 0.0 1 17.07163095474243
0.498 16 0.0 1 16.726266622543335
0.498 17 0.0011215746462296446 3 13.316129922866821
0.498 18 0.0 1 18.49446201324463
0.498 19 0.0 1 18.37077498435974
0.496 0 0.0 1 19.589963674545288
0.496 1 0.0 1 14.950841665267944
0.496 2 0.0 1 16.10174584388733
0.496 3 0.0 1 21.154001235961914
0.496 4 0.005080830895972249 2 21.288365364074707
0.496 5 0.0 1 19.648868560791016
0.496 6 0.0 1 16.33011245727539
0.496 7 0.0 1 17.997551918029785
0.496 8 0.0050178253512767656 2 16.265453100204468
0.496 9 -5.087067509990102e-06 3 19.632728576660156
0.496 10 0.0 1 14.869036436080933
0.496 11 0.0 1 16.95787000656128
0.496 12 0.0 1 15.536694049835205
0.496 13 0.0 1 18.783069849014282
0.496 14 0.0 1 18.048943519592285
0.496 15 -2.3931861615646806e-05 2 19.883601427078247
0.496 16 0.0011614455100512294 2 20.728718996047974
0.496 17 0.0 1 20.150983333587646
0.496 18 0.0 1 18.374712705612183
0.496 19 0.0 1 22.04719829559326
0.5 0 1.0632537776088955e-05 2 21.316486120224
0.5 1 0.0 1 14.515201330184937
0.5 2 0.0 1 18.922438859939575
0.5 3 0.0 1 18.506474018096924
0.5 4 -9.220737833166733e-06 2 16.499155521392822
0.5 5 -1.4220617262707805e-06 2 21.452746391296387
0.5 6 0.0 1 21.62634778022766
0.5 7 0.0010363680009146461 2 19.19189953804016
0.5 8 0.0 1 16.33340358734131
0.5 9 -2.3727052268967405e-05 2 15.8368558883667
0.5 10 -2.3122058670940925e-05 2 17.88048219680786
0.5 11 0.0 1 14.305462837219238
0.5 12 0.0 1 15.232370138168335
0.5 13 0.00027822260661419215 2 16.629674911499023
0.5 14 0.0 1 17.285866260528564
0.5 15 0.0 1 20.647660970687866
0.5 16 0.0 1 18.35225772857666
0.5 17 -2.0556806766418835e-05 2 18.245474100112915
0.5 18 -2.3868116621425244e-05 3 22.51856517791748
0.5 19 0.0 1 21.08562207221985
