0.1 0 0.9707732682504526 2 90.00436735153198
0.1 1 0.9826746887332303 2 85.91074585914612
0.1 2 0.9826746887332303 2 87.25780963897705
0.1 3 0.9826746887332303 2 86.63367462158203
0.1 4 0.9826746887332303 2 86.19134092330933
0.10800000000000001 0 0.9798797120614688 2 98.18243432044983
0.10800000000000001 1 0.9798797120614688 2 90.06679487228394
0.10800000000000001 2 0.9798797120614688 2 87.6720814704895
0.10800000000000001 3 0.9798797120614688 2 87.73277759552002
0.10800000000000001 4 0.9798797120614688 2 88.61795330047607
0.116 0 0.9765493846293412 2 89.7325656414032
0.116 1 0.9765493846293412 2 89.18042349815369
0.116 2 0.9765493846293412 2 89.69226908683777
0.116 3 0.9765493846293412 2 89.37053751945496
0.116 4 0.9765493846293412 2 89.1665244102478
0.124 0 0.9705555519118167 2 89.18891978263855
0.124 1 0.9705555519118167 2 88.79825639724731
0.124 2 0.9705555519118167 2 89.02352595329285
0.124 3 0.9705555519118167 2 88.92955923080444
0.124 4 0.9705555519118167 2 89.12401485443115
0.132 0 0.9624487875865815 2 116.57391858100891
0.132 1 0.9624487875865815 2 116.74094581604004
0.132 2 0.9624487875865815 2 117.11505770683289
0.132 3 0.9624487875865815 2 116.4354076385498
0.132 4 0.9624487875865815 2 117.69282746315002
0.14 0 0.9624487875865815 2 94.80552196502686
0.14 1 0.9624487875865815 2 94.96338486671448
0.14 2 0.9624487875865815 2 94.75065422058105
0.14 3 0.9624487875865815 2 95.10238885879517
0.14 4 0.9624487875865815 2 94.89945554733276
0.14800000000000002 0 0.9472863559157804 2 101.92912745475769
0.14800000000000002 1 0.9472863559157804 2 101.02895450592041
0.14800000000000002 2 0.9472863559157804 2 101.1723575592041
0.14800000000000002 3 0.9472863559157804 2 101.39431190490723
0.14800000000000002 4 0.9472863559157804 2 101.35648083686829
0.156 0 0.935352419036228 2 106.13961148262024
0.156 1 0.935352419036228 2 105.85921216011047
0.156 2 0.935352419036228 2 106.39135551452637
0.156 3 0.935352419036228 2 106.13360214233398
0.156 4 0.935352419036228 2 106.28482985496521
0.164 0 0.9241927911549919 2 106.40718913078308
0.164 1 0.9241927911549919 2 105.6174852848053
0.164 2 0.9241927911549919 2 107.03412437438965
0.164 3 0.9241927911549919 2 105.59014582633972
0.164 4 0.9241927911549919 2 105.59359192848206
0.17200000000000001 0 0.9216120031977346 2 109.85133814811707
0.17200000000000001 1 0.9216120031977346 2 109.46404576301575
0.17200000000000001 2 0.9216120031977346 2 109.44907474517822
0.17200000000000001 3 0.9216120031977346 2 109.3946180343628
0.17200000000000001 4 0.9216120031977346 2 109.48792338371277
0.18 0 0.9193145995300984 2 112.88325214385986
0.18 1 0.9193145995300984 2 112.99757122993469
0.18 2 0.9193145995300984 2 113.00733160972595
0.18 3 0.9193145995300984 2 112.8915581703186
0.18 4 0.9193145995300984 2 113.00767946243286
0.188 0 0.9083890699656412 2 126.61670994758606
0.188 1 0.9083890699656412 2 125.5252788066864
0.188 2 0.9083890699656412 2 125.29874539375305
0.188 3 0.9083890699656412 2 126.85828900337219
0.188 4 0.9083890699656412 2 125.23982286453247
0.196 0 0.9041422953378074 2 125.80374884605408
0.196 1 0.9041422953378074 2 125.81251120567322
0.196 2 0.9041422953378074 2 125.79179763793945
0.196 3 0.9041422953378074 2 125.66180729866028
0.196 4 0.9041422953378074 2 125.759206533432
0.20400000000000001 0 0.8937232643697212 2 127.15356492996216
0.20400000000000001 1 0.8937232643697212 2 126.75220036506653
0.20400000000000001 2 0.8937232643697212 2 126.89497947692871
0.20400000000000001 3 0.8937232643697212 2 126.68236041069031
0.20400000000000001 4 0.8937232643697212 2 127.0918357372284
0.21200000000000002 0 0.8896520513286591 2 131.43356704711914
0.21200000000000002 1 0.8896520513286591 2 130.82750177383423
0.21200000000000002 2 0.8896520513286591 2 132.57381296157837
0.21200000000000002 3 0.8896520513286591 2 130.75484204292297
0.21200000000000002 4 0.8896520513286591 2 130.93737053871155
0.22 0 0.8758381012235775 2 138.3931884765625
0.22 1 0.8758381012235775 2 138.16052722930908
0.22 2 0.8758381012235775 2 138.07844638824463
0.22 3 0.8758381012235775 2 138.16800832748413
0.22 4 0.8758381012235775 2 138.37677216529846
0.228 0 0.8493549363419407 2 141.49034118652344
0.228 1 0.8493549363419407 2 141.69630908966064
0.228 2 0.8493549363419407 2 141.81186866760254
0.228 3 0.8493549363419407 2 141.87334632873535
0.228 4 0.8493549363419407 2 141.57895851135254
0.23600000000000002 0 0.8226142808957102 2 142.7022705078125
0.23600000000000002 1 0.8226142808957102 2 140.9429919719696
0.23600000000000002 2 0.8226142808957102 2 141.48977136611938
0.23600000000000002 3 0.8226142808957102 2 141.0064628124237
0.23600000000000002 4 0.8226142808957102 2 141.26408767700195
0.24400000000000002 0 0.810732895842904 2 159.80661463737488
0.24400000000000002 1 0.810732895842904 2 160.11091327667236
0.24400000000000002 2 0.810732895842904 2 159.79209303855896
0.24400000000000002 3 0.810732895842904 2 159.96913075447083
0.24400000000000002 4 0.810732895842904 2 159.80649518966675
0.252 0 0.7907500467273184 2 157.40842485427856
0.252 1 0.7907500467273184 2 156.6997950077057
0.252 2 0.7907500467273184 2 158.69626474380493
0.252 3 0.7907500467273184 2 156.78836941719055
0.252 4 0.7907500467273184 2 157.39046812057495
0.26 0 0.7700237112838827 2 178.24179553985596
0.26 1 0.7700237112838827 2 177.82202768325806
0.26 2 0.7700237112838827 2 178.20600843429565
0.26 3 0.7700237112838827 2 177.96624445915222
0.26 4 0.7700237112838827 2 178.06140232086182
0.268 0 0.7455508609689988 2 182.31798267364502
0.268 1 0.7455508609689988 2 182.8638265132904
0.268 2 0.7455508609689988 2 184.08609414100647
0.268 3 0.7455508609689988 2 182.3842933177948
0.268 4 0.7455508609689988 2 182.84843683242798
0.276 0 0.7151329043566466 2 172.2467815876007
0.276 1 0.7151329043566466 2 172.13579440116882
0.276 2 0.7151329043566466 2 172.92525792121887
0.276 3 0.7151329043566466 2 172.2207055091858
0.276 4 0.7151329043566466 2 172.34511280059814
0.28400000000000003 0 0.7038155911393367 2 199.24800872802734
0.28400000000000003 1 0.7038155911393367 2 199.5965793132782
0.28400000000000003 2 0.7038155911393367 2 201.07860851287842
0.28400000000000003 3 0.7038155911393367 2 199.23338556289673
0.28400000000000003 4 0.7038155911393367 2 199.97753596305847
0.29200000000000004 0 0.6853085993009861 2 189.36396074295044
0.29200000000000004 1 0.6853085993009861 2 188.70310163497925
0.29200000000000004 2 0.6853085993009861 2 189.30360460281372
0.29200000000000004 3 0.6853085993009861 2 188.7582836151123
0.29200000000000004 4 0.6853085993009861 2 189.10901284217834
0.30000000000000004 0 0.6755263805082232 2 187.04474782943726
0.30000000000000004 1 0.6755263805082232 2 187.7450714111328
0.30000000000000004 2 0.6755263805082232 2 187.45491552352905
0.30000000000000004 3 0.6755263805082232 2 186.8925666809082
0.30000000000000004 4 0.6755263805082232 2 186.85806822776794
0.30800000000000005 0 0.6380300652102272 2 190.79577040672302
0.30800000000000005 1 0.6380300652102272 2 190.85691571235657
0.30800000000000005 2 0.6380300652102272 2 190.8092324733734
0.30800000000000005 3 0.6380300652102272 2 190.7249240875244
0.30800000000000005 4 0.6380300652102272 2 190.80931758880615
0.316 0 0.6111844350454607 2 210.3995373249054
0.316 1 0.6111844350454607 2 211.75195980072021
0.316 2 0.6111844350454607 2 210.20053625106812
0.316 3 0.6111844350454607 2 209.9893798828125
0.316 4 0.6111844350454607 2 209.88655161857605
0.324 0 0.5713944840441987 2 221.7881143093109
0.324 1 0.5713944840441987 2 221.32392692565918
0.324 2 0.5713944840441987 2 225.79729771614075
0.324 3 0.5713944840441987 2 222.21268105506897
0.324 4 0.5713944840441987 2 223.37522292137146
0.332 0 0.5492060878479059 2 239.00262260437012
0.332 1 0.5492060878479059 2 238.3296341896057
0.332 2 0.5492060878479059 2 238.67014813423157
0.332 3 0.5492060878479059 2 238.74330282211304
0.332 4 0.5492060878479059 2 238.48329758644104
0.33999999999999997 0 0.5277295056042761 2 259.9978494644165
0.33999999999999997 1 0.5277295056042761 2 260.7901101112366
0.33999999999999997 2 0.5277295056042761 2 260.1883428096771
0.33999999999999997 3 0.5277295056042761 2 261.94455313682556
0.33999999999999997 4 0.5277295056042761 2 259.3883137702942
0.348 0 0.5070444513724238 2 261.27929282188416
0.348 1 0.5070444513724238 2 260.4201421737671
0.348 2 0.5070444513724238 2 261.48509669303894
0.348 3 0.5070444513724238 2 261.8698604106903
0.348 4 0.5070444513724238 2 260.7853150367737
0.356 0 0.48615008458508746 2 266.9504120349884
0.356 1 0.48615008458508746 2 266.2079360485077
0.356 2 0.48615008458508746 2 266.8297758102417
0.356 3 0.48615008458508746 2 266.6694164276123
0.356 4 0.48615008458508746 2 266.6632544994354
0.364 0 0.43976763774464817 2 279.9996871948242
0.364 1 0.43976763774464817 2 278.34583020210266
0.364 2 0.43976763774464817 2 278.17902421951294
0.364 3 0.43976763774464817 2 287.73233222961426
0.364 4 0.43976763774464817 2 293.74894094467163
0.372 0 0.41312484596801397 2 335.53671526908875
0.372 1 0.41312484596801397 2 326.1230990886688
0.372 2 0.41312484596801397 2 314.91580510139465
0.372 3 0.41312484596801397 2 308.5363926887512
0.372 4 0.41312484596801397 2 315.18066453933716
0.38 0 0.383391037840101 2 311.804137468338
0.38 1 0.383391037840101 2 316.7738924026489
0.38 2 0.383391037840101 2 324.1670961380005
0.38 3 0.383391037840101 2 324.35353565216064
0.38 4 0.383391037840101 2 323.2227072715759
0.388 0 0.34312156722502785 2 345.7158522605896
0.388 1 0.34312156722502785 2 345.41452622413635
0.388 2 0.34312156722502785 2 353.6378629207611
0.388 3 0.34312156722502785 2 350.7398865222931
0.388 4 0.34312156722502785 2 352.4671108722687
0.396 0 0.2977936639018455 2 384.54991841316223
0.396 1 0.2977936639018455 2 374.58122754096985
0.396 2 0.2977936639018455 2 363.34833097457886
0.396 3 0.2977936639018455 2 348.61665415763855
0.396 4 0.2977936639018455 2 351.5297677516937
0.404 0 0.2814373074567034 2 362.808940410614
0.404 1 0.2814373074567034 2 350.6315486431122
0.404 2 0.2814373074567034 2 351.25938272476196
0.404 3 0.2814373074567034 2 353.2653558254242
0.404 4 0.2814373074567034 2 354.8464856147766
0.41200000000000003 0 0.2527136039870389 2 429.36804151535034
0.41200000000000003 1 0.2527136039870389 2 435.3374423980713
0.41200000000000003 2 0.2527136039870389 2 433.3487775325775
0.41200000000000003 3 0.2527136039870389 2 429.46582794189453
0.41200000000000003 4 0.2527136039870389 2 442.55823707580566
0.42000000000000004 0 0.24526757545952554 2 499.84332489967346
0.42000000000000004 1 0.24526757545952554 2 503.90155601501465
0.42000000000000004 2 0.24526757545952554 2 495.3878209590912
0.42000000000000004 3 0.24526757545952554 2 506.6220405101776
0.42000000000000004 4 0.24526757545952554 2 492.2617201805115
0.42800000000000005 0 0.19609192604098127 2 461.95187425613403
0.42800000000000005 1 0.19609192604098127 2 461.5267720222473
0.42800000000000005 2 0.19609192604098127 2 461.95965337753296
0.42800000000000005 3 0.19609192604098127 2 464.05253767967224
0.42800000000000005 4 0.19609192604098127 2 462.4725422859192
0.43600000000000005 0 0.17671893389402316 2 539.7621009349823
0.43600000000000005 1 0.17671893389402316 2 539.0066974163055
0.43600000000000005 2 0.17671893389402316 2 540.7994768619537
0.43600000000000005 3 0.17671893389402316 2 552.5516629219055
0.43600000000000005 4 0.17671893389402316 2 573.303760766983
0.44400000000000006 0 0.16378697166253944 2 528.5032775402069
0.44400000000000006 1 0.16378697166253944 2 519.6616950035095
0.44400000000000006 2 0.16378697166253944 2 542.2944710254669
0.44400000000000006 3 0.16378697166253944 2 544.2434921264648
0.44400000000000006 4 0.16378697166253944 2 537.4575562477112
0.45199999999999996 0 0.1529394889928149 2 563.7834255695343
0.45199999999999996 1 0.1529394889928149 2 576.0567712783813
0.45199999999999996 2 0.1529394889928149 2 570.5877077579498
0.45199999999999996 3 0.1529394889928149 2 570.2039704322815
0.45199999999999996 4 0.1529394889928149 2 577.7511415481567
0.45999999999999996 0 0.1466380866814113 2 662.6442379951477
0.45999999999999996 1 0.1466380866814113 2 617.8996379375458
0.45999999999999996 2 0.1466380866814113 2 612.2271897792816
0.45999999999999996 3 0.1466380866814113 2 607.7344772815704
0.45999999999999996 4 0.1466380866814113 2 606.820249080658
0.46799999999999997 0 0.08739336848808493 2 984.5025653839111
0.46799999999999997 1 0.08739336848808493 2 982.6947050094604
0.46799999999999997 2 0.08739336848808493 2 982.9404425621033
0.46799999999999997 3 0.08739336848808493 2 981.169860124588
0.46799999999999997 4 0.08739336848808493 2 983.6367089748383
0.476 0 0.11199597992472922 2 983.947229385376
0.476 1 0.11199597992472922 2 983.9599175453186
0.476 2 0.11199597992472922 2 981.9993097782135
0.476 3 0.11199597992472922 2 995.6203463077545
0.476 4 0.11199597992472922 2 983.6810963153839
0.484 0 0.00022255666285996202 2 773.591153383255
0.484 1 0.00022255666285996202 2 773.1144604682922
0.484 2 0.00022255666285996202 2 775.6974465847015
0.484 3 0.00022255666285996202 2 774.3288805484772
0.484 4 0.00022255666285996202 2 774.1417784690857
0.492 0 0.0025357070686386173 2 670.6662993431091
0.492 1 0.0025357070686386173 2 669.6988050937653
0.492 2 0.0025357070686386173 2 671.3284504413605
0.492 3 0.0025357070686386173 2 669.6993269920349
0.492 4 0.0025357070686386173 2 671.204838514328
0.5 0 0.0011148292200659615 2 761.1455490589142
0.5 1 0.0011148292200659615 2 760.1113469600677
0.5 2 0.0011148292200659615 2 761.7032237052917
0.5 3 0.0011148292200659615 2 761.054386138916
0.5 4 0.0011148292200659615 2 762.2746541500092
0.508 0 0.004541303901399555 2 981.5172836780548
0.508 1 0.004541303901399555 2 982.8984959125519
0.508 2 0.004541303901399555 2 982.7300345897675
0.508 3 0.004541303901399555 2 982.6979629993439
0.508 4 0.004541303901399555 2 981.782915353775
0.516 0 -0.00023552441010526074 2 983.8864047527313
0.516 1 -0.00023552441010526074 2 982.7516665458679
0.516 2 -0.00023552441010526074 2 983.2437014579773
0.516 3 -0.00023552441010526074 2 983.6987159252167
0.516 4 -0.00023552441010526074 2 982.8582165241241
0.524 0 0.013282407654687588 2 936.41144323349
0.524 1 0.013282407654687588 2 933.7668180465698
0.524 2 0.013282407654687588 2 935.3690805435181
0.524 3 0.013282407654687588 2 932.9508411884308
0.524 4 0.013282407654687588 2 944.1369132995605
0.532 0 -0.00020183627674887127 2 746.5319125652313
0.532 1 -0.00020183627674887127 2 741.0030524730682
0.532 2 -0.00020183627674887127 2 740.6224308013916
0.532 3 -0.00020183627674887127 2 727.5023403167725
0.532 4 -0.00020183627674887127 2 709.4407753944397
0.54 0 0.0033000155789045093 2 588.9406504631042
0.54 1 0.0033000155789045093 2 605.669614315033
0.54 2 0.0033000155789045093 2 599.0539844036102
0.54 3 0.0033000155789045093 2 588.9933576583862
0.54 4 0.0033000155789045093 2 587.6689262390137
0.548 0 0.005790022788576126 2 488.2578456401825
0.548 1 0.005790022788576126 2 485.8780858516693
0.548 2 0.005790022788576126 2 494.87489438056946
0.548 3 0.005790022788576126 2 514.7559592723846
0.548 4 0.005790022788576126 2 529.8477957248688
0.556 0 0.0004682870296932688 2 452.59096002578735
0.556 1 0.0004682870296932688 2 436.65506958961487
0.556 2 0.0004682870296932688 2 431.8558187484741
0.556 3 0.0004682870296932688 2 430.22853088378906
0.556 4 0.0004682870296932688 2 432.4615306854248
