0.406 0 0.08958577800476725 3 22.575546264648438
0.406 1 0.13522151829445508 2 19.58349347114563
0.406 2 0.14365170633107968 2 15.74902892112732
0.406 3 0.09320830663609259 3 17.45166802406311
0.406 4 0.09293525500983961 3 18.999669075012207
0.406 5 0.13407097609404137 2 24.30224061012268
0.406 6 0.08937477194486852 3 21.91988182067871
0.406 7 0.09697304019777311 3 23.661242246627808
0.406 8 0.1428447725982636 2 19.97722625732422
0.406 9 0.09815920011764553 3 22.640210390090942
0.406 10 0.14010755606628109 2 19.966240882873535
0.406 11 0.1441763128680625 2 17.36248469352722
0.406 12 0.14761564827554094 2 16.179368257522583
0.406 13 0.08954883027281081 3 17.522886037826538
0.406 14 0.1428880726948562 2 15.122359275817871
0.406 15 0.15739752994854864 2 18.10313844680786
0.406 16 0.13450969764711518 2 24.221129894256592
0.406 17 0.15601019491014778 2 18.622985124588013
0.406 18 0.08980570397377752 3 24.41146230697632
0.406 19 0.14986835737247114 2 15.99700403213501
0.406 20 0.15914817380910848 2 19.66515302658081
0.406 21 0.13470556181309606 2 19.885655641555786
0.406 22 0.0962086557201553 3 15.575332164764404
0.406 23 0.1337498919240993 2 20.981598615646362
0.406 24 0.14981555049448236 2 17.331602573394775
0.406 25 0.0892888762446671 3 23.74548840522766
0.406 26 0.1615545929105866 2 19.16170048713684
0.406 27 0.0647545594582491 4 21.121923685073853
0.406 28 0.149475430302153 2 21.955440759658813
0.406 29 0.15152281752070662 2 18.400147676467896
0.4 0 0.17445848778604667 2 20.87758159637451
0.4 1 0.15575793486658251 2 18.603450298309326
0.4 2 0.09881971576070034 3 18.148738622665405
0.4 3 0.1579579498105895 2 22.677103757858276
0.4 4 0.16353636739347832 2 21.843401432037354
0.4 5 0.1668723159459699 2 21.64830470085144
0.4 6 0.10149676202012355 3 19.250423192977905
0.4 7 0.17170935328455095 2 17.796189546585083
0.4 8 0.16776174078497638 2 14.566662311553955
0.4 9 0.09837265392266038 3 16.853904962539673
0.4 10 0.09624696541998655 3 26.16325354576111
0.4 11 0.1581372830748329 2 17.497250080108643
0.4 12 0.09940251669782112 3 17.589653491973877
0.4 13 0.16763128266258334 2 21.032180070877075
0.4 14 0.1000219440525661 3 20.692236185073853
0.4 15 0.17946581007296628 2 17.39539361000061
0.4 16 0.15671075993692055 2 24.935098886489868
0.4 17 0.16343825220323724 2 22.627583503723145
0.4 18 0.1670730001045829 2 24.818780422210693
0.4 19 0.17193638822823298 2 23.079850912094116
0.4 20 0.10280641763251583 3 24.111141443252563
0.4 21 0.10867662481433009 3 24.19271683692932
0.4 22 0.11199194764626302 3 19.996614694595337
0.4 23 0.17223134555471872 2 19.384581804275513
0.4 24 0.10826292681726013 3 16.828184127807617
0.4 25 0.15178340786122305 2 21.964797735214233
0.4 26 0.1605637523103479 2 22.05234169960022
0.4 27 0.15665513265656592 2 19.57927894592285
0.4 28 0.10259172747739294 3 17.936502933502197
0.4 29 0.16754468473398418 2 23.010270833969116
0.402 0 0.16348549192802192 2 21.493563652038574
0.402 1 0.1552406686476141 2 25.459284782409668
0.402 2 0.09760726628234119 3 17.9460346698761
0.402 3 0.10205330864974244 3 19.684712409973145
0.402 4 0.148528057426808 2 19.518199682235718
0.402 5 0.163120582966961 2 17.94288206100464
0.402 6 0.15575562855885233 2 19.909455060958862
0.402 7 0.16164531627731193 2 21.40312433242798
0.402 8 0.1456330846623588 2 20.372310161590576
0.402 9 0.09917264931074463 3 29.801669597625732
0.402 10 0.15467085012041193 2 17.256673336029053
0.402 11 0.14981035415029736 2 15.4008948802948
0.402 12 0.16471310036477252 2 24.901896953582764
0.402 13 0.16598494383300527 2 27.93700361251831
0.402 14 0.1665757952973939 2 15.372689962387085
0.402 15 0.16552395662362815 2 21.77058506011963
0.402 16 0.16618196287357231 2 18.43076181411743
0.402 17 0.1051844201199413 3 17.588720083236694
0.402 18 0.15309472283251715 2 19.92416548728943
0.402 19 0.14693483494924245 2 19.28169298171997
0.402 20 0.15874444635217455 2 18.233386516571045
0.402 21 0.15976644814536722 2 27.661914587020874
0.402 22 0.09808965442664344 3 25.597142219543457
0.402 23 0.17328398925415048 2 18.52299451828003
0.402 24 0.09747873557818348 3 17.93138599395752
0.402 25 0.16723957093334388 2 21.3328595161438
0.402 26 0.16123348247641842 2 22.829572439193726
0.402 27 0.15651419573348943 2 19.378303050994873
0.402 28 0.15819787617023506 2 19.70165705680847
0.402 29 0.16914285303713433 2 29.229648113250732
0.404 0 0.16174426725968996 2 25.514277935028076
0.404 1 0.15623663782236133 2 19.057165145874023
0.404 2 0.09079119781699298 3 20.76164960861206
0.404 3 0.15978548808567083 2 21.382798194885254
0.404 4 0.1477363660831906 2 24.561586618423462
0.404 5 0.16671745062047155 2 22.619072198867798
0.404 6 0.15618961425854433 2 28.385818243026733
0.404 7 0.15523563647127425 2 21.009035348892212
0.404 8 0.10157994753231507 3 22.234185218811035
0.404 9 0.1612275424978705 2 21.617316007614136
0.404 10 0.1461694835527541 2 19.78524899482727
0.404 11 0.08918674809654312 3 22.4044988155365
0.404 12 0.09783823830527467 3 25.44934368133545
0.404 13 0.15550086646832115 2 21.096949577331543
0.404 14 0.16072505369810086 2 19.966925144195557
0.404 15 0.16169391798165306 2 16.996706247329712
0.404 16 0.1699200652644481 2 20.88890314102173
0.404 17 0.09473900446757864 3 20.47290349006653
0.404 18 0.1403183441055524 2 18.49912667274475
0.404 19 0.08772632609813363 3 22.402550220489502
0.404 20 0.1605858147971446 2 22.280768871307373
0.404 21 0.16237735445689505 2 20.83537483215332
0.404 22 0.14514149612595323 2 19.234162092208862
0.404 23 0.15009074890955212 2 22.38486933708191
0.404 24 0.15038648194454407 2 16.460293531417847
0.404 25 0.1624383367545022 2 22.37216353416443
0.404 26 0.14878890744586246 2 16.360045909881592
0.404 27 0.09812273204528754 3 28.537111282348633
0.404 28 0.09639590078105582 3 17.229480743408203
0.404 29 0.09791241396704274 3 21.051467657089233
0.40800000000000003 0 0.09479083384712729 3 30.604968309402466
0.40800000000000003 1 0.13705802048968105 2 23.65712261199951
0.40800000000000003 2 0.14354667031059185 2 18.84619379043579
0.40800000000000003 3 0.08203524769623871 3 21.657068014144897
0.40800000000000003 4 0.13464531875496916 2 16.768000602722168
0.40800000000000003 5 0.0936263014005603 3 18.337056398391724
0.40800000000000003 6 0.09247413143599494 3 19.973739624023438
0.40800000000000003 7 0.12907714077669816 2 17.17976212501526
0.40800000000000003 8 0.13648555384528258 2 18.594969272613525
0.40800000000000003 9 0.14065196401891336 2 19.181975841522217
0.40800000000000003 10 0.14336282209151102 2 22.97762656211853
0.40800000000000003 11 0.09661967442382632 3 24.90408492088318
0.40800000000000003 12 0.13379029152547897 2 21.033303022384644
0.40800000000000003 13 0.14838422378832247 2 18.792268753051758
0.40800000000000003 14 0.13763042560504207 2 21.468430280685425
0.40800000000000003 15 0.0940134840017164 3 17.634745597839355
0.40800000000000003 16 0.06619221352072631 4 15.72847318649292
0.40800000000000003 17 0.14083368568791924 2 18.721758604049683
0.40800000000000003 18 0.14204257230516756 2 24.524652242660522
0.40800000000000003 19 0.13042000935955347 2 20.541717529296875
0.40800000000000003 20 0.08316221366712222 3 24.79422926902771
0.40800000000000003 21 0.14210960973643472 2 16.005584955215454
0.40800000000000003 22 0.1399850077681285 2 20.74398422241211
0.40800000000000003 23 0.14387677739767882 2 16.0585298538208
0.40800000000000003 24 0.08816426688456686 3 20.21900749206543
0.40800000000000003 25 0.08860637353427607 3 19.964537620544434
0.40800000000000003 26 0.09529529376279534 3 18.833117723464966
0.40800000000000003 27 0.14347968141513603 2 17.25648069381714
0.40800000000000003 28 0.1472236642348523 2 17.713778972625732
0.40800000000000003 29 0.09324545688670556 3 18.334248781204224
0.41000000000000003 0 0.13590721466062125 2 18.15515661239624
0.41000000000000003 1 0.13795046940302105 2 16.57155680656433
0.41000000000000003 2 0.14085707385438362 2 22.9582257270813
0.41000000000000003 3 0.12214561259208563 2 22.388479232788086
0.41000000000000003 4 0.13107398061289663 2 28.566814184188843
0.41000000000000003 5 0.1553139439041849 2 17.88318157196045
0.41000000000000003 6 0.13739150127710845 2 17.49105954170227
0.41000000000000003 7 0.1294691196329709 2 18.582433462142944
0.41000000000000003 8 0.11759190167515275 2 22.411361694335938
0.41000000000000003 9 0.12783797129910612 2 18.327603340148926
0.41000000000000003 10 0.14129032651066678 2 26.342550039291382
0.41000000000000003 11 0.07696245296150878 3 22.587302923202515
0.41000000000000003 12 0.13494939239807233 2 16.210749864578247
0.41000000000000003 13 0.13586755143198367 2 19.391530752182007
0.41000000000000003 14 0.08384518718084541 3 19.788177251815796
0.41000000000000003 15 0.14849872049287544 2 15.966102838516235
0.41000000000000003 16 0.13846934405399572 2 22.247231245040894
0.41000000000000003 17 0.12884236950612907 2 20.201221227645874
0.41000000000000003 18 0.13590119388854402 2 23.573529958724976
0.41000000000000003 19 0.1387286142001177 2 18.57765531539917
0.41000000000000003 20 0.07426459648941475 4 24.185011863708496
0.41000000000000003 21 0.13431243650396235 2 21.0725314617157
0.41000000000000003 22 0.12879066795746305 2 13.436451435089111
0.41000000000000003 23 0.1483728264355044 2 20.769534587860107
0.41000000000000003 24 0.08541624464713049 3 20.565951585769653
0.41000000000000003 25 0.080476847523718 3 20.83564829826355
0.41000000000000003 26 0.13779020843047415 2 21.923850059509277
0.41000000000000003 27 0.13962536514850238 2 21.011037826538086
0.41000000000000003 28 0.14335266777623817 2 17.624934911727905
0.41000000000000003 29 0.11763131201819357 2 15.41272234916687
0.41200000000000003 0 0.13865378818260427 2 15.38360047340393
0.41200000000000003 1 0.0845297189853552 3 20.150453090667725
0.41200000000000003 2 0.13741191935661035 2 23.482088088989258
0.41200000000000003 3 0.14155025218081088 2 16.220288515090942
0.41200000000000003 4 0.08138579379895994 3 23.28256130218506
0.41200000000000003 5 0.12221521222084498 2 18.598237991333008
0.41200000000000003 6 0.13798259026444826 2 22.239226579666138
0.41200000000000003 7 0.13220037607815793 2 18.574589729309082
0.41200000000000003 8 0.12413460286408828 2 18.284374237060547
0.41200000000000003 9 0.13833280603804532 2 20.07167387008667
0.41200000000000003 10 0.14258325408146455 2 18.952807188034058
0.41200000000000003 11 0.08604432437599627 3 22.158105850219727
0.41200000000000003 12 0.07918528353456773 3 16.694429636001587
0.41200000000000003 13 0.12526652606051736 2 22.17692518234253
0.41200000000000003 14 0.13022888984375985 2 20.159733057022095
0.41200000000000003 15 0.10913267666305627 2 18.733220100402832
0.41200000000000003 16 0.08149830065234592 3 21.07672429084778
0.41200000000000003 17 0.13295291269935477 2 21.93744945526123
0.41200000000000003 18 0.10888150630534907 2 20.093179941177368
0.41200000000000003 19 0.11651538981844625 2 19.839327335357666
0.41200000000000003 20 0.12548460092834252 2 23.1066255569458
0.41200000000000003 21 0.13424004186700209 2 19.10585641860962
0.41200000000000003 22 0.13352596105980374 2 28.939477920532227
0.41200000000000003 23 0.1301484563752744 2 20.428112030029297
0.41200000000000003 24 0.12155080080530063 2 17.306890726089478
0.41200000000000003 25 0.07074540130456641 3 20.153809309005737
0.41200000000000003 26 0.14236063226890291 2 13.987206220626831
0.41200000000000003 27 0.13008850412287268 2 17.68888521194458
0.41200000000000003 28 0.08603594908265494 3 24.606385707855225
0.41200000000000003 29 0.1288129343021069 2 22.609367847442627
0.41400000000000003 0 0.11377720738592141 2 29.76848816871643
0.41400000000000003 1 0.11703235594149423 2 20.171699047088623
0.41400000000000003 2 0.13745367551315638 2 20.268274784088135
0.41400000000000003 3 0.1222857844857119 2 19.31545615196228
0.41400000000000003 4 0.12611765167337252 2 22.7943856716156
0.41400000000000003 5 0.13293690091373098 2 15.515239953994751
0.41400000000000003 6 0.12095548396380668 2 20.486389636993408
0.41400000000000003 7 0.06073961805223241 4 22.953822135925293
0.41400000000000003 8 0.12024799239063748 2 22.965079307556152
0.41400000000000003 9 0.13779730143319768 2 22.34945273399353
0.41400000000000003 10 0.12535586076919628 2 25.69836401939392
0.41400000000000003 11 0.08541466812390927 3 20.963589429855347
0.41400000000000003 12 0.07750817391945991 3 19.525421619415283
0.41400000000000003 13 0.12577333594824708 2 19.722896575927734
0.41400000000000003 14 0.08593060322686823 3 27.147064685821533
0.41400000000000003 15 0.12068926205474828 2 18.040984392166138
0.41400000000000003 16 0.12736460917129008 2 20.40713858604431
0.41400000000000003 17 0.13294319996685983 2 17.695919275283813
0.41400000000000003 18 0.08516581493359876 3 17.610116004943848
0.41400000000000003 19 0.12305014431888751 2 22.543806076049805
0.41400000000000003 20 0.1275012090718054 2 22.398418426513672
0.41400000000000003 21 0.14192898559754002 2 23.641473531723022
0.41400000000000003 22 0.07907290346049019 3 21.70870542526245
0.41400000000000003 23 0.12306789472665237 2 17.402995586395264
0.41400000000000003 24 0.12209956386231442 2 24.301734924316406
0.41400000000000003 25 0.13112749130962364 2 16.704796314239502
0.41400000000000003 26 0.12708037224470511 2 15.488322734832764
0.41400000000000003 27 0.130159361400565 2 18.47543454170227
0.41400000000000003 28 0.07579168768327067 3 23.0451922416687
0.41400000000000003 29 0.08751435893768743 3 19.65416717529297
0.41600000000000004 0 0.07807656463932515 3 21.704718828201294
0.41600000000000004 1 0.1257764758737827 2 17.59105896949768
0.41600000000000004 2 0.08767315248035784 3 21.639888763427734
0.41600000000000004 3 0.11655126893606645 2 20.938560247421265
0.41600000000000004 4 0.11254295035455088 2 21.910802602767944
0.41600000000000004 5 0.12966848196216682 2 19.833486318588257
0.41600000000000004 6 0.1288714290838395 2 19.246747493743896
0.41600000000000004 7 0.11702425062658203 2 14.720322847366333
0.41600000000000004 8 0.07098381672157926 3 21.145870685577393
0.41600000000000004 9 0.1059644273912514 2 25.961923837661743
0.41600000000000004 10 0.11820086832829281 2 19.377765655517578
0.41600000000000004 11 0.07215583415675854 3 18.651132822036743
0.41600000000000004 12 0.12813651148511293 2 24.420310735702515
0.41600000000000004 13 0.07881661608331997 3 20.27431011199951
0.41600000000000004 14 0.11283503696391367 2 22.464569807052612
0.41600000000000004 15 0.08138992566368451 3 18.29632258415222
0.41600000000000004 16 0.10395137094012921 2 19.001461505889893
0.41600000000000004 17 0.0798461626139256 3 27.37749743461609
0.41600000000000004 18 0.05772513044574262 4 16.270174026489258
0.41600000000000004 19 0.1345808817003301 2 18.106781482696533
0.41600000000000004 20 0.12021191305664511 2 24.477930545806885
0.41600000000000004 21 0.07061681479995571 3 20.711504459381104
0.41600000000000004 22 0.12817129449029008 2 22.03529953956604
0.41600000000000004 23 0.13268312756793088 2 22.045615673065186
0.41600000000000004 24 0.11017765888514096 2 18.798643589019775
0.41600000000000004 25 0.12379964214639638 2 23.037938356399536
0.41600000000000004 26 0.12452766619270472 2 18.019143104553223
0.41600000000000004 27 0.12513982154080575 2 23.11042332649231
0.41600000000000004 28 0.07023205771675985 3 16.383415937423706
0.41600000000000004 29 0.061310034862235206 3 21.419925689697266
0.41800000000000004 0 0.12291294334121777 2 22.323429107666016
0.41800000000000004 1 0.11739617019500237 2 17.605450868606567
0.41800000000000004 2 0.11425214279294847 2 25.7612042427063
0.41800000000000004 3 0.11617376544438422 2 23.813758373260498
0.41800000000000004 4 0.11360899099829248 2 23.16409397125244
0.41800000000000004 5 0.10585123009094702 2 27.826727390289307
0.41800000000000004 6 0.1147988494405401 2 20.477025032043457
0.41800000000000004 7 0.06898138424070335 3 21.216699600219727
0.41800000000000004 8 0.11690487526009849 2 25.118836164474487
0.41800000000000004 9 0.07355429402758563 3 17.916107416152954
0.41800000000000004 10 0.07090822617825969 3 16.867160320281982
0.41800000000000004 11 0.1013070769138458 2 19.64987564086914
0.41800000000000004 12 0.11794289566407588 2 20.286261796951294
0.41800000000000004 13 0.07595282991169693 3 23.97163200378418
0.41800000000000004 14 0.09694935365717285 2 17.354109048843384
0.41800000000000004 15 0.11521225663265715 2 22.337617874145508
0.41800000000000004 16 0.0665417906066939 3 18.30334734916687
0.41800000000000004 17 0.12505562079496582 2 20.022812843322754
0.41800000000000004 18 0.07267511788002182 3 24.232027530670166
0.41800000000000004 19 0.10790118092960124 2 18.607081413269043
0.41800000000000004 20 0.12512139884559365 2 25.4790141582489
0.41800000000000004 21 0.11354058979331665 2 20.041280031204224
0.41800000000000004 22 0.11309192556043134 2 24.950395107269287
0.41800000000000004 23 0.10376066033659884 2 17.007903814315796
0.41800000000000004 24 0.0700936858603377 3 25.792582273483276
0.41800000000000004 25 0.07306491818253755 3 16.797748565673828
0.41800000000000004 26 0.07188263960144166 3 18.575276851654053
0.41800000000000004 27 0.13436233345842574 2 19.036386489868164
0.41800000000000004 28 0.12137037622207145 2 23.13465142250061
0.41800000000000004 29 0.09340169831436657 2 19.359299898147583
0.42000000000000004 0 0.0637178965398179 3 21.92403292655945
0.42000000000000004 1 0.11389840949895455 2 15.844334125518799
0.42000000000000004 2 0.0638167997922481 3 19.310786485671997
0.42000000000000004 3 0.1003012561246663 2 22.52618169784546
0.42000000000000004 4 0.0738188638263563 3 17.982415437698364
0.42000000000000004 5 0.08767903544709621 2 21.214410543441772
0.42000000000000004 6 0.11105437213470282 2 14.807599544525146
0.42000000000000004 7 0.11953373738967323 2 20.49107313156128
0.42000000000000004 8 0.09867734838313492 2 19.77673864364624
0.42000000000000004 9 0.10795929751459506 2 26.63096261024475
0.42000000000000004 10 0.1024158977312555 2 18.733177185058594
0.42000000000000004 11 0.1177416202739224 2 23.019587755203247
0.42000000000000004 12 0.05565886831111183 4 19.804529905319214
0.42000000000000004 13 0.11793468709584956 2 21.04473328590393
0.42000000000000004 14 0.12115075875779367 2 18.87293529510498
0.42000000000000004 15 0.10357359645991075 2 20.73738121986389
0.42000000000000004 16 0.05876978028381745 3 21.29420828819275
0.42000000000000004 17 0.09708470755915437 2 18.365155458450317
0.42000000000000004 18 0.10033364638180269 2 23.305137634277344
0.42000000000000004 19 0.1183621769067038 2 28.447124481201172
0.42000000000000004 20 0.11927382694994264 2 22.65976572036743
0.42000000000000004 21 0.09068318005055327 2 16.794472455978394
0.42000000000000004 22 0.06178236714386974 3 20.371247053146362
0.42000000000000004 23 0.04690577712008572 4 19.4128258228302
0.42000000000000004 24 0.07324257960036554 3 24.029016494750977
0.42000000000000004 25 0.12421679254839131 2 19.672373294830322
0.42000000000000004 26 0.07272874487352482 3 22.632568359375
0.42000000000000004 27 0.11400290504932431 2 19.48497986793518
0.42000000000000004 28 0.10398505781411935 2 35.611690282821655
0.42000000000000004 29 0.11104871949127634 2 24.904512882232666
0.42200000000000004 0 0.09712450131155109 2 17.24818468093872
0.42200000000000004 1 0.0683721364574898 3 21.08916163444519
0.42200000000000004 2 0.09077265157997334 2 22.639667987823486
0.42200000000000004 3 0.09864956928433609 2 20.981027603149414
0.42200000000000004 4 0.10211037725429009 2 18.654404401779175
0.42200000000000004 5 0.06941403569751278 3 20.020865440368652
0.42200000000000004 6 0.11738794836906169 2 28.99318766593933
0.42200000000000004 7 0.061160561868441245 3 19.924474954605103
0.42200000000000004 8 0.12568300837263852 2 20.059056758880615
0.42200000000000004 9 0.06331197635157611 3 19.297938108444214
0.42200000000000004 10 0.10089898882718103 2 17.05701208114624
0.42200000000000004 11 0.065184999837362 3 21.74271869659424
0.42200000000000004 12 0.05871487371688347 3 19.27405595779419
0.42200000000000004 13 0.06601491207864577 3 16.57389807701111
0.42200000000000004 14 0.05487780759799128 3 18.369582176208496
0.42200000000000004 15 0.06921423632195851 3 24.02234196662903
0.42200000000000004 16 0.09548800957424615 2 17.76193332672119
0.42200000000000004 17 0.10635815693814252 2 22.834701776504517
0.42200000000000004 18 0.12049449832455515 2 18.561895847320557
0.42200000000000004 19 0.09565059123998804 2 20.98694348335266
0.42200000000000004 20 0.11385980065265632 2 24.085822820663452
0.42200000000000004 21 0.11418312436368365 2 34.068169593811035
0.42200000000000004 22 0.10628230000056166 2 20.94039821624756
0.42200000000000004 23 0.07775202535769274 2 23.42769765853882
0.42200000000000004 24 0.09848992337636184 2 17.289254665374756
0.42200000000000004 25 0.08082825537682643 2 21.318721771240234
0.42200000000000004 26 0.1052837617176127 2 29.486388683319092
0.42200000000000004 27 0.10779242540454136 2 25.935904264450073
0.42200000000000004 28 0.08718961527888094 2 16.810887336730957
0.42200000000000004 29 0.05866699512445362 3 16.148882389068604
0.42400000000000004 0 0.08563984106876656 2 23.4707510471344
0.42400000000000004 1 0.10004074200912251 2 27.64912724494934
0.42400000000000004 2 0.09816577031868616 2 13.10380220413208
0.42400000000000004 3 0.11214880579478281 2 21.225043773651123
0.42400000000000004 4 0.10284903440325315 2 18.947638273239136
0.42400000000000004 5 0.11724625607719558 2 21.706714868545532
0.42400000000000004 6 0.06283622960072394 3 18.46740198135376
0.42400000000000004 7 0.10055914408134455 2 23.533780574798584
0.42400000000000004 8 0.09147908408194497 2 26.487532138824463
0.42400000000000004 9 0.10885006759757321 2 21.346371173858643
0.42400000000000004 10 0.08575197677033491 2 17.236161947250366
0.42400000000000004 11 0.08243684351523176 2 22.31400203704834
0.42400000000000004 12 0.09534362091816435 2 20.609065294265747
0.42400000000000004 13 0.10537709572376595 2 29.981414079666138
0.42400000000000004 14 0.11562394794355048 2 21.10383677482605
0.42400000000000004 15 0.11353463539170225 2 17.667004108428955
0.42400000000000004 16 0.08642270038069585 2 22.40721321105957
0.42400000000000004 17 0.09556073111175388 2 17.105710744857788
0.42400000000000004 18 0.09591440837949121 2 19.484612464904785
0.42400000000000004 19 0.06577410809695267 3 17.350751161575317
0.42400000000000004 20 0.08874941376305562 2 22.470343112945557
0.42400000000000004 21 0.10751219739149712 2 22.01678490638733
0.42400000000000004 22 0.06534500724346091 3 14.64708161354065
0.42400000000000004 23 0.10903601178065543 2 22.5682954788208
0.42400000000000004 24 0.09726356359279999 2 19.145139455795288
0.42400000000000004 25 0.08707394145532021 2 21.284995079040527
0.42400000000000004 26 0.06727459849882958 3 18.09174418449402
0.42400000000000004 27 0.08956444733926998 2 20.466989517211914
0.42400000000000004 28 0.10068379874433812 2 22.724649906158447
0.42400000000000004 29 0.1142183983524251 2 20.68567419052124
0.42600000000000005 0 0.09307735612569416 2 17.043864488601685
0.42600000000000005 1 0.09116457904353821 2 18.3728609085083
0.42600000000000005 2 0.06132762309393422 3 18.356698036193848
0.42600000000000005 3 0.07426912999241188 2 23.715176105499268
0.42600000000000005 4 0.07065443847584318 2 25.786490201950073
0.42600000000000005 5 0.07730078357322556 2 18.3631591796875
0.42600000000000005 6 0.10176185084760547 2 19.619664192199707
0.42600000000000005 7 0.10646601713926465 2 18.76909041404724
0.42600000000000005 8 0.09654765146994816 2 24.69720983505249
0.42600000000000005 9 0.10158862888398024 2 18.124468326568604
0.42600000000000005 10 0.05618020207769831 3 19.992614269256592
0.42600000000000005 11 0.08697112595870561 2 19.68450689315796
0.42600000000000005 12 0.06132502308143606 3 20.084691286087036
0.42600000000000005 13 0.1113086096627091 2 20.328102111816406
0.42600000000000005 14 0.07412365458304157 2 16.458754301071167
0.42600000000000005 15 0.08221640725945396 2 21.913879871368408
0.42600000000000005 16 0.06650673427472892 2 25.05680561065674
0.42600000000000005 17 0.09150208798492976 2 27.60711431503296
0.42600000000000005 18 0.05375162338844642 3 23.584343671798706
0.42600000000000005 19 0.0559989239666438 3 14.806217908859253
0.42600000000000005 20 0.09679205969134973 2 18.258455991744995
0.42600000000000005 21 0.096506119465168 2 18.254878520965576
0.42600000000000005 22 0.06129670679417236 3 14.132001399993896
0.42600000000000005 23 0.07121870691722658 3 18.75486731529236
0.42600000000000005 24 0.05847293803594073 3 20.22079300880432
0.42600000000000005 25 0.1079728319714157 2 24.623260974884033
0.42600000000000005 26 0.09594228760842086 2 16.735719680786133
0.42600000000000005 27 0.060799151266023296 3 15.196982145309448
0.42600000000000005 28 0.061368231646380715 3 20.38784170150757
0.42600000000000005 29 0.0862257838736109 2 19.332252740859985
0.428 0 0.05216445186148853 3 19.735440254211426
0.428 1 0.09747646414657071 2 22.370476245880127
0.428 2 0.09264536808489275 2 22.860645532608032
0.428 3 0.10113243935993306 2 20.92841911315918
0.428 4 0.09683711219051706 2 20.43312692642212
0.428 5 0.05574440382882385 3 21.010342836380005
0.428 6 0.07691928952478139 2 22.388830184936523
0.428 7 0.06246259081919091 3 20.10261845588684
0.428 8 0.0936138544166566 2 23.307581663131714
0.428 9 0.061323659383683615 3 20.96879553794861
0.428 10 0.08105075888676103 2 18.101627588272095
0.428 11 0.04153348763321176 3 21.981032133102417
0.428 12 0.06540293790893818 3 20.798568964004517
0.428 13 0.08735428709521378 2 17.94704508781433
0.428 14 0.053819027770179294 3 18.261914491653442
0.428 15 0.06559630196023825 3 20.41530728340149
0.428 16 0.08396818612519917 2 22.694565773010254
0.428 17 0.0600841057803058 3 21.038533449172974
0.428 18 0.09060900640037173 2 22.161105155944824
0.428 19 0.098933013547996 2 17.799680709838867
0.428 20 0.09313624174367675 2 18.596869230270386
0.428 21 0.09845012601653386 2 19.832709550857544
0.428 22 0.09240331645136651 2 22.817886114120483
0.428 23 0.0737365125611919 2 20.660649299621582
0.428 24 0.08698432901743021 2 16.043133974075317
0.428 25 0.06364090995841001 3 21.716896057128906
0.428 26 0.06713881644343167 2 24.172621726989746
0.428 27 0.04866646459326789 3 21.754403114318848
0.428 28 0.08828500348269651 2 20.32342505455017
0.428 29 0.09195082274916502 2 17.232948303222656
0.43 0 0.05204473197875858 3 16.917558431625366
0.43 1 0.05383114128255191 3 14.734988689422607
0.43 2 0.05673878936248673 3 21.486847162246704
0.43 3 0.04842096428643083 3 25.68040704727173
0.43 4 0.07718901536175253 2 14.602283000946045
0.43 5 0.08922939948259137 2 21.40852975845337
0.43 6 0.09556094291300153 2 26.427891492843628
0.43 7 0.07547841577687758 2 20.336732625961304
0.43 8 0.09386549197046722 2 20.29668617248535
0.43 9 0.06145541611526745 2 17.378711462020874
0.43 10 0.07250774828921802 2 16.64993143081665
0.43 11 0.050774485610917644 3 21.36973786354065
0.43 12 0.057769459993595215 3 18.727008819580078
0.43 13 0.0760292057016223 2 17.895393133163452
0.43 14 0.07085587182783738 2 22.75460720062256
0.43 15 0.07241159753834253 2 19.127351760864258
0.43 16 0.06723781083569319 2 22.781906127929688
0.43 17 0.08272067610586813 2 18.907416343688965
0.43 18 0.05269393792776459 3 20.91767144203186
0.43 19 0.09640169386959767 2 19.071202993392944
0.43 20 0.08952185383046334 2 16.976320505142212
0.43 21 0.08036994293705728 2 18.143465042114258
0.43 22 0.08713988385430889 2 28.64182949066162
0.43 23 0.08498225178997852 2 27.35502004623413
0.43 24 0.05571078024089886 3 19.885039567947388
0.43 25 0.07768244387966439 2 17.35276961326599
0.43 26 0.07074317529952007 2 21.754011154174805
0.43 27 0.09007544774763088 2 25.564878702163696
0.43 28 0.06150170678684465 3 19.102698802947998
0.43 29 0.05634957829773186 3 20.90620183944702
0.434 0 0.07087346878458149 2 22.498201847076416
0.434 1 0.07266730383165179 2 19.945186614990234
0.434 2 0.05528377883495165 3 18.967017889022827
0.434 3 0.0794436323598957 2 20.74852991104126
0.434 4 0.0747139504917527 2 19.160873889923096
0.434 5 0.051883668731666145 3 19.411470890045166
0.434 6 0.07204078156847134 2 18.148378133773804
0.434 7 0.08048726264095807 2 21.08923578262329
0.434 8 0.04889779838900781 2 20.12092900276184
0.434 9 0.08614914834678086 2 23.28380060195923
0.434 10 0.06503768888500142 2 17.84965181350708
0.434 11 0.08902397299128921 2 16.08976125717163
0.434 12 0.07696145395963003 2 19.767691135406494
0.434 13 0.07264658026669567 2 19.382612943649292
0.434 14 0.06898234627723795 2 16.993804931640625
0.434 15 0.08615751116801915 2 18.697511911392212
0.434 16 0.07411244435660597 2 14.032676696777344
0.434 17 0.062445884001692945 2 29.589594841003418
0.434 18 0.07661131469433019 2 19.787010669708252
0.434 19 0.08036304544110161 2 18.11378026008606
0.434 20 0.07098922708921043 2 21.06379985809326
0.434 21 0.05866326517954333 2 18.1892352104187
0.434 22 0.058572142037893606 2 26.22584629058838
0.434 23 0.050682285072798136 3 25.492902517318726
0.434 24 0.0730951409812781 2 19.66002321243286
0.434 25 0.06885955285990475 2 19.399251461029053
0.434 26 0.08318546364040513 2 20.645838260650635
0.434 27 0.07369138600726108 2 20.724414587020874
0.434 28 0.048664518159497114 3 16.30794382095337
0.434 29 0.07784182193056664 2 19.390485525131226
0.432 0 0.053511731786098804 3 21.860212087631226
0.432 1 0.08559747169086539 2 19.098669052124023
0.432 2 0.07648671882411677 2 21.17413568496704
0.432 3 0.08057651069115138 2 19.030564785003662
0.432 4 0.07453116758926644 2 18.652467966079712
0.432 5 0.05589772973430917 3 24.433799982070923
0.432 6 0.05911790099046709 2 22.70299506187439
0.432 7 0.09171708312056247 2 22.616154193878174
0.432 8 0.07325917675106282 2 17.57056498527527
0.432 9 0.05532033732008074 2 19.901169061660767
0.432 10 0.0747597853228456 2 23.048323392868042
0.432 11 0.0675294818354178 2 17.443390130996704
0.432 12 0.08336282418550474 2 20.171582221984863
0.432 13 0.045577056823983525 3 26.36473560333252
0.432 14 0.08912160250671135 2 25.208550930023193
0.432 15 0.06611809881080478 2 18.839208126068115
0.432 16 0.08183160704338904 2 17.323861122131348
0.432 17 0.0755375924495103 2 21.27460813522339
0.432 18 0.09192321561857004 2 18.98587727546692
0.432 19 0.0742343508176488 2 22.015098571777344
0.432 20 0.0680371377625965 2 15.436612606048584
0.432 21 0.07292942530795304 2 19.962541818618774
0.432 22 0.086179765891848 2 22.32012367248535
0.432 23 0.0522714427181552 3 20.389325857162476
0.432 24 0.047625823805173405 3 19.88281488418579
0.432 25 0.08976058029976712 2 20.935651063919067
0.432 26 0.07721694391674017 2 16.995129346847534
0.432 27 0.07903433071193616 2 25.394750833511353
0.432 28 0.059336563782348056 3 20.70433020591736
0.432 29 0.08403317634375476 2 24.951362133026123
0.438 0 0.060166859315037485 2 20.90320587158203
0.438 1 0.06542002965510627 2 21.061939239501953
0.438 2 0.07485528967531208 2 16.173674821853638
0.438 3 0.040529781776794546 3 17.197636127471924
0.438 4 0.05265583480396819 2 20.255854845046997
0.438 5 0.053541867717491344 2 18.385344743728638
0.438 6 0.07930433594476877 2 21.906781911849976
0.438 7 0.08691891491643565 2 22.08198881149292
0.438 8 0.04917245548212949 3 16.320509910583496
0.438 9 0.08042300957671676 2 18.988218545913696
0.438 10 0.0729144908828053 2 19.8170645236969
0.438 11 0.05950548288068798 2 17.863024473190308
0.438 12 0.07064591062823335 2 17.40713930130005
0.438 13 0.03687907132769188 3 19.72744393348694
0.438 14 0.04804048528687504 3 22.35922074317932
0.438 15 0.0716802700447255 2 19.144563913345337
0.438 16 0.06869050485763817 2 23.095762252807617
0.438 17 0.08292910455183633 2 15.280405759811401
0.438 18 0.05744091656692204 2 19.086376190185547
0.438 19 0.06853006015679028 2 18.826048612594604
0.438 20 0.07777280030246848 2 18.36599564552307
0.438 21 0.05830874393085901 2 25.427261114120483
0.438 22 0.0733620980823331 2 20.342238664627075
0.438 23 0.05328884192704067 2 22.031893014907837
0.438 24 0.01569301454959752 2 21.02035641670227
0.438 25 0.03132338041718785 3 15.624311923980713
0.438 26 0.06253867306896907 2 14.88546895980835
0.438 27 0.05916863944261569 2 18.867896795272827
0.438 28 0.033947521561968966 3 25.394371509552002
0.438 29 0.07777924971334442 2 17.556118965148926
0.436 0 0.08030093300229837 2 29.143632411956787
0.436 1 0.05295748136143668 2 16.99752640724182
0.436 2 0.08581991300196737 2 21.413856029510498
0.436 3 0.04825308400470146 3 22.34613871574402
0.436 4 0.08193547016535957 2 24.18449902534485
0.436 5 0.07563133573506907 2 17.781861543655396
0.436 6 0.03888452265731938 3 22.169135808944702
0.436 7 0.07765367564315007 2 15.142749547958374
0.436 8 0.05937898137859445 2 17.287142753601074
0.436 9 0.03567485784379238 3 20.230095863342285
0.436 10 0.08020680556235553 2 18.48912262916565
0.436 11 0.04043365330719571 3 23.686115264892578
0.436 12 0.08168280558002317 2 21.48686933517456
0.436 13 0.04979815748181017 2 19.845981121063232
0.436 14 0.07713347690017232 2 16.866535663604736
0.436 15 0.06906334108966947 2 28.583021879196167
0.436 16 0.08721935275108064 2 18.722952842712402
0.436 17 0.03373513967774838 2 19.3466637134552
0.436 18 0.05506038679226207 3 18.942893743515015
0.436 19 0.07172911333294377 2 22.86918568611145
0.436 20 0.06199698519334884 2 21.753074884414673
0.436 21 0.07783474620446555 2 17.20829486846924
0.436 22 0.05106703866930471 2 20.887890338897705
0.436 23 0.03904653553012975 3 22.983789443969727
0.436 24 0.0697199653590526 2 17.513442516326904
0.436 25 0.04917543137262032 3 18.667814254760742
0.436 26 0.07398390910437966 2 22.84298038482666
0.436 27 0.04552782744793132 3 16.316493034362793
0.436 28 0.04570614606060579 3 15.831926584243774
0.436 29 0.06223815769889812 2 18.699524402618408
0.442 0 0.0359170480489321 3 22.08254647254944
0.442 1 0.03664422987699315 3 19.365743398666382
0.442 2 0.020465660690726722 2 20.742992877960205
0.442 3 -1.60311288406385e-05 2 18.191826581954956
0.442 4 0.07456229675193765 2 17.973004579544067
0.442 5 0.07529737848798466 2 17.805068492889404
0.442 6 0.06077885808655279 2 18.371742725372314
0.442 7 0.06106450441706768 2 19.77529764175415
0.442 8 0.04098590141213672 3 19.809168338775635
0.442 9 0.04867509365166808 2 17.36316204071045
0.442 10 0.05696267623302343 2 19.260409832000732
0.442 11 0.06012461690445381 2 22.021056652069092
0.442 12 0.06493679398787036 2 15.45511269569397
0.442 13 0.03979570452345478 3 26.24818992614746
0.442 14 0.05835337085966715 2 19.189250469207764
0.442 15 0.03741764852222497 3 22.387962341308594
0.442 16 -1.0080982005831313e-05 2 18.681994199752808
0.442 17 0.004887376999173811 2 17.939269065856934
0.442 18 0.05915616417227266 2 18.524022102355957
0.442 19 0.0408127178207183 2 19.62597131729126
0.442 20 0.02551592902502837 3 20.941645622253418
0.442 21 0.039779229028168654 3 16.56666660308838
0.442 22 0.061827405223806225 2 19.862390756607056
0.442 23 0.03803574036570124 3 20.60294222831726
0.442 24 0.04505930278180152 2 18.225400686264038
0.442 25 0.05001901728493254 2 15.331770420074463
0.442 26 0.06406196886478506 2 16.93420696258545
0.442 27 0.05515957620837314 2 20.374391555786133
0.442 28 0.0 1 13.095261335372925
0.442 29 0.04693359953896211 2 16.449448823928833
0.44 0 0.03734916689197389 2 18.82965588569641
0.44 1 0.030547719449301732 2 25.142820358276367
0.44 2 0.06130539505358452 2 24.40829634666443
0.44 3 0.038794107246091294 3 24.307250022888184
0.44 4 0.03670602690345485 3 22.38400673866272
0.44 5 0.05649498695579051 2 20.643881797790527
0.44 6 0.03214935730378306 2 15.804418325424194
0.44 7 0.04812478280505192 2 15.00062870979309
0.44 8 0.0372111196013094 2 20.356497526168823
0.44 9 0.07200933149467115 2 20.43906879425049
0.44 10 0.0484686398564625 2 22.404961585998535
0.44 11 0.03689564706499625 3 16.222747087478638
0.44 12 0.061981569986671904 2 20.652971506118774
0.44 13 0.06341006221422739 2 21.00545024871826
0.44 14 0.06466812127423706 2 19.42089056968689
0.44 15 0.06183039042812368 2 21.046807765960693
0.44 16 0.06247572369818799 2 17.665844202041626
0.44 17 0.05637473482407202 2 19.205816984176636
0.44 18 0.07621563763897972 2 20.442386627197266
0.44 19 0.041674904587196894 2 20.91439914703369
0.44 20 0.0 1 19.142499446868896
0.44 21 0.04044147850285876 2 22.181461095809937
0.44 22 0.05507821267324923 2 18.208425521850586
0.44 23 0.03749032380116361 3 25.073387384414673
0.44 24 0.07524392832634917 2 27.530412197113037
0.44 25 0.06359748340442505 2 24.7685866355896
0.44 26 0.055431032748701765 2 19.316855907440186
0.44 27 0.03413643622470571 4 22.929023265838623
0.44 28 0.07043317255549664 2 22.786437511444092
0.44 29 0.06460514489112269 2 21.0785071849823
0.446 0 0.05031410537553759 2 18.153352737426758
0.446 1 0.02605002116393463 3 21.47787880897522
0.446 2 0.020261393459337262 3 20.662445545196533
0.446 3 -1.6964439197379473e-05 2 20.891756296157837
0.446 4 0.0488986933989985 2 27.45571732521057
0.446 5 0.038736770042753256 2 15.861913919448853
0.446 6 0.053211287054297576 2 18.53725814819336
0.446 7 0.0 1 15.629875421524048
0.446 8 0.04976327270292118 2 20.31264328956604
0.446 9 0.04664480661203563 2 25.862563133239746
0.446 10 0.02790987566190536 3 19.374382734298706
0.446 11 0.02504160529072352 3 24.92330527305603
0.446 12 0.0380351857583235 2 18.905247688293457
0.446 13 0.03528646067212995 2 24.299752712249756
0.446 14 0.029737382367399146 3 16.266613960266113
0.446 15 0.01952216097775157 3 15.276333332061768
0.446 16 0.04614114293186357 2 18.452189445495605
0.446 17 0.03784613462101141 3 21.07797932624817
0.446 18 0.022734783374140942 4 19.875298023223877
0.446 19 0.037666101210507986 3 18.526238203048706
0.446 20 0.044737670421437815 2 18.672744035720825
0.446 21 0.03988951222456951 3 26.151671648025513
0.446 22 0.060807972851800375 2 20.498526334762573
0.446 23 0.03274471162846138 2 27.55729055404663
0.446 24 0.04107897542318921 2 16.166335105895996
0.446 25 0.0 1 22.70246982574463
0.446 26 0.014215819767876971 2 20.107330083847046
0.446 27 0.0 1 17.689512968063354
0.446 28 0.054227415936634965 2 18.012549877166748
0.446 29 0.0 1 14.489278078079224
0.444 0 0.038071995043587374 3 27.34226894378662
0.444 1 0.040021818778258944 3 21.855275630950928
0.444 2 0.0 1 16.940247297286987
0.444 3 0.06107656160989046 2 23.682286977767944
0.444 4 0.05087650145435922 2 19.070044994354248
0.444 5 0.03198072419019503 3 25.30733585357666
0.444 6 0.062232181506651274 2 19.189434051513672
0.444 7 0.03544369346083901 2 20.047054529190063
0.444 8 0.02958688041385657 2 16.71310782432556
0.444 9 0.038968104877939294 3 25.45660090446472
0.444 10 0.042685338349302625 3 24.760287046432495
0.444 11 0.013242799634967849 3 24.062222719192505
0.444 12 0.0 1 20.147399425506592
0.444 13 0.03409681467200297 4 20.566976070404053
0.444 14 0.06427911817400997 2 14.984713315963745
0.444 15 0.07687567759385988 2 22.85990571975708
0.444 16 0.057934691450651485 2 26.128618955612183
0.444 17 0.027450402204351496 3 19.950300216674805
0.444 18 0.0 1 20.55182647705078
0.444 19 0.05790461596123406 2 19.072909593582153
0.444 20 0.022484893667028476 4 20.496309518814087
0.444 21 0.04959473068212556 2 20.170625925064087
0.444 22 0.045612418154292414 2 27.17718243598938
0.444 23 0.02367675673439715 3 26.903117179870605
0.444 24 0.0382655074496358 2 19.399520874023438
0.444 25 0.05649972923066335 2 19.693706512451172
0.444 26 0.0 1 23.318454027175903
0.444 27 0.04474116505791684 2 17.066663026809692
0.444 28 0.050126177368359524 2 17.94166612625122
0.444 29 0.0 1 17.819669246673584
0.448 0 0.06040850757597644 2 19.368175745010376
0.448 1 0.030232520287826085 3 19.965843677520752
0.448 2 0.019875937405903828 3 23.176023960113525
0.448 3 0.050675594931340225 2 18.627182483673096
0.448 4 0.023793626079981426 3 17.82070779800415
0.448 5 0.04743954398865145 2 15.620835304260254
0.448 6 0.059262838410788214 2 20.466081857681274
0.448 7 0.05387710874946986 2 23.354045629501343
0.448 8 0.04978590849568339 2 26.248582124710083
0.448 9 0.0019216236827123412 3 18.51294207572937
0.448 10 0.03532854540614735 3 22.56478452682495
0.448 11 0.0 1 26.341237783432007
0.448 12 0.0 1 17.27165699005127
0.448 13 0.02169471475986207 3 16.820968866348267
0.448 14 0.0 1 21.667264699935913
0.448 15 0.0 1 17.959052801132202
0.448 16 0.030389495284540703 2 18.83759617805481
0.448 17 0.03997701787991622 2 19.834221363067627
0.448 18 0.06053138615166962 2 21.452041625976562
0.448 19 0.0 1 23.666964530944824
0.448 20 0.02909571245692819 2 16.525349378585815
0.448 21 0.03964694495928128 2 27.86835813522339
0.448 22 0.04423486389910109 2 31.777947425842285
0.448 23 0.039579237701669066 2 20.05091905593872
0.448 24 0.028808995769867517 3 25.23635196685791
0.448 25 0.05459052929576291 2 23.456576824188232
0.448 26 0.030902755307949968 2 21.48913884162903
0.448 27 0.025916380578525453 2 24.31809973716736
0.448 28 0.0 1 20.557908296585083
0.448 29 0.05812844890358069 2 24.759798765182495
0.45 0 0.026541616663404856 3 17.537416696548462
0.45 1 -1.965799119612411e-05 2 24.07795286178589
0.45 2 0.0397539567583893 2 17.964387893676758
0.45 3 0.04179602521342473 2 17.517812728881836
0.45 4 0.04052897943455416 2 17.8381826877594
0.45 5 0.013995225470730732 2 25.202836275100708
0.45 6 -8.815401580366076e-07 2 23.410126209259033
0.45 7 0.023239191103107317 2 26.807853937149048
0.45 8 0.036086326476975315 2 17.630773305892944
0.45 9 0.04616266627337068 2 21.08546209335327
0.45 10 0.037724186766938894 2 24.447682857513428
0.45 11 0.026818446731659284 2 18.891664505004883
0.45 12 0.0 1 21.95727252960205
0.45 13 0.04047244870873964 2 12.932834386825562
0.45 14 0.03638853419720181 2 19.264648914337158
0.45 15 0.055652441840127805 2 19.93764019012451
0.45 16 -2.3418860629851525e-05 2 24.138062715530396
0.45 17 0.018564963662222485 2 24.02614688873291
0.45 18 0.026370283696442138 2 28.268139362335205
0.45 19 0.01735555313508906 2 32.68009948730469
0.45 20 0.05600924315913413 2 21.965519666671753
0.45 21 0.002445909407632711 2 36.41954278945923
0.45 22 0.038255482053012546 2 26.84514021873474
0.45 23 0.018350848450710416 2 16.521735668182373
0.45 24 0.04475844771194324 2 24.333200454711914
0.45 25 0.028379459386824422 2 19.4795024394989
0.45 26 0.024710607309696493 3 16.56036114692688
0.45 27 0.0058613081255077595 3 29.448198556900024
0.45 28 0.0 1 19.107003927230835
0.45 29 0.009298774967296116 3 22.883870363235474
0.452 0 0.038477791550958505 2 20.09819793701172
0.452 1 0.019607342018687118 3 17.522258520126343
0.452 2 0.0 1 17.67558240890503
0.452 3 -2.34184257639009e-05 2 27.5455322265625
0.452 4 0.03730700509226677 2 26.021824598312378
0.452 5 0.046413031133895014 2 16.16188931465149
0.452 6 0.02672021972410117 2 30.614725828170776
0.452 7 -2.1709492262771176e-05 2 21.812952518463135
0.452 8 0.053098110863567076 2 20.66429829597473
0.452 9 0.02904698768816915 2 20.834737300872803
0.452 10 0.022033353549627342 3 15.967226505279541
0.452 11 0.047432484418999214 2 17.867614269256592
0.452 12 0.01733661036511641 3 23.535139799118042
0.452 13 0.007913708009164407 2 18.02838373184204
0.452 14 0.04368929000928458 2 23.924560546875
0.452 15 0.05205575720385422 2 22.061475038528442
0.452 16 0.04028527117353101 2 21.870564222335815
0.452 17 0.026462895464050052 2 28.272768020629883
0.452 18 0.05386629695404456 2 29.78953504562378
0.452 19 0.0 1 27.365262031555176
0.452 20 0.0564357836207377 2 27.321798086166382
0.452 21 0.012304327068754464 2 27.265482425689697
0.452 22 -1.537746848464997e-05 2 23.5153169631958
0.452 23 0.01196633503939635 3 25.046525239944458
0.452 24 0.05148777748259292 2 17.835668563842773
0.452 25 0.04843923721231791 2 17.019543409347534
0.452 26 0.03444989241582313 2 17.443237781524658
0.452 27 0.02096486255400589 2 23.16010618209839
0.452 28 0.01956712259541103 3 24.546070098876953
0.452 29 0.0 1 20.758935928344727
0.454 0 0.0 1 24.39893364906311
0.454 1 0.0 1 27.902597904205322
0.454 2 -2.1350435781312586e-05 2 21.943291425704956
0.454 3 0.0003828235688972259 2 14.333440780639648
0.454 4 0.034580079569110085 2 20.989595651626587
0.454 5 0.021521054869848868 3 19.660935163497925
0.454 6 0.0 1 22.32374119758606
0.454 7 2.504804653991888e-06 2 27.14419412612915
0.454 8 0.03336890491711233 2 19.327072381973267
0.454 9 0.0001325505194274912 2 24.59735083580017
0.454 10 -1.091461124552481e-05 2 24.773215532302856
0.454 11 0.05429504068190336 2 17.07534408569336
0.454 12 0.04212401254843491 2 17.38445734977722
0.454 13 0.04117391730691159 2 20.571487426757812
0.454 14 0.0 1 24.625146865844727
0.454 15 0.0 1 22.08737277984619
0.454 16 0.04340816509512637 2 28.357372045516968
0.454 17 0.028930291321146377 3 22.319827556610107
0.454 18 0.037096550836758065 2 22.570213079452515
0.454 19 0.030572139860544825 3 18.133908987045288
0.454 20 -1.9170369668639678e-05 2 21.900040864944458
0.454 21 0.00235398438455959 2 23.52469277381897
0.454 22 0.017532699503799 2 26.782360076904297
0.454 23 0.02670997681390989 3 21.144684553146362
0.454 24 0.020339429635393928 3 18.794379949569702
0.454 25 0.01849247738235871 2 20.867786407470703
0.454 26 0.0 1 22.886998414993286
0.454 27 0.0 1 33.59523034095764
0.454 28 0.010319217269036958 2 19.305461645126343
0.454 29 0.014622671070493675 3 28.725786447525024
0.456 0 0.0 1 21.81813406944275
0.456 1 0.022147419769573327 3 19.86170268058777
0.456 2 0.0 1 21.11869716644287
0.456 3 0.0 1 32.81812787055969
0.456 4 0.0 1 26.337134838104248
0.456 5 0.034830168619855724 2 25.917778253555298
0.456 6 0.0 1 22.415996074676514
0.456 7 0.0 1 24.634445190429688
0.456 8 0.026012668099089826 2 24.952059030532837
0.456 9 0.017543657261214873 2 37.06402587890625
0.456 10 0.0 1 35.19549298286438
0.456 11 -1.0499273892096022e-05 2 22.858824491500854
0.456 12 0.0 1 19.67491912841797
0.456 13 0.024851012765533486 3 23.48645830154419
0.456 14 0.023134475787659727 3 16.838481903076172
0.456 15 0.03624097632867995 2 14.60402512550354
0.456 16 0.0 1 17.053699493408203
0.456 17 0.032793576304258214 2 22.85452151298523
0.456 18 0.027583510173898727 2 11.516992807388306
0.456 19 0.0 1 15.478115797042847
0.456 20 0.0 1 12.581569910049438
0.456 21 0.0 1 15.06081509590149
0.456 22 0.01874343978619733 3 15.849713325500488
0.456 23 0.03686152458139715 2 12.228423833847046
0.456 24 0.0 1 14.662924528121948
0.456 25 0.0006284188574558331 2 11.762635469436646
0.456 26 -2.4017847940075154e-05 2 15.659570932388306
0.456 27 0.0 1 12.532192945480347
0.456 28 0.006641928884322193 2 14.568783521652222
0.456 29 -2.2350767764324902e-05 2 10.419369220733643
0.458 0 0.02450238625246703 3 34.37965726852417
0.458 1 -1.4227060576594776e-06 2 24.30947756767273
0.458 2 0.02466669509192658 2 21.436302185058594
0.458 3 0.006242018514351287 2 25.737859964370728
0.458 4 0.01972700067301717 2 25.927651405334473
0.458 5 0.019772328425988226 2 24.495685577392578
0.458 6 0.00017796065137684717 2 29.939273834228516
0.458 7 0.018596484017262393 3 32.39825415611267
0.458 8 0.0 1 25.070979833602905
0.458 9 0.0 1 22.323955059051514
0.458 10 0.020977503437589348 2 21.801949977874756
0.458 11 0.024974739459670277 2 13.022831678390503
0.458 12 0.020914065623030217 3 15.145191669464111
0.458 13 0.008147785981138252 3 17.16705060005188
0.458 14 0.0 1 15.780265092849731
0.458 15 0.0 1 17.835110187530518
0.458 16 0.03081689602275017 2 13.201008558273315
0.458 17 -2.1879575700900765e-05 2 13.85909628868103
0.458 18 0.01547999792230543 2 10.108666896820068
0.458 19 0.0 1 11.953360795974731
0.458 20 0.017213463922708117 2 12.295958518981934
0.458 21 0.015770096624060845 3 14.723067998886108
0.458 22 0.016559048965312833 3 13.74057936668396
0.458 23 0.0 1 18.355668306350708
0.458 24 0.0 1 13.311143636703491
0.458 25 0.009127186810572688 3 19.473649978637695
0.458 26 0.0 1 14.915471076965332
0.458 27 -2.034155668366118e-05 2 17.42773747444153
0.458 28 0.018655102722329113 3 11.660566806793213
0.458 29 0.0 1 14.86039400100708
0.46 0 0.01510363680795743 3 26.460405826568604
0.46 1 -2.24949912226219e-05 2 19.823090076446533
0.46 2 0.0 1 30.511630058288574
0.46 3 0.024797520633759427 2 27.48979163169861
0.46 4 0.0 1 28.486128568649292
0.46 5 0.0 1 28.07088613510132
0.46 6 0.005522039275847623 2 31.91903305053711
0.46 7 0.0 1 19.888338327407837
0.46 8 0.02480764634585929 2 19.4323251247406
0.46 9 0.012350601101368248 2 29.13823962211609
0.46 10 0.0 1 15.08603310585022
0.46 11 0.0 1 13.330596208572388
0.46 12 0.0 1 13.122844934463501
0.46 13 0.0 1 14.717110872268677
0.46 14 0.003585024616686412 3 18.331618547439575
0.46 15 0.015831576125252995 3 15.867787837982178
0.46 16 4.683175424012743e-05 3 16.227769136428833
0.46 17 0.0 1 12.530311584472656
0.46 18 0.0 1 15.368789196014404
0.46 19 0.0 1 13.534825086593628
0.46 20 0.0 1 9.857006788253784
0.46 21 0.0 1 13.083901166915894
0.46 22 0.007052603700544932 3 14.089122295379639
0.46 23 0.0 1 14.231590747833252
0.46 24 0.0 1 15.259010791778564
0.46 25 0.015524042582980851 2 16.652513027191162
0.46 26 0.013886942373166943 2 14.057788610458374
0.46 27 0.015410599834628334 2 19.820502519607544
0.46 28 0.005419248982851258 2 15.3294837474823
0.46 29 0.040428067960979794 2 19.158389568328857
0.462 0 0.0 1 23.957912921905518
0.462 1 0.018962409664150245 2 24.913336038589478
0.462 2 0.02272954909051234 2 26.687332153320312
0.462 3 -2.1161244941628896e-05 2 22.284268379211426
0.462 4 -6.487225984276473e-06 2 21.367315769195557
0.462 5 0.016899413618654612 2 42.347877502441406
0.462 6 0.0 1 29.97593331336975
0.462 7 0.006606551172442994 2 23.215688467025757
0.462 8 0.010295282385306352 3 21.822842359542847
0.462 9 0.0 1 12.527559757232666
0.462 10 0.005538829352782879 2 14.412251234054565
0.462 11 0.0 1 16.81205701828003
0.462 12 0.01083410706731996 2 17.624760150909424
0.462 13 0.007802405474931056 2 18.934352159500122
0.462 14 0.0 1 10.702444791793823
0.462 15 0.0 1 12.49225378036499
0.462 16 0.0 1 16.18206524848938
0.462 17 0.0 1 15.006216764450073
0.462 18 0.009291437314111415 2 12.543312549591064
0.462 19 3.1039690895308832e-06 2 14.307845115661621
0.462 20 0.009884694284258684 2 12.90863299369812
0.462 21 0.030035871416858567 2 14.17357873916626
0.462 22 0.0 1 16.23422861099243
0.462 23 0.0 1 13.254966974258423
0.462 24 0.0 1 10.519651174545288
0.462 25 0.0 1 15.088270902633667
0.462 26 5.1015384308040915e-05 2 11.361056089401245
0.462 27 0.0013289015009684834 2 20.79408073425293
0.462 28 0.0 1 14.733116865158081
0.462 29 0.0 1 17.31376075744629
0.464 0 0.0 1 10.636363744735718
0.464 1 -2.135051320693343e-05 2 14.527120351791382
0.464 2 1.1300477824338643e-05 2 11.537787437438965
0.464 3 5.200216668874064e-05 2 18.232677221298218
0.464 4 0.03966063126592143 2 17.98200297355652
0.464 5 0.023040875234961643 2 13.995277404785156
0.464 6 0.025700083602182185 2 16.087259769439697
0.464 7 0.023849493291541034 2 15.731608629226685
0.464 8 -8.78169635494499e-06 2 14.576615810394287
0.464 9 0.0 1 16.418113231658936
0.464 10 0.013987542651494905 2 15.097302913665771
0.464 11 0.004833135452514321 2 13.7808518409729
0.464 12 0.0 1 23.26212477684021
0.464 13 0.0 1 15.002748489379883
0.464 14 0.0031737787436384134 2 14.098981380462646
0.464 15 0.02861814020270581 2 15.05046272277832
0.464 16 0.006811477630802307 2 15.583215713500977
0.464 17 0.015980495608935164 3 16.61166524887085
0.464 18 0.0 1 19.568140029907227
0.464 19 0.0 1 15.309231519699097
0.464 20 0.0 1 15.131377220153809
0.464 21 0.02698307546329394 2 12.981254816055298
0.464 22 0.0 1 15.179785013198853
0.464 23 0.0 1 17.80108404159546
0.464 24 0.019767856912765842 2 22.4343478679657
0.464 25 0.0 1 15.77577829360962
0.464 26 0.03211976545530168 2 18.385465145111084
0.464 27 0.0 1 14.083200931549072
0.464 28 -2.3227721990186566e-05 2 21.221240758895874
0.464 29 0.0 1 18.787177801132202
0.466 0 0.0 1 17.885162591934204
0.466 1 0.018540427572591826 2 16.794484615325928
0.466 2 0.0 1 14.475502729415894
0.466 3 0.011728871438360823 2 13.322190999984741
0.466 4 -2.3418344435054336e-05 2 11.600727319717407
0.466 5 0.0 1 21.722265243530273
0.466 6 0.009916511250252651 3 17.446359157562256
0.466 7 0.0 1 13.334876537322998
0.466 8 0.013546841148601224 3 20.66153907775879
0.466 9 0.0 1 17.840198278427124
0.466 10 0.0 1 15.684558629989624
0.466 11 0.0 1 19.691502332687378
0.466 12 0.0 1 17.35939860343933
0.466 13 0.0 1 19.462395429611206
0.466 14 0.0 1 17.804985284805298
0.466 15 0.015352397876077575 3 20.356384992599487
0.466 16 0.009367127315632601 3 16.269439697265625
0.466 17 0.0 1 15.264644145965576
0.466 18 0.0 1 23.44840669631958
0.466 19 0.00235044611386865 2 15.452062845230103
0.466 20 0.009183837633633741 3 16.91331195831299
0.466 21 0.0 1 18.185479402542114
0.466 22 0.023458747826807798 2 15.155083179473877
0.466 23 0.0037029459505864048 3 19.313275575637817
0.466 24 0.01439269324471726 2 15.83330750465393
0.466 25 0.03070765458826507 2 13.413761377334595
0.466 26 2.2027010637742172e-07 2 12.187694072723389
0.466 27 0.0 1 14.7411949634552
0.466 28 0.00912066631676889 2 14.00896954536438
0.466 29 -2.1533154080195206e-05 2 13.10133957862854
0.468 0 0.0 1 18.360086679458618
0.468 1 0.0 1 20.627805948257446
0.468 2 0.0 1 20.835810899734497
0.468 3 0.0 1 16.99621081352234
0.468 4 -1.665921675202261e-05 2 14.547971248626709
0.468 5 7.812648416054672e-07 2 13.129483938217163
0.468 6 0.0 1 21.234248638153076
0.468 7 0.0005856926010007666 2 16.34486198425293
0.468 8 0.00011869640652198299 2 18.796177625656128
0.468 9 0.022335619635995254 2 19.198933362960815
0.468 10 0.005112482882524258 2 15.810872077941895
0.468 11 0.0159905392931272 2 20.493910312652588
0.468 12 1.1977032058452183e-05 2 15.297832012176514
0.468 13 0.0 1 15.91895079612732
0.468 14 0.016413780317288844 2 17.29724144935608
0.468 15 0.0 1 13.98544692993164
0.468 16 0.0 1 14.623945474624634
0.468 17 0.007090652221807328 2 17.285540342330933
0.468 18 0.014523641608531906 3 20.308079719543457
0.468 19 0.0 1 20.02604031562805
0.468 20 0.012969251455524002 2 16.636679887771606
0.468 21 -2.3008205393290606e-05 2 13.092177629470825
0.468 22 0.005938683333753732 3 15.84749960899353
0.468 23 0.03304384727690739 2 14.092175006866455
0.468 24 0.0 1 15.500436544418335
0.468 25 0.0 1 17.037333250045776
0.468 26 0.0 1 16.538864612579346
0.468 27 0.0 1 15.480173587799072
0.468 28 0.0 1 13.75486445426941
0.468 29 0.024664475972517655 2 14.992172002792358
0.47000000000000003 0 0.0 1 20.15603518486023
0.47000000000000003 1 0.011709675044482067 2 19.24379014968872
0.47000000000000003 2 0.0 1 18.371193408966064
0.47000000000000003 3 0.0 1 22.25276279449463
0.47000000000000003 4 0.0 1 12.061159133911133
0.47000000000000003 5 0.0 1 13.693018674850464
0.47000000000000003 6 0.0 1 16.164065837860107
0.47000000000000003 7 0.0326279925064254 2 21.977709531784058
0.47000000000000003 8 0.0 1 18.784299850463867
0.47000000000000003 9 0.01177966224315648 2 13.846539735794067
0.47000000000000003 10 0.0 1 19.928143978118896
0.47000000000000003 11 0.0 1 15.222391843795776
0.47000000000000003 12 0.0009934192470116704 2 13.404151439666748
0.47000000000000003 13 0.0 1 16.651153326034546
0.47000000000000003 14 0.006849418944916266 3 16.885192394256592
0.47000000000000003 15 0.0 1 18.69933032989502
0.47000000000000003 16 0.01035392015653401 2 16.91199779510498
0.47000000000000003 17 0.0 1 14.208046913146973
0.47000000000000003 18 0.0 1 13.220200300216675
0.47000000000000003 19 0.0 1 15.450849294662476
0.47000000000000003 20 0.0 1 16.767487049102783
0.47000000000000003 21 0.0 1 17.917226791381836
0.47000000000000003 22 0.02345822862384239 3 17.42989230155945
0.47000000000000003 23 0.0 1 20.543262004852295
0.47000000000000003 24 0.0 1 11.242403507232666
0.47000000000000003 25 0.0 1 16.85588502883911
0.47000000000000003 26 0.0 1 19.922940254211426
0.47000000000000003 27 0.0 1 21.66956853866577
0.47000000000000003 28 -2.3966738151879505e-05 2 14.824020624160767
0.47000000000000003 29 5.813400967034677e-05 2 16.724419832229614
0.472 0 0.0 1 14.214686393737793
0.472 1 0.0 1 21.213531255722046
0.472 2 0.0 1 16.32857918739319
0.472 3 0.0 1 18.864293813705444
0.472 4 0.00012168486889536864 3 20.25569725036621
0.472 5 0.008000085926383018 2 12.8076331615448
0.472 6 0.0 1 12.5382661819458
0.472 7 0.0 1 18.747294187545776
0.472 8 0.0 1 19.22458839416504
0.472 9 0.013683734573109386 2 21.755598068237305
0.472 10 0.0 1 17.032710790634155
0.472 11 0.0 1 15.401127576828003
0.472 12 0.0010925310099237648 2 21.39387607574463
0.472 13 0.0 1 17.994532108306885
0.472 14 0.0 1 18.461628437042236
0.472 15 -2.440807824982066e-05 3 19.654994249343872
0.472 16 0.005879164517215574 2 19.641262769699097
0.472 17 0.0 1 16.288975715637207
0.472 18 0.0 1 17.122299432754517
0.472 19 0.00977899066357087 3 11.645188331604004
0.472 20 0.0 1 14.113369941711426
0.472 21 0.00430932053682937 2 17.68163561820984
0.472 22 0.000348819309214222 2 19.959288835525513
0.472 23 0.0 1 11.791794300079346
0.472 24 0.0 1 13.387059211730957
0.472 25 0.0 1 21.153611421585083
0.472 26 0.0 1 22.24902081489563
0.472 27 0.0034400289498163336 2 13.225606679916382
0.472 28 0.0 1 14.936045169830322
0.472 29 0.0 1 14.795657634735107
0.476 0 0.0 1 14.262743473052979
0.476 1 -2.1709754049898593e-05 2 17.02760887145996
0.476 2 0.0 1 14.196460008621216
0.476 3 0.003677421415063794 2 14.61396861076355
0.476 4 0.0 1 17.565343141555786
0.476 5 0.012026949328853329 2 14.346968650817871
0.476 6 0.0 1 14.52469277381897
0.476 7 0.00017807624171535335 2 23.90799307823181
0.476 8 -2.404469919407179e-05 2 17.81473422050476
0.476 9 0.005563442925366146 2 17.239959716796875
0.476 10 0.0 1 15.997682571411133
0.476 11 0.00021898405605343967 3 16.633752584457397
0.476 12 -2.288942514694752e-05 2 17.005814790725708
0.476 13 0.009417358732652458 2 18.34310555458069
0.476 14 -2.1879406317629616e-05 2 13.690830707550049
0.476 15 0.0 1 20.26400852203369
0.476 16 -2.2200108319504388e-05 2 20.532003164291382
0.476 17 0.0 1 14.543314695358276
0.476 18 0.0 1 15.2065269947052
0.476 19 0.0 1 11.924925327301025
0.476 20 0.0 1 17.28652286529541
0.476 21 0.0026698076098832938 2 22.9355309009552
0.476 22 0.01035701007181502 2 14.936966180801392
0.476 23 0.0 1 13.023746490478516
0.476 24 0.0 1 13.380568981170654
0.476 25 0.0 1 17.20191764831543
0.476 26 0.0 1 17.75033974647522
0.476 27 0.017926181985249895 3 15.09761357307434
0.476 28 0.0 1 25.836833953857422
0.476 29 0.0 1 14.230704069137573
0.478 0 0.0 1 17.827770233154297
0.478 1 0.0 1 18.682621240615845
0.478 2 0.0 1 22.7185275554657
0.478 3 0.0 1 12.33249044418335
0.478 4 -1.5707685902000355e-05 2 16.313271284103394
0.478 5 0.0 1 15.837103843688965
0.478 6 0.00019628093642889754 2 19.93184733390808
0.478 7 0.0 1 11.99413275718689
0.478 8 0.0 1 18.715749263763428
0.478 9 0.0 1 14.609660387039185
0.478 10 0.0 1 20.73196244239807
0.478 11 0.0 1 19.735238313674927
0.478 12 0.0 1 14.76807427406311
0.478 13 1.5459473963136447e-05 2 16.10807204246521
0.478 14 3.267590397041837e-05 2 16.282390832901
0.478 15 0.0 1 16.42153000831604
0.478 16 0.0 1 16.12916111946106
0.478 17 0.0 1 13.084226608276367
0.478 18 0.0 1 11.114629983901978
0.478 19 0.0 1 14.120986938476562
0.478 20 0.0 1 14.342810153961182
0.478 21 -2.31239770775951e-05 2 13.563413143157959
0.478 22 0.0 1 21.402828216552734
0.478 23 0.0 1 14.684745788574219
0.478 24 0.0 1 18.97749161720276
0.478 25 0.0 1 12.623209714889526
0.478 26 0.0 1 17.426268577575684
0.478 27 0.0 1 14.74791431427002
0.478 28 0.0020391879530816453 2 13.28640341758728
0.478 29 0.004111306468383239 2 17.79345965385437
0.474 0 0.0022080563001669043 2 15.69201922416687
0.474 1 0.004197002890693768 3 16.27003288269043
0.474 2 0.0 1 23.771095514297485
0.474 3 0.0 1 16.356093168258667
0.474 4 0.024826819068053802 2 16.27415132522583
0.474 5 1.924785086632812e-06 2 24.670928478240967
0.474 6 0.02411540818467655 3 20.853551626205444
0.474 7 0.0 1 20.94247603416443
0.474 8 0.0 1 18.456915140151978
0.474 9 0.0 1 19.973984241485596
0.474 10 0.00876783958404613 3 18.887757062911987
0.474 11 0.0 1 15.653595685958862
0.474 12 0.0 1 17.14106559753418
0.474 13 0.006692459348509264 2 16.661383628845215
0.474 14 0.0 1 21.483925342559814
0.474 15 0.0 1 15.798257112503052
0.474 16 0.0 1 13.613489866256714
0.474 17 0.0 1 17.271410703659058
0.474 18 0.010885259956223966 3 19.239739418029785
0.474 19 0.0 1 16.9787437915802
0.474 20 -1.6348802434685278e-05 2 19.156851530075073
0.474 21 0.0 1 16.557687997817993
0.474 22 0.00877660693085663 2 16.233837604522705
0.474 23 0.0 1 14.503257751464844
0.474 24 0.0 1 17.735786199569702
0.474 25 0.0 1 14.792561531066895
0.474 26 0.0 1 18.581745147705078
0.474 27 0.004180248538172962 2 15.90044116973877
0.474 28 0.0 1 20.58357071876526
0.474 29 0.0 1 20.1512234210968
0.48 0 0.0 1 11.31110167503357
0.48 1 0.0 1 17.304885864257812
0.48 2 0.0 1 15.358670234680176
0.48 3 0.0 1 17.220677852630615
0.48 4 -2.2044060517471176e-05 2 18.603060722351074
0.48 5 0.0 1 14.685551643371582
0.48 6 -1.2116723811021477e-05 2 18.762712001800537
0.48 7 4.1744549753019053e-05 3 23.910635232925415
0.48 8 7.526663717804779e-06 3 11.801685094833374
0.48 9 0.0 1 21.097180366516113
0.48 10 0.0 1 27.691324949264526
0.48 11 0.0 1 35.32890748977661
0.48 12 0.0 1 35.01287770271301
0.48 13 -2.3967793550681024e-05 2 22.734434366226196
0.48 14 0.0 1 26.344423532485962
0.48 15 0.0 1 24.38260769844055
0.48 16 0.0 1 22.259401321411133
0.48 17 0.0 1 21.41318917274475
0.48 18 0.0 1 23.348411560058594
0.48 19 0.0 1 27.70672369003296
0.48 20 0.0 1 23.833438634872437
0.48 21 -1.6348915329217254e-05 2 27.686795711517334
0.48 22 0.0 1 26.357983350753784
0.48 23 0.0 1 18.70012855529785
0.48 24 0.0 1 23.29063105583191
0.48 25 0.0 1 21.09486436843872
0.48 26 0.007322691707545342 2 25.67953395843506
0.48 27 0.0 1 24.338690519332886
0.48 28 0.0 1 21.4518301486969
0.48 29 0.0 1 26.596830129623413
0.482 0 0.0 1 16.50038743019104
0.482 1 0.0 1 16.849283933639526
0.482 2 0.0 1 19.75401520729065
0.482 3 0.010946552627724947 2 14.677356243133545
0.482 4 0.007974356543269258 2 13.899086475372314
0.482 5 0.0019433490722548703 2 11.08684515953064
0.482 6 0.0 1 22.334001779556274
0.482 7 -2.342242257934719e-05 2 32.67813777923584
0.482 8 0.0 1 29.48595380783081
0.482 9 0.0 1 24.739086866378784
0.482 10 -1.3992450528089584e-05 2 31.260347604751587
0.482 11 0.0 1 24.759684562683105
0.482 12 0.0 1 22.71023464202881
0.482 13 0.0 1 22.77938485145569
0.482 14 0.0 1 30.45303201675415
0.482 15 0.0 1 31.366068363189697
0.482 16 0.0 1 24.31072449684143
0.482 17 0.0 1 28.12604808807373
0.482 18 0.0 1 23.976866245269775
0.482 19 0.0 1 23.060829877853394
0.482 20 0.0011069304077650395 3 24.12405252456665
0.482 21 0.009067092586464069 2 33.5565299987793
0.482 22 0.0 1 21.001222848892212
0.482 23 -2.235114470223468e-05 2 28.108282327651978
0.482 24 3.790708881094203e-05 2 17.62135648727417
0.482 25 -1.9417265952941274e-05 2 31.943358182907104
0.482 26 0.0 1 28.32993459701538
0.482 27 0.0 1 32.6665153503418
0.482 28 0.0 1 30.593265295028687
0.482 29 0.0 1 23.33661437034607
0.486 0 0.0 1 17.42491126060486
0.486 1 8.928844521218915e-05 2 19.710434675216675
0.486 2 0.0 1 11.994186639785767
0.486 3 0.0023156244980068698 2 18.420031785964966
0.486 4 2.212133470449065e-05 2 18.836386919021606
0.486 5 0.0 1 24.219244718551636
0.486 6 0.00046942665091397946 2 25.84046173095703
0.486 7 0.0 1 29.080660104751587
0.486 8 0.0 1 31.211825609207153
0.486 9 -1.1321145143979713e-05 2 39.83959174156189
0.486 10 0.0 1 26.97570252418518
0.486 11 1.54556910793067e-05 2 24.737789392471313
0.486 12 0.0 1 28.457185983657837
0.486 13 -2.403495968073693e-05 2 29.351510763168335
0.486 14 0.0 1 27.7066593170166
0.486 15 -1.7554403760401037e-05 2 27.771138191223145
0.486 16 -2.384157547569333e-05 2 20.008960723876953
0.486 17 0.0 1 17.338332653045654
0.486 18 0.0 1 25.056963682174683
0.486 19 0.0 1 33.55672788619995
0.486 20 0.0 1 21.986260652542114
0.486 21 -1.3992450528089716e-05 2 20.849754810333252
0.486 22 -1.2885136564262334e-05 2 24.42776393890381
0.486 23 0.0 1 28.825268745422363
0.486 24 0.0030210359913435346 2 34.17981433868408
0.486 25 0.0 1 24.014062881469727
0.486 26 0.0 1 22.663269996643066
0.486 27 -2.3586009867935503e-05 2 22.88107395172119
0.486 28 0.0 1 21.531906127929688
0.486 29 -1.3988557332537352e-05 2 25.28967571258545
0.484 0 -2.0763726826942037e-05 2 12.33934998512268
0.484 1 0.0 1 21.20463800430298
0.484 2 0.0 1 15.560117959976196
0.484 3 -6.968063477378429e-06 4 15.337178230285645
0.484 4 0.0 1 20.346017837524414
0.484 5 0.0 1 26.588765621185303
0.484 6 0.0 1 29.33135414123535
0.484 7 0.0 1 36.98603439331055
0.484 8 0.006744500002870627 2 31.24812602996826
0.484 9 0.0039372455187826555 2 27.872158527374268
0.484 10 0.0 1 22.49705958366394
0.484 11 0.003072444512357736 2 33.109394550323486
0.484 12 0.0 1 24.74494433403015
0.484 13 0.0 1 21.170326471328735
0.484 14 0.0 1 26.287378787994385
0.484 15 0.00023288013442394163 2 24.04358220100403
0.484 16 0.00022913520616145634 2 33.320483922958374
0.484 17 0.00035249793094506974 3 23.611159563064575
0.484 18 0.0 1 25.146499633789062
0.484 19 0.0 1 19.12541937828064
0.484 20 0.0 1 22.701693296432495
0.484 21 0.0 1 26.72994041442871
0.484 22 0.0015855496399217424 2 24.85222101211548
0.484 23 0.0 1 26.52647590637207
0.484 24 0.0 1 37.989319801330566
0.484 25 0.0 1 34.860199213027954
0.484 26 0.0 1 23.168848037719727
0.484 27 -2.1534093596724278e-05 2 24.841270446777344
0.484 28 -2.3727149531227242e-05 2 23.270948886871338
0.484 29 0.0 1 22.085317134857178
0.488 0 0.0021227516451820944 2 30.200711488723755
0.488 1 0.0009145239314426887 2 25.96926188468933
0.488 2 0.0 1 26.235074043273926
0.488 3 0.0 1 22.2691433429718
0.488 4 0.0 1 22.898481130599976
0.488 5 0.0 1 29.144362926483154
0.488 6 -1.5040750060977773e-05 2 22.607016801834106
0.488 7 0.0 1 31.002867221832275
0.488 8 0.0 1 27.39856243133545
0.488 9 0.0007057332622367449 2 32.63743853569031
0.488 10 0.0016021400193526665 2 25.927500247955322
0.488 11 0.00030223856483085193 2 23.97529363632202
0.488 12 0.0 1 26.81546425819397
0.488 13 0.0 1 25.647566080093384
0.488 14 1.9859763329704147e-05 2 35.75870323181152
0.488 15 0.0 1 23.25760245323181
0.488 16 0.0 1 27.910603761672974
0.488 17 -1.570756798096219e-05 2 25.843168020248413
0.488 18 0.0 1 28.687695741653442
0.488 19 1.9247210848546205e-06 2 32.23863339424133
0.488 20 0.0 1 31.711560010910034
0.488 21 -1.9417137749888956e-05 2 28.025460720062256
0.488 22 0.0 1 25.511188983917236
0.488 23 0.0 1 28.25537371635437
0.488 24 -1.1321344554658302e-05 2 25.807396411895752
0.488 25 -1.3992130903952785e-05 2 33.80875372886658
0.488 26 0.0015118159843343936 2 25.82482600212097
0.488 27 2.5272176281267827e-05 2 37.0918185710907
0.488 28 5.599808906829263e-05 2 24.272643566131592
0.488 29 0.001287325896164879 3 24.662704944610596
0.49 0 -1.570557382926231e-05 2 22.20265007019043
0.49 1 0.0 1 23.292840719223022
0.49 2 0.0 1 33.75261974334717
0.49 3 0.0 1 27.83180260658264
0.49 4 0.0 1 30.927939414978027
0.49 5 0.0 1 28.32052230834961
0.49 6 0.0 1 21.812910795211792
0.49 7 0.0 1 32.7853786945343
0.49 8 0.0 1 30.99602484703064
0.49 9 0.0030659321210244066 2 37.15059018135071
0.49 10 0.0008436080093406136 2 29.010470628738403
0.49 11 0.002234110870510062 2 21.83364176750183
0.49 12 0.0 1 31.01833438873291
0.49 13 0.0 1 27.323507070541382
0.49 14 0.0003022327592346736 2 18.220881700515747
0.49 15 0.0 1 26.340234994888306
0.49 16 0.0 1 28.760353565216064
0.49 17 0.0 1 29.255493879318237
0.49 18 0.00043916024067370467 2 20.35561442375183
0.49 19 -2.3967240091757605e-05 2 23.928306579589844
0.49 20 0.0 1 28.767950534820557
0.49 21 0.0 1 22.999550104141235
0.49 22 -1.8657516107074342e-05 2 23.281938791275024
0.49 23 0.0 1 26.746554374694824
0.49 24 0.0 1 30.666457891464233
0.49 25 0.0 1 29.813544511795044
0.49 26 0.0 1 19.212032318115234
0.49 27 -1.537713144302114e-05 2 24.530182123184204
0.49 28 0.0 1 21.609676837921143
0.49 29 0.0 1 23.880630254745483
0.494 0 0.0 1 29.43744921684265
0.494 1 0.0 1 29.018094539642334
0.494 2 0.0 1 28.920099020004272
0.494 3 -1.9171176202219194e-05 2 26.158227682113647
0.494 4 0.0 1 27.020646810531616
0.494 5 0.0 1 25.043442249298096
0.494 6 0.0 1 25.199796199798584
0.494 7 0.0 1 27.643189668655396
0.494 8 0.0 1 32.859408140182495
0.494 9 0.0 1 22.117891788482666
0.494 10 0.0 1 22.10924482345581
0.494 11 -2.3931286928906238e-05 2 26.668498992919922
0.494 12 0.00045224435100036384 2 29.60379981994629
0.494 13 0.0 1 22.394100666046143
0.494 14 -2.2495726944512602e-05 2 22.026359796524048
0.494 15 0.0007396911347100662 2 25.066619873046875
0.494 16 0.0 1 26.287646055221558
0.494 17 0.0 1 23.305167198181152
0.494 18 0.0 1 26.784897327423096
0.494 19 0.0 1 28.517863750457764
0.494 20 0.0 1 39.44048047065735
0.494 21 -1.434828189254985e-05 2 22.411386489868164
0.494 22 0.0 1 26.534984827041626
0.494 23 0.0 1 30.39788031578064
0.494 24 0.0 1 33.02729821205139
0.494 25 0.0 1 21.046958208084106
0.494 26 0.0 1 23.93049693107605
0.494 27 0.0013633273621860593 3 24.765251874923706
0.494 28 0.0 1 33.34355187416077
0.494 29 0.0 1 23.7928409576416
0.492 0 0.0 1 27.660921335220337
0.492 1 -7.987676318225007e-06 3 35.02597188949585
0.492 2 -1.4223664046965504e-06 2 26.92124342918396
0.492 3 0.0 1 30.23528242111206
0.492 4 0.0 1 23.870432376861572
0.492 5 0.0 1 30.42435121536255
0.492 6 2.290996626128064e-05 3 30.44985270500183
0.492 7 0.0021804174563157318 2 30.356565952301025
0.492 8 0.0 1 24.875802040100098
0.492 9 -1.0913345369165052e-05 2 31.50238347053528
0.492 10 0.0 1 31.39348316192627
0.492 11 -2.1535242615668898e-05 2 29.744417667388916
0.492 12 0.0 1 28.489272356033325
0.492 13 0.0 1 24.420382261276245
0.492 14 0.0 1 22.902652263641357
0.492 15 -1.6964423730999262e-05 2 26.649017572402954
0.492 16 -7.425495266962405e-06 2 22.326993703842163
0.492 17 0.0 1 28.028404235839844
0.492 18 0.0 1 25.75298309326172
0.492 19 0.0 1 27.533036470413208
0.492 20 0.0 1 31.50634503364563
0.492 21 0.0 1 38.97681498527527
0.492 22 0.0 1 30.259429454803467
0.492 23 0.0 1 26.93202519416809
0.492 24 0.0 1 23.544123649597168
0.492 25 0.0 1 23.03017783164978
0.492 26 0.0 1 20.84466528892517
0.492 27 0.0 1 30.508262872695923
0.492 28 0.0043022661513379004 2 28.86672592163086
0.492 29 0.0 1 22.08390736579895
0.496 0 0.003908182960339458 2 30.550002574920654
0.496 1 -2.300802634066988e-05 2 18.700134754180908
0.496 2 0.0 1 24.384835958480835
0.496 3 0.0 1 28.60010862350464
0.496 4 0.0 1 24.81043243408203
0.496 5 0.0020365914994862145 2 20.507179021835327
0.496 6 0.0 1 23.853121042251587
0.496 7 0.0 1 19.266560077667236
0.496 8 0.0 1 19.846846103668213
0.496 9 0.0 1 22.313931226730347
0.496 10 1.1981324477619423e-05 2 18.204745769500732
0.496 11 0.0011860730090956562 3 22.3192241191864
0.496 12 2.7782647179317006e-05 3 23.105239629745483
0.496 13 0.0 1 24.34382915496826
0.496 14 6.97147181933214e-05 2 22.77598786354065
0.496 15 0.0 1 27.831433296203613
0.496 16 0.0 1 23.0613374710083
0.496 17 0.0 1 18.383814096450806
0.496 18 -2.1710171951912633e-05 2 26.094184160232544
0.496 19 -9.218125545893852e-06 2 26.943481922149658
0.496 20 0.0 1 24.477543592453003
0.496 21 -2.1533403034618844e-05 2 24.02059507369995
0.496 22 0.0 1 24.657638788223267
0.496 23 3.8816202455802064e-05 2 29.133291244506836
0.496 24 0.0 1 20.041339635849
0.496 25 0.0 1 20.776049375534058
0.496 26 0.0 1 21.178728580474854
0.496 27 0.0 1 24.09160876274109
0.496 28 0.0 1 20.715916633605957
0.496 29 0.0 1 21.296780109405518
0.498 0 0.0 1 27.55313277244568
0.498 1 0.0 1 30.23673105239868
0.498 2 0.001742084502628604 2 22.31101155281067
0.498 3 -2.4865921997328756e-06 2 18.528541564941406
0.498 4 0.0 1 20.13029456138611
0.498 5 0.0 1 18.00453519821167
0.498 6 0.0 1 27.22041940689087
0.498 7 0.0 1 19.37545680999756
0.498 8 0.0 1 21.16446590423584
0.498 9 0.0 1 27.628661155700684
0.498 10 -2.403394811734903e-05 2 21.415581464767456
0.498 11 0.0 1 23.29442048072815
0.498 12 0.0 1 23.506147384643555
0.498 13 0.0 1 20.240337371826172
0.498 14 0.0 1 22.692137002944946
0.498 15 0.0 1 21.283113479614258
0.498 16 0.0 1 23.97576403617859
0.498 17 0.0 1 18.17248511314392
0.498 18 0.0 1 21.257441997528076
0.498 19 0.0 1 31.105350017547607
0.498 20 0.0 1 22.578349828720093
0.498 21 -1.811867587848261e-05 2 19.85222363471985
0.498 22 0.0 1 24.88585376739502
0.498 23 1.7627938819838445e-05 2 21.863135814666748
0.498 24 -2.3648349518402493e-05 3 26.446725845336914
0.498 25 -1.9417134204355098e-05 2 23.556830406188965
0.498 26 -1.0079794157318623e-05 2 19.116212844848633
0.498 27 0.0 1 18.34773898124695
0.498 28 -1.7554397123398258e-05 2 20.519688606262207
0.498 29 6.744730936757197e-06 2 22.042256832122803
0.5 0 0.0 1 25.383025646209717
0.5 1 0.0005498613848092173 2 25.66043448448181
0.5 2 0.0 1 19.97362780570984
0.5 3 0.0010888240139313727 2 20.311832666397095
0.5 4 0.0 1 20.788894176483154
0.5 5 0.0 1 19.57640242576599
0.5 6 0.0 1 21.28644561767578
0.5 7 0.0 1 20.904173851013184
0.5 8 0.0 1 18.50878143310547
0.5 9 0.0 1 22.519314527511597
0.5 10 0.0 1 20.594376802444458
0.5 11 0.0 1 22.489211082458496
0.5 12 0.0 1 23.886472940444946
0.5 13 0.0 1 19.53135871887207
0.5 14 0.0 1 22.906899213790894
0.5 15 0.0 1 23.2511203289032
0.5 16 0.0014547347848712392 2 23.344562530517578
0.5 17 0.0 1 16.709322452545166
0.5 18 0.0 1 22.980965614318848
0.5 19 0.0 1 23.92342734336853
0.5 20 0.0 1 22.087646484375
0.5 21 0.0 1 21.65770936012268
0.5 22 0.0 1 26.54112410545349
0.5 23 0.0 1 20.33592987060547
0.5 24 0.0 1 31.17199206352234
0.5 25 0.0 1 16.49328351020813
0.5 26 0.0 1 20.440012454986572
0.5 27 0.0 1 25.279223918914795
0.5 28 0.0 1 20.00482439994812
0.5 29 0.0 1 16.503039360046387
