0.4 0 -2.391434650005397e-06 2 41.56596350669861
0.4 1 0.000710050766910825 2 56.07739853858948
0.4 2 0.10042802411591735 2 89.04918265342712
0.4 3 -4.590304504343395e-05 2 55.52119183540344
0.4 4 0.0001373048071757059 2 43.17150688171387
0.4 5 0.09721446442653413 2 83.7759850025177
0.4 6 0.057222282735352 2 69.18897485733032
0.4 7 0.0001638363221807429 2 68.87805700302124
0.4 8 -4.6239363842650557e-05 2 59.11183476448059
0.4 9 -4.5848723702507595e-05 2 42.57466793060303
0.402 0 -4.590304504343395e-05 2 43.313241720199585
0.402 1 -3.412224958506747e-05 2 43.86410927772522
0.402 2 0.12228272588127719 2 104.35471558570862
0.402 3 0.00015528345687857402 2 70.70715427398682
0.402 4 -4.5848723702507595e-05 2 43.35676312446594
0.402 5 -4.5848723702507595e-05 2 48.56883478164673
0.402 6 0.1392262791742378 2 62.3454487323761
0.402 7 0.00034506146545424337 2 48.45304226875305
0.402 8 -4.5848723702507595e-05 2 40.14658570289612
0.402 9 -1.0753879846026255e-05 2 52.88149404525757
0.404 0 -5.078335008687557e-05 2 47.784626483917236
0.404 1 1.0994948214258295e-05 2 50.234150648117065
0.404 2 1.3106398252143316e-05 2 66.64884400367737
0.404 3 0.0001373048071757059 2 75.60262537002563
0.404 4 0.05449842979460399 2 143.00677299499512
0.404 5 0.00013386533838368204 2 86.2760419845581
0.404 6 -4.5848723702507595e-05 2 84.83016753196716
0.404 7 0.10998584743092278 2 136.40116333961487
0.404 8 0.05246924516771254 2 122.87016153335571
0.404 9 -4.1666251693776115e-05 2 157.01752924919128
0.406 0 -4.5848723702507595e-05 2 104.60277652740479
0.406 1 -4.5848723702507595e-05 2 84.65631937980652
0.406 2 0.08527153378983747 2 195.89641165733337
0.406 3 3.951458814114378e-06 2 104.35929441452026
0.406 4 -4.590304504343395e-05 2 77.69295477867126
0.406 5 -4.5848723702507595e-05 2 120.7728283405304
0.406 6 0.03634788984476688 2 124.91973495483398
0.406 7 0.00021272505990810762 2 101.29039239883423
0.406 8 -4.5848723702507595e-05 2 82.76208734512329
0.406 9 -1.394296508912209e-05 2 76.97747015953064
0.40800000000000003 0 -2.116783438256082e-05 2 62.96561670303345
0.40800000000000003 1 -1.649556320109793e-05 2 65.8977165222168
0.40800000000000003 2 -4.606106880425705e-05 2 43.443793296813965
0.40800000000000003 3 -2.5985835136967135e-05 2 67.42539978027344
0.40800000000000003 4 3.6770701420818585e-05 2 79.91698169708252
0.40800000000000003 5 0.00048016649376990937 2 49.36899495124817
0.40800000000000003 6 -8.14867235111952e-06 2 34.31077337265015
0.40800000000000003 7 0.00013756451304407365 2 47.328341007232666
0.40800000000000003 8 3.6770701420818585e-05 2 37.160653829574585
0.40800000000000003 9 0.0005981088670515218 2 48.70494508743286
0.41000000000000003 0 0.000190792087337891 2 45.717931032180786
0.41000000000000003 1 3.6770701420818585e-05 2 47.885332107543945
0.41000000000000003 2 -4.637753880403036e-05 2 40.010364055633545
0.41000000000000003 3 0.0519793962400057 2 99.9718451499939
0.41000000000000003 4 0.0002817278744677819 2 69.98328685760498
0.41000000000000003 5 6.191301241014607e-05 2 68.61325573921204
0.41000000000000003 6 0.003124950698898832 2 79.00608563423157
0.41000000000000003 7 -4.5848723702507595e-05 2 35.074506998062134
0.41000000000000003 8 -3.6017820968266294e-05 2 48.08938241004944
0.41000000000000003 9 3.6770701420818585e-05 2 57.11586546897888
0.41200000000000003 0 0.00013756451304407365 2 51.77421545982361
0.41200000000000003 1 0.00012378328809549427 2 44.65157890319824
0.41200000000000003 2 0.05151424339300664 2 97.52126479148865
0.41200000000000003 3 -2.762548006160406e-05 2 39.13053750991821
0.41200000000000003 4 0.00013756451304407365 2 36.26765489578247
0.41200000000000003 5 -4.5848723702507595e-05 2 48.09782528877258
0.41200000000000003 6 -1.4113908420600425e-05 2 69.02760052680969
0.41200000000000003 7 0.00011696591373812294 2 71.63913178443909
0.41200000000000003 8 0.0002768924460631966 2 56.32670307159424
0.41200000000000003 9 -8.14867235111952e-06 2 53.552117109298706
0.41600000000000004 0 0.00013756451304407365 2 68.10432696342468
0.41600000000000004 1 0.0002899554652183374 2 92.7360098361969
0.41600000000000004 2 0.00013756451304407365 2 38.26642632484436
0.41600000000000004 3 -2.8995072484096653e-05 2 115.9488775730133
0.41600000000000004 4 0.017397232169820878 2 152.3793261051178
0.41600000000000004 5 0.00013756451304407365 2 45.35130429267883
0.41600000000000004 6 -2.8714501824369023e-05 2 117.76334190368652
0.41600000000000004 7 0.00040868909103881706 2 116.45241618156433
0.41600000000000004 8 -2.391434650005397e-06 2 63.222922563552856
0.41600000000000004 9 -4.606106880425705e-05 2 90.27564597129822
0.41400000000000003 0 -2.391434650005397e-06 2 96.29922485351562
0.41400000000000003 1 0.03868976345911029 2 141.60500764846802
0.41400000000000003 2 -4.669146207915086e-05 2 95.98994016647339
0.41400000000000003 3 4.847730329222405e-05 2 70.9778163433075
0.41400000000000003 4 0.00013756451304407365 2 75.88362836837769
0.41400000000000003 5 1.0994948214258295e-05 2 75.28295493125916
0.41400000000000003 6 -3.9431992097772975e-05 2 93.81262111663818
0.41400000000000003 7 -9.795399442329384e-06 2 147.41156435012817
0.41400000000000003 8 0.0028228014274240877 2 157.22158789634705
0.41400000000000003 9 0.00028056515025268256 2 132.07055354118347
0.41800000000000004 0 -2.926204934174196e-05 2 164.28002190589905
0.41800000000000004 1 -4.5848723702507595e-05 2 108.63050580024719
0.41800000000000004 2 0.0001373048071757059 2 48.8914270401001
0.41800000000000004 3 -2.068180722592391e-05 2 100.92504024505615
0.41800000000000004 4 0.007373673251656953 2 106.84438276290894
0.41800000000000004 5 1.0994948214258295e-05 2 69.51019382476807
0.41800000000000004 6 -4.582532598641106e-05 2 93.12947463989258
0.41800000000000004 7 -5.3922195752156234e-05 2 69.60859680175781
0.41800000000000004 8 1.0994948214258295e-05 2 114.59683132171631
0.41800000000000004 9 0.04457944315176402 2 145.19372129440308
0.42000000000000004 0 6.660852718027187e-05 2 50.621100664138794
0.42000000000000004 1 -4.606106880425705e-05 2 72.69285893440247
0.42000000000000004 2 6.249043659007292e-05 2 70.32634091377258
0.42000000000000004 3 2.6922725052973373e-05 2 110.85534334182739
0.42000000000000004 4 0.0005109582840747982 2 125.97310900688171
0.42000000000000004 5 6.249043659007292e-05 2 65.67865133285522
0.42000000000000004 6 0.012979259468849737 2 163.81852841377258
0.42000000000000004 7 -5.0152838319833884e-05 2 75.79634714126587
0.42000000000000004 8 0.0002768924460631966 2 57.804601192474365
0.42000000000000004 9 -2.8388466920822085e-05 2 149.47924184799194
