0.1 0 1.0 2
0.1 1 1.0 2
0.1 2 1.0 2
0.1 3 1.0 2
0.1 4 1.0 2
0.1 5 1.0 2
0.1 6 1.0 2
0.1 7 1.0 2
0.1 8 1.0 2
0.1 9 1.0 2
0.1473684210526316 0 0.9286022516535728 2
0.1473684210526316 1 1.0 2
0.1473684210526316 2 1.0 2
0.1473684210526316 3 1.0 2
0.1473684210526316 4 0.8773072618436142 2
0.1473684210526316 5 0.9286022516535728 2
0.1473684210526316 6 1.0 2
0.1473684210526316 7 1.0 2
0.1473684210526316 8 1.0 2
0.1473684210526316 9 1.0 2
0.19473684210526315 0 1.0 2
0.19473684210526315 1 0.8575159537539402 2
0.19473684210526315 2 1.0 2
0.19473684210526315 3 1.0 2
0.19473684210526315 4 0.9286022516535728 2
0.19473684210526315 5 1.0 2
0.19473684210526315 6 1.0 2
0.19473684210526315 7 1.0 2
0.19473684210526315 8 1.0 2
0.19473684210526315 9 1.0 2
0.24210526315789474 0 0.9286022516535728 2
0.24210526315789474 1 0.9286022516535728 2
0.24210526315789474 2 1.0 2
0.24210526315789474 3 0.8575159537539401 2
0.24210526315789474 4 1.0 2
0.24210526315789474 5 0.8335429056980596 2
0.24210526315789474 6 0.9286022516535728 2
0.24210526315789474 7 0.8065446315451662 2
0.24210526315789474 8 0.8575159537539401 2
0.24210526315789474 9 0.8065446315451662 2
0.2894736842105263 0 0.8773072618436142 2
0.2894736842105263 1 0.8335429056980596 2
0.2894736842105263 2 0.9286022516535728 2
0.2894736842105263 3 0.8065446315451662 2
0.2894736842105263 4 0.9286022516535728 2
0.2894736842105263 5 0.7245153084203909 2
0.2894736842105263 6 0.8575159537539402 2
0.2894736842105263 7 0.763108324572318 2
0.2894736842105263 8 0.7559202555796879 2
0.2894736842105263 9 0.7128426776147977 2
0.33684210526315794 0 1.0 2
0.33684210526315794 1 0.8575159537539402 2
0.33684210526315794 2 0.7245153084203909 2
0.33684210526315794 3 0.7128426776147976 2
0.33684210526315794 4 0.5980264653628166 2
0.33684210526315794 5 0.6701392955273148 2
0.33684210526315794 6 0.7245153084203911 2
0.33684210526315794 7 0.6399520592597279 2
0.33684210526315794 8 0.66806173804014 2
0.33684210526315794 9 0.8065446315451662 2
0.38421052631578945 0 0.6322976674068046 2
0.38421052631578945 1 0.7128426776147976 2
0.38421052631578945 2 0.524274379174 2
0.38421052631578945 3 0.6322976674068046 2
0.38421052631578945 4 0.5508642506256433 2
0.38421052631578945 5 0.6746161775765513 2
0.38421052631578945 6 0.5609898034938849 2
0.38421052631578945 7 0.7245153084203909 2
0.38421052631578945 8 0.5980264653628166 2
0.38421052631578945 9 0.5609898034938849 2
0.43157894736842106 0 0.537389906898252 2
0.43157894736842106 1 0.059984602306487875 2
0.43157894736842106 2 0.484573372590944 2
0.43157894736842106 3 4.516136592730491e-05 2
0.43157894736842106 4 0.7128426776147976 2
0.43157894736842106 5 0.3575860807586812 2
0.43157894736842106 6 0.3158987685833929 2
0.43157894736842106 7 0.2577404366741235 2
0.43157894736842106 8 0.011305247736850677 2
0.43157894736842106 9 0.5248719204559841 2
0.4789473684210527 0 0.2719496669410514 2
0.4789473684210527 1 0.2727457473669777 2
0.4789473684210527 2 0.028558497672687068 2
0.4789473684210527 3 0.04920573517333606 2
0.4789473684210527 4 0.14421460528931856 2
0.4789473684210527 5 0.13859808121649536 2
0.4789473684210527 6 0.41754065356161485 2
0.4789473684210527 7 0.05049020142309519 2
0.4789473684210527 8 -7.296789450023967e-05 2
0.4789473684210527 9 0.2727457473669777 2
0.5263157894736842 0 0.014858680239238945 2
0.5263157894736842 1 0.08917138811221786 2
0.5263157894736842 2 0.07837293418596547 2
0.5263157894736842 3 0.24543574115116687 2
0.5263157894736842 4 0.019341634913482942 2
0.5263157894736842 5 -7.296789450023588e-05 2
0.5263157894736842 6 0.4031277339372632 2
0.5263157894736842 7 -0.00475740888116101 2
0.5263157894736842 8 0.18385366700838618 2
0.5263157894736842 9 0.06852694893605765 2
0.5736842105263158 0 -9.596978568711384e-05 2
0.5736842105263158 1 0.10848165107201743 2
0.5736842105263158 2 -0.002716355657025392 2
0.5736842105263158 3 -0.006214703265369533 2
0.5736842105263158 4 0.016404064221717182 2
0.5736842105263158 5 0.5003217598627517 2
0.5736842105263158 6 0.02902688634240501 2
0.5736842105263158 7 0.17125299973979713 2
0.5736842105263158 8 -0.006222697441930538 2
0.5736842105263158 9 0.05153505526457459 2
0.6210526315789474 0 4.516136592730491e-05 2
0.6210526315789474 1 -0.007546805050453066 2
0.6210526315789474 2 0.0074822582925728924 2
0.6210526315789474 3 0.007482258292572888 2
0.6210526315789474 4 0.1289218975794759 2
0.6210526315789474 5 0.01134219357714393 2
0.6210526315789474 6 0.022131682568262485 2
0.6210526315789474 7 0.006918687525887256 2
0.6210526315789474 8 0.006972991229208091 2
0.6210526315789474 9 0.016307264747368197 2
0.6684210526315789 0 -0.007087974007297239 2
0.6684210526315789 1 0.05036199155169083 2
0.6684210526315789 2 -0.007135304434062246 2
0.6684210526315789 3 0.03639570104451932 2
0.6684210526315789 4 -0.006214703265369533 2
0.6684210526315789 5 -0.006216703168904773 2
0.6684210526315789 6 0.05247818587923168 2
0.6684210526315789 7 -0.002669917868380409 2
0.6684210526315789 8 0.00027166676225434406 2
0.6684210526315789 9 0.04255973752110362 2
0.7157894736842105 0 -0.004759806677904526 2
0.7157894736842105 1 -0.002669917868380413 2
0.7157894736842105 2 -0.007111527585898865 2
0.7157894736842105 3 -0.006222697441930538 2
0.7157894736842105 4 -0.007135304434062246 2
0.7157894736842105 5 0.028558497672687068 2
0.7157894736842105 6 -0.007111527585898864 2
0.7157894736842105 7 0.006918687525887252 2
0.7157894736842105 8 -0.00709580060580629 2
0.7157894736842105 9 -0.006216703168904775 2
0.7631578947368421 0 -0.0047524596203180666 2
0.7631578947368421 1 0.03155081568202456 2
0.7631578947368421 2 -0.007111527585898864 2
0.7631578947368421 3 -0.002722026941161995 2
0.7631578947368421 4 0.012275259160560313 2
0.7631578947368421 5 0.06385055481384297 2
0.7631578947368421 6 -0.007095800605806286 2
0.7631578947368421 7 -0.006222697441930538 2
0.7631578947368421 8 0.01145392247513611 2
0.7631578947368421 9 -0.00709580060580629 2
0.8105263157894737 0 -0.007087974007297234 2
0.8105263157894737 1 -0.004744641425544358 2
0.8105263157894737 2 -0.0078790503681582 2
0.8105263157894737 3 -0.0026991656062006616 2
0.8105263157894737 4 -0.006232668508048415 2
0.8105263157894737 5 0.006972991229208088 2
0.8105263157894737 6 0.009192386224463757 2
0.8105263157894737 7 -0.0026991656062006616 2
0.8105263157894737 8 0.016307264747368197 2
0.8105263157894737 9 -9.596978568711384e-05 2
0.8578947368421053 0 -0.007208010043984577 2
0.8578947368421053 1 -0.004752459620318068 2
0.8578947368421053 2 -0.0047598066779045295 2
0.8578947368421053 3 -0.006232668508048411 2
0.8578947368421053 4 0.022131682568262485 2
0.8578947368421053 5 -0.004697794226801296 2
0.8578947368421053 6 -0.0026276787726500564 2
0.8578947368421053 7 -0.002722026941161995 2
0.8578947368421053 8 -0.002571062834872341 2
0.8578947368421053 9 -0.0026276787726500577 2
0.9052631578947369 0 -0.00475740888116101 2
0.9052631578947369 1 -0.002716355657025392 2
0.9052631578947369 2 -0.006232668508048411 2
0.9052631578947369 3 -0.007087974007297239 2
0.9052631578947369 4 -0.002716355657025392 2
0.9052631578947369 5 -2.6347168394843334e-05 2
0.9052631578947369 6 -0.00709580060580629 2
0.9052631578947369 7 -0.006214703265369533 2
0.9052631578947369 8 0.006972991229208091 2
0.9052631578947369 9 -0.004744641425544358 2
0.9526315789473684 0 -2.63471683948446e-05 2
0.9526315789473684 1 0.004911258203561117 2
0.9526315789473684 2 -7.296789450023588e-05 2
0.9526315789473684 3 -2.63471683948446e-05 2
0.9526315789473684 4 -9.596978568711384e-05 2
0.9526315789473684 5 0.01784468874565716 2
0.9526315789473684 6 -0.006232668508048415 2
0.9526315789473684 7 0.0031864268995741157 2
0.9526315789473684 8 -0.007208010043984577 2
0.9526315789473684 9 -0.0073776845414105265 2
1.0 0 0.011305247736850677 2
1.0 1 0.017844688745657155 2
1.0 2 -0.00474464142554436 2
1.0 3 -0.006214703265369533 2
1.0 4 -0.007087974007297239 2
1.0 5 -0.007087974007297234 2
1.0 6 -2.63471683948446e-05 2
1.0 7 -0.0026276787726500577 2
1.0 8 -0.0027163556570253943 2
1.0 9 -0.00622269744193054 2
