0.306 0 0.3635439636340656 3 7037.233305215836
0.306 1 0.36062908789161247 3 7243.152466535568
0.304 0 0.3424551512519401 3 7316.628135442734
0.304 1 0.37035122615403687 3 7253.504682779312
0.31 0 0.3424551512519401 3 7292.816596746445
0.31 1 0.33794208095357053 3 7469.589915513992
0.308 0 0.3424551512519401 3 7303.051297903061
0.308 1 0.3495747939603584 3 7901.808047056198
0.314 0 0.3250282095541704 3 7597.648646354675
0.314 1 0.336580197916885 3 7964.146446943283
0.316 0 0.328603592035038 3 8454.48317193985
0.316 1 0.3236250198891793 3 7798.289115905762
0.318 0 0.3160754705735795 3 8132.944863319397
0.318 1 0.31490828121781345 3 8254.362519741058
0.32 0 0.3086288852635463 3 8107.840722560883
0.32 1 0.3091651063946479 3 8418.462548732758
0.322 0 0.2979692664960128 3 8143.109171390533
0.322 1 0.2986350264410286 3 8492.610800266266
0.324 0 0.28938978983935465 3 8683.002578258514
0.324 1 0.29122022034012207 3 9149.786287546158
0.326 0 0.2748549779839906 3 9477.315851211548
0.326 1 0.26082447181641216 3 8756.762292146683
0.328 0 0.2653100749021279 3 10518.86014699936
0.328 1 0.2736964648549611 3 9170.745913982391
0.33199999999999996 0 0.2346207692023956 3 9471.846841335297
0.33199999999999996 1 0.2389719396920359 3 11309.696238040924
0.32999999999999996 0 0.24253343468471533 3 10128.347765684128
0.32999999999999996 1 0.24920375290772007 3 10890.400660276413
0.33399999999999996 0 0.2259139934781974 3 10809.403004407883
0.33399999999999996 1 0.239168319377754 3 11540.686073064804
0.33599999999999997 0 0.22111885996931532 3 12673.632405281067
0.33599999999999997 1 0.2305553477910678 3 10137.023248195648
0.33799999999999997 0 0.20861961864967987 3 12794.675793886185
0.33799999999999997 1 0.21949179634433635 3 10890.7095079422
0.34199999999999997 0 0.18899226828072066 3 13802.514761686325
0.34199999999999997 1 0.20402685612181534 3 10750.017768621445
0.33999999999999997 0 0.19598180112737942 3 13960.460010051727
0.33999999999999997 1 0.2153983367858266 3 11692.419695854187
0.344 0 0.17530464261280784 3 13792.8607172966
0.344 1 0.18522266441713978 3 12558.295382499695
0.346 0 0.17208301321886435 3 12730.961211442947
0.346 1 0.1868292317104125 3 12980.922558546066
0.348 0 0.16273249108321622 3 12981.315118312836
0.348 1 0.17959888097776916 3 13715.708882808685
0.35 0 0.16344057000507597 3 12994.424590349197
0.35 1 0.13578133825038008 3 16131.059102535248
0.352 0 0.1333057201418015 3 15975.808153629303
0.352 1 0.1555844143088644 3 15964.72139430046
0.354 0 0.11880491385681549 3 16178.986424446106
0.354 1 0.14865291594224178 3 16019.747235298157
0.356 0 0.08718496090530557 3 16098.535526514053
0.356 1 0.14362796568094746 3 16109.562706232071
0.358 0 0.07328170909376404 3 16024.735287189484
0.358 1 0.12054929678328749 3 16220.925884246826
0.36 0 0.06655628385649281 3 16075.36690735817
0.36 1 0.12425829365534351 3 16121.24203133583
0.362 0 0.11961469035234253 3 16077.552872419357
0.362 1 0.09509889473643368 3 16075.147633075714
0.364 0 0.1083911120431075 3 16157.300406694412
0.364 1 0.08690785651493733 3 16091.194648742676
0.366 0 0.09126282850478958 3 16030.888219118118
0.366 1 0.049893290784703864 3 16153.799283981323
0.368 0 0.06787209655349356 3 16012.564956665039
0.368 1 0.07063378594868197 3 16042.78171491623
0.37 0 0.06215263732372994 3 16154.290619850159
0.37 1 0.031193421699754118 3 16244.001532554626
0.372 0 0.05704906114011085 3 16095.042689800262
0.372 1 0.020994416650336547 3 16107.491608858109
0.374 0 0.052821092810263565 3 16083.259366750717
0.374 1 0.015018101869890518 3 16112.49506688118
0.376 0 0.04220128439039921 3 16065.243050813675
0.376 1 0.036357490832424844 3 16106.000173330307
0.378 0 0.0352232507000913 3 16064.27785205841
0.378 1 0.016450695707662034 3 16048.477686166763
0.38 0 0.019560678419845025 3 16120.945154428482
0.38 1 0.01164068971342465 3 16026.13765335083
0.382 0 0.006204741088559291 3 16106.836155414581
0.382 1 0.0031263182046144767 3 16090.445868730545
0.384 0 0.018630909896695226 3 16031.736941337585
0.384 1 0.008934594440755539 3 16147.331102848053
0.386 0 0.004476518356119425 3 16178.22324681282
0.386 1 0.012476405973239898 3 16204.397648096085
0.388 0 0.00400742237338397 3 16043.800777673721
0.388 1 0.010767776151063413 3 16158.486990451813
0.39 0 0.0018602500812941482 3 16069.296397447586
0.39 1 0.01096700678851772 3 16100.527955532074
0.392 0 0.007617261388960219 3 16091.511852502823
0.392 1 0.013075988563228048 3 16116.287903785706
0.394 0 0.008202847787452356 3 16086.407542943954
0.394 1 0.0023997224302157636 3 16084.547029018402
0.396 0 0.006328361197480725 3 16131.814153909683
0.396 1 0.00584424595703288 3 16019.750539779663
0.398 0 0.0008263015393346546 3 16156.190601587296
0.398 1 0.0018527589260281527 3 16185.717370986938
0.4 0 0.0014478075900049914 3 16094.532432079315
0.4 1 0.0021004880311537586 3 16091.726336956024
0.402 0 0.001703686702842458 3 16175.110921382904
0.402 1 0.0021999595748246202 3 16190.682756662369
0.404 0 0.0015604907471953094 3 16072.928676366806
0.404 1 0.0019204219506495845 3 16058.991141080856
0.40599999999999997 0 0.0007458352729647773 3 16059.007896900177
0.40599999999999997 1 0.002599427253107889 3 16024.41792678833
0.41 0 0.0014480830012392634 3 15643.103860139847
0.41 1 0.0009875695862482474 3 15054.202553510666
0.408 0 0.0014621471424798081 3 16119.51807308197
0.408 1 0.00279737405431013 3 16060.384986400604
0.412 0 0.00028863787764651445 3 16082.29696893692
0.412 1 0.000516206991987585 3 14078.180966377258
0.414 0 0.005540303630177466 3 13651.607056617737
0.414 1 0.00282915858986613 3 13597.16936659813
0.416 0 0.0005971342895506229 3 12430.699707746506
0.416 1 0.0008201191736681686 3 12627.374342918396
0.418 0 0.0003457528711023388 3 11996.578744649887
0.418 1 0.00041488553238009344 3 12012.475203037262
0.422 0 0.0015738020708441474 3 10832.583354711533
0.422 1 0.0004955475858638887 3 10807.410858869553
0.42 0 0.0014248236292257765 3 11441.893462896347
0.42 1 0.0015157341169297588 3 11340.882898807526
0.428 0 0.00040550264761864905 3 9537.993775844574
0.428 1 0.00031237683697809583 3 9442.541053771973
0.426 0 0.00045414664373930855 3 9843.155051708221
0.426 1 0.000353375578522277 3 10037.307747125626
0.424 0 0.0003542172685411652 3 10328.614223241806
0.424 1 0.0017345322918644723 3 10326.043266296387
0.43 0 0.0006904707979156888 3 9257.675701618195
0.43 1 0.0009936353625618643 3 9155.765254735947
0.432 0 0.0015221925625238091 3 8829.401262283325
0.432 1 0.0008791492712169468 3 8929.743720293045
0.436 0 0.0005234020616650571 3 8239.335236549377
0.436 1 0.0002714211047802174 3 8322.835259199142
0.44 0 0.000849683019615343 3 7744.639546394348
0.44 1 0.0010613256776159615 3 7773.432927131653
0.444 0 0.001091086561156705 3 7276.597437143326
0.444 1 0.0003840098245833669 3 7299.242373466492
0.442 0 0.00016601041054230368 3 7478.934221506119
0.442 1 0.0005558716308677402 3 7562.289632558823
0.434 0 0.0027337897984126285 3 8495.430754899979
0.434 1 0.0010871341551478965 3 8558.985283851624
0.438 0 0.0003302547799086376 3 7936.361587047577
0.438 1 0.000537868459376904 3 7957.1544308662415
0.44599999999999995 0 0.000470049672175226 3 7559.143772602081
0.44599999999999995 1 0.0004396316717582965 3 7135.222686052322
0.45999999999999996 0 0.00022719591868441678 3 5918.586929559708
0.45999999999999996 1 3.630690806775308e-05 3 6027.377098560333
0.45799999999999996 0 3.894373289622106e-05 3 6109.752607345581
0.45799999999999996 1 0.00019469551322986542 3 6125.95515370369
0.45599999999999996 0 0.0004665966635272263 3 6197.146057367325
0.45599999999999996 1 0.0004437429246446074 3 6268.696851491928
0.45399999999999996 0 0.0001387555246520657 3 6408.885952234268
0.45399999999999996 1 2.504301079083186e-05 3 6365.637361526489
0.45199999999999996 0 0.0002791289721228817 3 6571.412006139755
0.45199999999999996 1 0.0007256986183189864 3 6527.88808131218
0.44999999999999996 0 0.0023277177392361167 3 6670.857520103455
0.44999999999999996 1 0.0006353073473331675 3 6713.942727565765
0.44799999999999995 0 0.0004345973986450855 3 6927.7353456020355
0.44799999999999995 1 0.0007102170837248425 3 7009.141507387161
0.46199999999999997 0 0.0005824168354061918 3 6127.22579741478
0.46199999999999997 1 0.0007328466097071862 3 5885.537158489227
0.47 0 0.00023409559200569967 3 5394.61544585228
0.47 1 0.0004551727942572512 3 5368.714046239853
0.46799999999999997 0 0.0004569870525955457 3 5537.410071849823
0.46799999999999997 1 0.0007854761329372412 3 5527.923649072647
0.46599999999999997 0 0.00011432807372740318 3 5680.990508556366
0.46599999999999997 1 0.0003554153263057946 3 5673.165705680847
0.472 0 0.0005224384960095927 3 5303.459156513214
0.472 1 0.00015010422605774292 3 5338.580641269684
0.46399999999999997 0 0.0007203671898778717 3 5814.607128143311
0.46399999999999997 1 0.00016273468043949093 3 5750.736224651337
0.474 0 0.0020626797570852534 3 5223.5168788433075
0.474 1 0.0004509835944611283 3 5202.427227735519
0.476 0 3.5069168518296694e-05 3 5160.368894338608
0.476 1 -3.447664984323696e-05 3 5149.698895931244
0.478 0 0.0002487646779052635 3 5087.9989449977875
0.478 1 0.0004193205420243426 3 5089.696698665619
0.49 0 0.0003281677550282339 3 4578.832977294922
0.49 1 3.6419075474727615e-05 3 4577.918252706528
0.492 0 -2.904481300778176e-05 3 4542.60072684288
0.492 1 8.196332331041537e-05 3 4568.189250707626
0.488 0 0.0003727054371676187 3 4648.093779325485
0.488 1 0.00014466914950631617 3 4666.234959363937
0.486 0 0.00011324605709907897 3 4750.074169635773
0.486 1 3.441003311756116e-05 3 4737.557865858078
0.484 0 7.032581494428111e-05 3 4822.18267250061
0.484 1 8.76936792852035e-05 3 4862.015320062637
0.482 0 8.349449219426078e-05 3 4914.046039581299
0.482 1 1.2288220295197342e-05 3 4929.945718288422
0.48 0 9.362803450685194e-05 3 4967.7728979587555
0.48 1 2.3722971665161093e-05 3 4923.970263242722
0.494 0 4.036693551330027e-05 3 4494.531998157501
0.494 1 -1.6917152806561577e-05 3 4498.763009309769
0.5 0 0.00011373754058654113 3 4281.843524932861
0.5 1 0.00011322117530933772 3 4281.409814834595
0.498 0 0.0006741865177895774 3 4365.561634778976
0.498 1 -1.3507398909014109e-05 3 4326.7210075855255
0.496 0 9.0973906484485e-05 3 4366.417070150375
0.496 1 0.00013967744965041033 3 4407.801839590073
