0.1 0 0.6584845854840603 3 17.527979850769043
0.1 1 0.9533836377128526 2 22.35273313522339
0.1 2 0.9500574908938206 2 18.831382274627686
0.1 3 0.6525504389173447 3 22.26527452468872
0.1 4 0.9538221315137102 2 19.92692732810974
0.1 5 0.946103325474072 2 18.5681893825531
0.1 6 0.6569043855543615 3 18.527422189712524
0.1 7 0.9475778220523137 2 15.75624704360962
0.1 8 0.9523857904313664 2 20.28616166114807
0.1 9 0.9556109569634396 2 25.87516736984253
0.10900000000000001 0 0.6500314808281981 3 27.036959409713745
0.10900000000000001 1 0.647370353641075 3 24.1625394821167
0.10900000000000001 2 0.9424759370221119 2 20.43407154083252
0.10900000000000001 3 0.6419901039288044 3 26.083264112472534
0.10900000000000001 4 0.9417568668878423 2 17.995411157608032
0.10900000000000001 5 0.9420068681551893 2 20.236318111419678
0.10900000000000001 6 0.6471804637082518 3 22.57252264022827
0.10900000000000001 7 0.9405836722109419 2 16.300808668136597
0.10900000000000001 8 0.9441556490129123 2 21.22940468788147
0.10900000000000001 9 0.6434761446348823 3 20.95201301574707
0.11800000000000001 0 0.6074578242804473 3 24.289942502975464
0.11800000000000001 1 0.9316632220990834 2 17.548081159591675
0.11800000000000001 2 0.6390185591011291 3 24.431238174438477
0.11800000000000001 3 0.6293416981401952 3 27.45339846611023
0.11800000000000001 4 0.6264379552099623 3 20.815267324447632
0.11800000000000001 5 0.9300230173020044 2 22.450738430023193
0.11800000000000001 6 0.932580857268107 2 20.114376544952393
0.11800000000000001 7 0.9224764544260443 2 21.409850120544434
0.11800000000000001 8 0.622048458277742 3 20.003560304641724
0.11800000000000001 9 0.9268246275516395 2 19.30239200592041
0.136 0 0.5882691842129163 3 29.26571774482727
0.136 1 0.5771462846623656 3 23.653661727905273
0.136 2 0.5930303711501231 3 23.80301523208618
0.136 3 0.5265212014907543 3 22.58638858795166
0.136 4 0.9045313034320192 2 21.066335201263428
0.136 5 0.6038199317799973 3 22.021567821502686
0.136 6 0.8974295440882472 2 19.587250232696533
0.136 7 0.8988832217454782 2 21.641730546951294
0.136 8 0.8930143750111194 2 21.94712209701538
0.136 9 0.8985714644542573 2 23.50635004043579
0.127 0 0.6135589334283494 3 20.413015604019165
0.127 1 0.9196628538097039 2 33.48920011520386
0.127 2 0.9125280836182909 2 26.32822847366333
0.127 3 0.9090087035832201 2 38.415040254592896
0.127 4 0.620918834496498 3 31.70529556274414
0.127 5 0.6092477622920136 3 21.146896839141846
0.127 6 0.9198975181425328 2 20.82274866104126
0.127 7 0.9110011406969813 2 19.480921745300293
0.127 8 0.9181245436635572 2 18.905717849731445
0.127 9 0.9109243374893494 2 25.731456995010376
0.14500000000000002 0 0.88524987439891 2 19.16114616394043
0.14500000000000002 1 0.8848370606511747 2 17.21622371673584
0.14500000000000002 2 0.8838436421839088 2 19.007531881332397
0.14500000000000002 3 0.45879355795019355 4 29.77838134765625
0.14500000000000002 4 0.876926544141779 2 21.960914134979248
0.14500000000000002 5 0.887437966125721 2 19.211511611938477
0.14500000000000002 6 0.8824434843990494 2 21.3981716632843
0.14500000000000002 7 0.8808768425615427 2 20.140151262283325
0.14500000000000002 8 0.883996144760191 2 23.37584114074707
0.14500000000000002 9 0.8850308093312071 2 21.363629817962646
0.15400000000000003 0 0.8686407681698867 2 15.4550039768219
0.15400000000000003 1 0.865970232267656 2 20.436172008514404
0.15400000000000003 2 0.5667453971999462 3 20.302992820739746
0.15400000000000003 3 0.8682203729479352 2 19.549755811691284
0.15400000000000003 4 0.8649703754735422 2 21.733863830566406
0.15400000000000003 5 0.5613345092051069 3 25.05576229095459
0.15400000000000003 6 0.5682338233321949 3 22.603896379470825
0.15400000000000003 7 0.8747852517047501 2 17.44894289970398
0.15400000000000003 8 0.5523467524949104 3 25.62956428527832
0.15400000000000003 9 0.5062428095134388 3 25.48832058906555
0.163 0 0.8519127777039285 2 18.770086765289307
0.163 1 0.8474712696624566 2 20.233027935028076
0.163 2 0.5505205104323303 3 17.646331548690796
0.163 3 0.5000103744257157 3 19.347107887268066
0.163 4 0.8454762699495723 2 20.570594310760498
0.163 5 0.8472894246329048 2 21.163418531417847
0.163 6 0.837049128275168 2 22.568420886993408
0.163 7 0.49793860964517156 3 27.785321474075317
0.163 8 0.5104338531865615 3 23.911338567733765
0.163 9 0.8427506218334989 2 23.569939851760864
0.17200000000000001 0 0.8239923676546042 2 15.880671501159668
0.17200000000000001 1 0.8262544420422273 2 20.276428699493408
0.17200000000000001 2 0.8239979932868522 2 23.99554181098938
0.17200000000000001 3 0.8231845283992456 2 18.97761297225952
0.17200000000000001 4 0.8266268747862755 2 24.018437147140503
0.17200000000000001 5 0.8286648881001881 2 29.15171504020691
0.17200000000000001 6 0.8334787129857018 2 19.596115112304688
0.17200000000000001 7 0.8263893393043135 2 27.66588854789734
0.17200000000000001 8 0.5147755252767315 3 22.9089252948761
0.17200000000000001 9 0.8231304736623654 2 24.057215929031372
0.18100000000000002 0 0.4702128993176275 3 20.167697429656982
0.18100000000000002 1 0.7991940820841068 2 21.141095638275146
0.18100000000000002 2 0.5124388624686883 3 23.59246516227722
0.18100000000000002 3 0.400713867686248 4 23.69403076171875
0.18100000000000002 4 0.8120203572795822 2 25.353527784347534
0.18100000000000002 5 0.8113211590566106 2 22.8632652759552
0.18100000000000002 6 0.8100246110226313 2 22.44841718673706
0.18100000000000002 7 0.8024427736615166 2 23.481483936309814
0.18100000000000002 8 0.8016192080681229 2 24.075880527496338
0.18100000000000002 9 0.5152044734492044 3 17.88586115837097
0.19 0 0.7811212786299834 2 17.135168075561523
0.19 1 0.4725748811372352 3 28.092890977859497
0.19 2 0.46064510318550533 3 31.77331256866455
0.19 3 0.789761382127808 2 21.18873929977417
0.19 4 0.7911003008425627 2 25.497474670410156
0.19 5 0.78569383847505 2 22.442760944366455
0.19 6 0.7851314575371122 2 28.088275909423828
0.19 7 0.7792374037744385 2 15.708256959915161
0.19 8 0.7857903451256223 2 17.5379581451416
0.19 9 0.4541385323035035 3 18.05527901649475
0.199 0 0.47934346423656793 3 19.375163555145264
0.199 1 0.7635405063144934 2 24.409945487976074
0.199 2 0.7640108031841617 2 26.82926321029663
0.199 3 0.7589991484387353 2 21.35531973838806
0.199 4 0.76017234100907 2 18.477988243103027
0.199 5 0.37538386204021584 4 25.553680181503296
0.199 6 0.765263225390246 2 22.28173327445984
0.199 7 0.762170543090034 2 20.047500371932983
0.199 8 0.7566067903438669 2 21.523982763290405
0.199 9 0.4458687264292417 3 27.489652633666992
0.20800000000000002 0 0.7428351625128704 2 29.351805210113525
0.20800000000000002 1 0.746359550591413 2 23.010645866394043
0.20800000000000002 2 0.7477181659028678 2 21.397380113601685
0.20800000000000002 3 0.7424966947715659 2 19.68461275100708
0.20800000000000002 4 0.42959827848196686 3 25.809121131896973
0.20800000000000002 5 0.36654256973462074 4 22.64267635345459
0.20800000000000002 6 0.7420572883693036 2 21.421233892440796
0.20800000000000002 7 0.7418861583877285 2 20.275535821914673
0.20800000000000002 8 0.4285922859739197 3 25.428348541259766
0.20800000000000002 9 0.4527897693067852 3 21.209940433502197
0.21700000000000003 0 0.3374727851711543 4 21.009166717529297
0.21700000000000003 1 0.4488525973707051 3 25.62044048309326
0.21700000000000003 2 0.7106341595714574 2 17.931888818740845
0.21700000000000003 3 0.7111955685285932 2 20.888243913650513
0.21700000000000003 4 0.7181483576857063 2 20.437419176101685
0.21700000000000003 5 0.4489650550284358 3 21.364604711532593
0.21700000000000003 6 0.7093690148341585 2 19.502917289733887
0.21700000000000003 7 0.7112110050746957 2 21.306546211242676
0.21700000000000003 8 0.708520456224201 2 21.726287126541138
0.21700000000000003 9 0.4269971868283554 3 23.97204351425171
0.226 0 0.6908700923395471 2 20.23726534843445
0.226 1 0.3999050790173167 3 25.29631757736206
0.226 2 0.6900452190110858 2 23.375025987625122
0.226 3 0.41242635104843733 3 20.330403566360474
0.226 4 0.4030741408704552 3 19.98131823539734
0.226 5 0.6837692994573035 2 22.21592617034912
0.226 6 0.6894550145387959 2 20.88590693473816
0.226 7 0.6944097810296022 2 21.905359029769897
0.226 8 0.6855215601981952 2 21.361178398132324
0.226 9 0.6920590011241751 2 18.213968992233276
0.23500000000000001 0 0.6644312722523132 2 18.622490882873535
0.23500000000000001 1 0.6688243829582455 2 27.11817479133606
0.23500000000000001 2 0.6667628354383625 2 26.997830629348755
0.23500000000000001 3 0.3953062580311162 3 18.4274640083313
0.23500000000000001 4 0.6670627102929327 2 21.036219120025635
0.23500000000000001 5 0.6660084044926253 2 16.411362409591675
0.23500000000000001 6 0.6612746265359916 2 18.26967215538025
0.23500000000000001 7 0.38680915347778816 3 25.60451102256775
0.23500000000000001 8 0.38486942909071425 3 17.988813400268555
0.23500000000000001 9 0.6666949285364253 2 25.196638345718384
0.24400000000000002 0 0.3787192013222057 3 21.631420135498047
0.24400000000000002 1 0.6417269173007162 2 31.80388307571411
0.24400000000000002 2 0.6299814111795234 2 19.389058828353882
0.24400000000000002 3 0.6384613730779681 2 19.71958351135254
0.24400000000000002 4 0.642250210070601 2 16.7873694896698
0.24400000000000002 5 0.6346906623465831 2 31.71060037612915
0.24400000000000002 6 0.3800157964200982 3 24.958177089691162
0.24400000000000002 7 0.6259480369414689 2 21.393173694610596
0.24400000000000002 8 0.3719175312763811 3 22.649998426437378
0.24400000000000002 9 0.6422649352068173 2 21.442034244537354
0.253 0 0.6082136119689535 2 17.44265365600586
0.253 1 0.6123147180284808 2 20.838683128356934
0.253 2 0.6146595525861872 2 22.81229066848755
0.253 3 0.6047900812510699 2 20.305450439453125
0.253 4 0.6094436603830298 2 24.633728981018066
0.253 5 0.6147724074734944 2 18.18913435935974
0.253 6 0.6078791230361791 2 19.109652042388916
0.253 7 0.6105800070393438 2 14.040838241577148
0.253 8 0.6091936463502374 2 20.29602885246277
0.253 9 0.3551115829781232 3 19.559677839279175
0.262 0 0.5741804578013777 2 22.59236192703247
0.262 1 0.3472568962249947 3 25.365336418151855
0.262 2 0.3524239892278992 3 18.54228138923645
0.262 3 0.5935630089848589 2 22.27397084236145
0.262 4 0.5797513244740661 2 23.380274534225464
0.262 5 0.5810118287780445 2 16.79765248298645
0.262 6 0.5839674006377453 2 25.49185037612915
0.262 7 0.34972146966836143 3 19.55913734436035
0.262 8 0.5849060515594886 2 19.32844638824463
0.262 9 0.3436968282514125 3 22.12019681930542
0.271 0 0.562756418332515 2 17.60472297668457
0.271 1 0.3298792891233247 3 19.62694215774536
0.271 2 0.5528447365514937 2 27.52345561981201
0.271 3 0.5537242341161589 2 19.898545026779175
0.271 4 0.5428361183245749 2 20.938480377197266
0.271 5 0.3348883051912495 3 24.759182929992676
0.271 6 0.33411581291238257 3 19.182332515716553
0.271 7 0.5477884566141887 2 25.33040952682495
0.271 8 0.32938785260299086 3 19.153031826019287
0.271 9 0.33049351055091775 3 22.109649896621704
0.28 0 0.30932253000129845 3 22.32607412338257
0.28 1 0.5286727880531567 2 21.479334592819214
0.28 2 0.5317350982656587 2 19.604961156845093
0.28 3 0.5271151153015871 2 25.324962377548218
0.28 4 0.31482384560528637 3 21.69441032409668
0.28 5 0.5136627480718308 2 18.687149047851562
0.28 6 0.5205509215488543 2 16.40687847137451
0.28 7 0.5292657212838828 2 20.737293243408203
0.28 8 0.5233319205879612 2 17.6039400100708
0.28 9 0.5254618075451306 2 23.159803867340088
0.28900000000000003 0 0.5011020817935026 2 15.551422595977783
0.28900000000000003 1 0.5047145227773371 2 17.7686288356781
0.28900000000000003 2 0.500378600844575 2 16.696558952331543
0.28900000000000003 3 0.5078462191708255 2 25.216315507888794
0.28900000000000003 4 0.5067441313954416 2 15.366238594055176
0.28900000000000003 5 0.2922925968661654 3 20.067096948623657
0.28900000000000003 6 0.4962391246171326 2 26.591390132904053
0.28900000000000003 7 0.49767096882233564 2 15.936639785766602
0.28900000000000003 8 0.4930737070084625 2 20.076971530914307
0.28900000000000003 9 0.49259386973302144 2 20.387413263320923
0.29800000000000004 0 0.4671372310581501 2 15.207147121429443
0.29800000000000004 1 0.46926320860433673 2 24.466089248657227
0.29800000000000004 2 0.48038400766201655 2 17.374836683273315
0.29800000000000004 3 0.4792166767980082 2 20.27496099472046
0.29800000000000004 4 0.2926576105228062 3 26.22097110748291
0.29800000000000004 5 0.2894740519538654 3 22.16227126121521
0.29800000000000004 6 0.47341194467582115 2 17.040204286575317
0.29800000000000004 7 0.4760418510358384 2 24.709099769592285
0.29800000000000004 8 0.45944599321389684 2 18.149142503738403
0.29800000000000004 9 0.4772951282921603 2 19.730379343032837
0.30700000000000005 0 0.2653779261705619 3 20.806299209594727
0.30700000000000005 1 0.44633475387758054 2 14.770786046981812
0.30700000000000005 2 0.4432808791063788 2 16.56045889854431
0.30700000000000005 3 0.2787941382502248 3 19.446779489517212
0.30700000000000005 4 0.4507044409460862 2 22.758631706237793
0.30700000000000005 5 0.27052830545844153 3 18.631264686584473
0.30700000000000005 6 0.439721584417457 2 20.489078044891357
0.30700000000000005 7 0.43313177926994734 2 17.03918719291687
0.30700000000000005 8 0.44102426068081324 2 16.800679206848145
0.30700000000000005 9 0.2618710052810307 3 20.170053720474243
0.31600000000000006 0 0.4206293057303945 2 21.705294370651245
0.31600000000000006 1 0.24719976826287068 3 18.6327862739563
0.31600000000000006 2 0.41055886318118967 2 19.607170343399048
0.31600000000000006 3 0.4161659177305463 2 21.816249132156372
0.31600000000000006 4 0.4082082902249266 2 20.52954125404358
0.31600000000000006 5 0.24302884220981633 3 18.965161323547363
0.31600000000000006 6 0.41471526865698094 2 16.962801218032837
0.31600000000000006 7 0.41458243899162467 2 15.398131370544434
0.31600000000000006 8 0.4138926073940722 2 19.60722303390503
0.31600000000000006 9 0.24551769227891618 3 21.15197229385376
0.32500000000000007 0 0.3809322277913979 2 17.670331954956055
0.32500000000000007 1 0.38170168415056205 2 21.89267659187317
0.32500000000000007 2 0.23162395498560046 3 14.951453685760498
0.32500000000000007 3 0.379246055795851 2 16.25277042388916
0.32500000000000007 4 0.3742800224019756 2 19.14911937713623
0.32500000000000007 5 0.3836400530972299 2 18.360891103744507
0.32500000000000007 6 0.3945852994739445 2 18.293756008148193
0.32500000000000007 7 0.38975880840625166 2 17.5150785446167
0.32500000000000007 8 0.22853125660736137 3 18.43277406692505
0.32500000000000007 9 0.23357910288361214 3 23.194291353225708
0.3340000000000001 0 0.3623376811942202 2 18.078062772750854
0.3340000000000001 1 0.3588797082523437 2 27.166463375091553
0.3340000000000001 2 0.35137352803135297 2 23.285818338394165
0.3340000000000001 3 0.3596718061949925 2 17.483014822006226
0.3340000000000001 4 0.20840960831512784 3 28.249086380004883
0.3340000000000001 5 0.3581377202461712 2 17.133480072021484
0.3340000000000001 6 0.36591812862444767 2 12.918553113937378
0.3340000000000001 7 0.361637247330384 2 19.927282094955444
0.3340000000000001 8 0.3670283187494084 2 21.33880639076233
0.3340000000000001 9 0.3664014413025605 2 22.061171531677246
0.343 0 0.33511751606258794 2 17.641794443130493
0.343 1 0.33698219836367066 2 20.96381950378418
0.343 2 0.2068280664713074 3 18.704779624938965
0.343 3 0.3370355529741638 2 23.577728986740112
0.343 4 0.33767242515213386 2 24.544310808181763
0.343 5 0.3444974751739822 2 20.766276121139526
0.343 6 0.3304722602152168 2 19.62155055999756
0.343 7 0.19615347849719217 3 20.64083695411682
0.343 8 0.2040109409611307 3 21.413796424865723
0.343 9 0.3326515710406726 2 16.286212921142578
0.352 0 0.18483418067910984 3 21.70206093788147
0.352 1 0.3050758439705659 2 18.379453897476196
0.352 2 0.31228082101951077 2 22.077807188034058
0.352 3 0.30370052658773683 2 17.440386056900024
0.352 4 0.3094510275187357 2 17.352901458740234
0.352 5 0.3086620073417923 2 21.431545972824097
0.352 6 0.18940188559512344 3 18.673834323883057
0.352 7 0.29610548613964 2 18.96357536315918
0.352 8 0.3051037017238203 2 21.50883412361145
0.352 9 0.191327426638967 3 22.88947558403015
0.361 0 0.26999002893532176 2 23.44529390335083
0.361 1 0.27575435740593207 2 23.19730830192566
0.361 2 0.29132205343125334 2 21.56355309486389
0.361 3 0.26974592984414325 2 25.595538854599
0.361 4 0.27337104597760925 2 18.263429164886475
0.361 5 0.2606809362802829 2 22.04584789276123
0.361 6 0.285100562176406 2 23.08171010017395
0.361 7 0.2834881735083418 2 15.48330807685852
0.361 8 0.18208623741529575 3 18.2062349319458
0.361 9 0.16824689685560046 3 17.641011238098145
0.37 0 0.2518140668997437 2 16.1083927154541
0.37 1 0.2639568499949562 2 16.601446628570557
0.37 2 0.24736366543437122 2 18.00867772102356
0.37 3 0.15702703291799003 3 23.75252389907837
0.37 4 0.2513633193528312 2 16.694068670272827
0.37 5 0.25463168699780836 2 16.5774884223938
0.37 6 0.24337552484527408 2 18.96706533432007
0.37 7 0.15490248568519321 3 16.138607501983643
0.37 8 0.2654888774971119 2 20.709161281585693
0.37 9 0.2622395754021972 2 24.29356288909912
0.379 0 0.22758671748834208 2 20.53597617149353
0.379 1 0.21896180349163408 2 13.823102235794067
0.379 2 0.14340946666351764 3 22.15429949760437
0.379 3 0.22044424932724088 2 21.19528293609619
0.379 4 0.2286887604107884 2 17.541117191314697
0.379 5 0.14605232005992183 3 18.576961755752563
0.379 6 0.2337823181793509 2 18.072052717208862
0.379 7 0.2224476008048911 2 23.849876642227173
0.379 8 0.2262948727969798 2 14.631891965866089
0.379 9 0.22441091276718875 2 21.6431782245636
0.388 0 0.12973814450925442 3 23.063700199127197
0.388 1 0.21044526812707304 2 17.65844464302063
0.388 2 0.18826556327709806 2 18.3983314037323
0.388 3 0.2076352509370795 2 21.452576160430908
0.388 4 0.12064742023187162 3 18.87733745574951
0.388 5 0.19502447997284772 2 20.47309637069702
0.388 6 0.19825308820654036 2 22.217918157577515
0.388 7 0.12993199745279652 3 21.85737371444702
0.388 8 0.12750334573393426 3 25.061835527420044
0.388 9 0.18492340125270298 2 19.88849711418152
0.397 0 0.10755957342447715 3 16.474215984344482
0.397 1 0.17129736458799547 2 14.749507665634155
0.397 2 0.1847458820010951 2 17.142048597335815
0.397 3 0.1697679196174908 2 19.557451486587524
0.397 4 0.17182926986018973 2 19.45698642730713
0.397 5 0.1708875566958868 2 17.083198070526123
0.397 6 0.17613615907958927 2 25.003882884979248
0.397 7 0.16627371633252305 2 20.323523998260498
0.397 8 0.17770714111618513 2 16.107004165649414
0.397 9 0.1731834507255171 2 17.53363609313965
0.406 0 0.16037450476404938 2 20.892577409744263
0.406 1 0.15136654631157317 2 23.110188245773315
0.406 2 0.15051681491471247 2 22.40764284133911
0.406 3 0.09170217446372216 3 23.075993537902832
0.406 4 0.10025006702594219 3 19.538817644119263
0.406 5 0.14670323062033297 2 17.271097421646118
0.406 6 0.14641740453492505 2 19.05212926864624
0.406 7 0.10033210476183788 3 16.136879682540894
0.406 8 0.09260950551716933 3 18.363126277923584
0.406 9 0.14260478967946028 2 19.981487035751343
0.41500000000000004 0 0.12432708667850716 2 24.62468433380127
0.41500000000000004 1 0.122157028686185 2 16.594295501708984
0.41500000000000004 2 0.13958039169813016 2 20.839579582214355
0.41500000000000004 3 0.12615330235734556 2 21.72216296195984
0.41500000000000004 4 0.1254370865840838 2 19.414573907852173
0.41500000000000004 5 0.057370242338878205 4 25.679500341415405
0.41500000000000004 6 0.12891930429073997 2 21.47377109527588
0.41500000000000004 7 0.11640280322878013 2 16.561439990997314
0.41500000000000004 8 0.13630536631592435 2 21.18217372894287
0.41500000000000004 9 0.1248032573904936 2 18.793986320495605
0.42400000000000004 0 0.06812992383111176 3 17.81257390975952
0.42400000000000004 1 0.05141456748110532 3 20.882209539413452
0.42400000000000004 2 0.08899902735423862 2 22.710936069488525
0.42400000000000004 3 0.0968758217298341 2 20.305273056030273
0.42400000000000004 4 0.06788067528515133 3 22.3629252910614
0.42400000000000004 5 0.07154856554683628 3 20.618787050247192
0.42400000000000004 6 0.09648175285831367 2 20.07030487060547
0.42400000000000004 7 0.07365564638057405 3 23.447611093521118
0.42400000000000004 8 0.10868332587153794 2 16.886557579040527
0.42400000000000004 9 0.08313415586701849 2 17.252105474472046
0.43300000000000005 0 0.07261298169442919 2 20.63119149208069
0.43300000000000005 1 0.04535040558115055 3 19.700759887695312
0.43300000000000005 2 0.09188055046244743 2 22.337814331054688
0.43300000000000005 3 0.05102781268133947 3 30.837881803512573
0.43300000000000005 4 0.05323573392642492 3 24.774611234664917
0.43300000000000005 5 0.07349138523868798 2 21.815277576446533
0.43300000000000005 6 0.09216822979462135 2 20.110033988952637
0.43300000000000005 7 0.08105212982440162 2 25.625776290893555
0.43300000000000005 8 0.07552367783506195 2 18.015723705291748
0.43300000000000005 9 0.05693528635525251 2 22.322606325149536
0.44200000000000006 0 0.06195570103476328 2 16.443904399871826
0.44200000000000006 1 0.0682132274862962 2 20.387691974639893
0.44200000000000006 2 0.013163694202190502 2 19.691860675811768
0.44200000000000006 3 0.028410031690553207 3 22.011954307556152
0.44200000000000006 4 0.05835288320006292 2 17.743460655212402
0.44200000000000006 5 0.0732957280468796 2 20.679678678512573
0.44200000000000006 6 0.032453457045254784 3 20.22187829017639
0.44200000000000006 7 0.061418972899132195 2 23.20059609413147
0.44200000000000006 8 0.0601613449451529 2 19.44744372367859
0.44200000000000006 9 0.0 1 20.927525758743286
0.45100000000000007 0 0.03839459122779278 2 24.318074941635132
0.45100000000000007 1 0.0001470550262326501 2 18.174816608428955
0.45100000000000007 2 0.0 1 21.02372097969055
0.45100000000000007 3 0.05317922054782122 2 19.276463508605957
0.45100000000000007 4 0.024808231675804388 2 21.477993726730347
0.45100000000000007 5 7.41526593185293e-05 2 23.28151297569275
0.45100000000000007 6 0.0 1 26.236517906188965
0.45100000000000007 7 0.0 1 22.41551637649536
0.45100000000000007 8 0.0 1 19.967289209365845
0.45100000000000007 9 0.0 1 20.28619956970215
0.4600000000000001 0 0.0 1 19.012316703796387
0.4600000000000001 1 0.023724760785389754 2 22.938483715057373
0.4600000000000001 2 0.0 1 19.998851537704468
0.4600000000000001 3 0.0 1 16.850361347198486
0.4600000000000001 4 0.0 1 22.994604349136353
0.4600000000000001 5 0.0 1 21.767674684524536
0.4600000000000001 6 0.03191472458209702 2 22.86844801902771
0.4600000000000001 7 -1.091446430203734e-05 2 18.81985569000244
0.4600000000000001 8 0.0 1 20.958523750305176
0.4600000000000001 9 0.0 1 21.211509227752686
0.4690000000000001 0 0.0069447055837094105 3 19.660314321517944
0.4690000000000001 1 -2.1533864060047913e-05 2 17.499049186706543
0.4690000000000001 2 0.02410109526999056 2 22.413835525512695
0.4690000000000001 3 0.009276533379651283 2 21.405513763427734
0.4690000000000001 4 0.0 1 16.59010624885559
0.4690000000000001 5 0.0014285805301866164 2 17.473748445510864
0.4690000000000001 6 0.0023495217407986796 2 19.83246874809265
0.4690000000000001 7 0.019344655036900152 2 20.387432098388672
0.4690000000000001 8 0.0004586835857133036 3 19.760172605514526
0.4690000000000001 9 0.0 1 19.544381380081177
0.4780000000000001 0 -1.5040476730160372e-05 2 21.806229829788208
0.4780000000000001 1 0.0 1 19.43688440322876
0.4780000000000001 2 0.0 1 25.369428157806396
0.4780000000000001 3 2.0610198723121452e-05 2 19.39412498474121
0.4780000000000001 4 0.0 1 14.604690551757812
0.4780000000000001 5 0.0 1 28.867066621780396
0.4780000000000001 6 0.008242266379656112 2 20.00348138809204
0.4780000000000001 7 0.0 1 21.48017430305481
0.4780000000000001 8 -1.363010546830977e-05 2 19.624878644943237
0.4780000000000001 9 0.0 1 15.920662641525269
0.4870000000000001 0 0.0 1 21.9059739112854
0.4870000000000001 1 0.0 1 19.93132519721985
0.4870000000000001 2 -1.0914433408035542e-05 2 17.4368155002594
0.4870000000000001 3 0.0 1 21.417386531829834
0.4870000000000001 4 3.439201579807984e-05 2 18.03127956390381
0.4870000000000001 5 0.009248757304852868 2 18.109745264053345
0.4870000000000001 6 0.0 1 18.39603590965271
0.4870000000000001 7 0.0 1 22.732022523880005
0.4870000000000001 8 0.0 1 19.081462383270264
0.4870000000000001 9 0.0 1 17.832670211791992
0.496 0 0.0 1 21.042254209518433
0.496 1 0.0023265451252870114 2 24.87636971473694
0.496 2 0.0 1 21.702287197113037
0.496 3 0.0 1 21.94822859764099
0.496 4 0.003057618873818812 2 24.38398241996765
0.496 5 0.0028060878656444403 2 15.644949436187744
0.496 6 0.0 1 17.616740703582764
0.496 7 0.00020802777220829574 2 29.587695121765137
0.496 8 0.0 1 20.79614543914795
0.496 9 0.0 1 24.192537784576416
0.505 0 0.0 1 24.155593872070312
0.505 1 0.0 1 14.242473363876343
0.505 2 -2.3008040799000738e-05 2 19.46336817741394
0.505 3 0.0 1 17.74229407310486
0.505 4 0.0 1 21.1688072681427
0.505 5 -2.399668884246549e-05 2 15.838282108306885
0.505 6 0.0 1 26.034879684448242
0.505 7 0.0 1 22.018439531326294
0.505 8 -1.3991909763015519e-05 2 19.91743278503418
0.505 9 0.0 1 20.36399745941162
0.514 0 0.0 1 21.09087562561035
0.514 1 0.0 1 27.00744342803955
0.514 2 0.0 1 17.82813024520874
0.514 3 0.00245579784239363 2 22.865769624710083
0.514 4 0.0 1 19.585622787475586
0.514 5 9.662071092951791e-05 2 22.557376623153687
0.514 6 0.0 1 18.454729795455933
0.514 7 0.0 1 16.058789014816284
0.514 8 0.0 1 19.469513416290283
0.514 9 0.0 1 23.411786556243896
0.523 0 -2.153355998014306e-05 2 17.354037523269653
0.523 1 0.0 1 21.603276252746582
0.523 2 0.0 1 23.529254913330078
0.523 3 0.0 1 18.249812364578247
0.523 4 0.0 1 16.805599212646484
0.523 5 0.0 1 16.38725733757019
0.523 6 0.0 1 17.683399438858032
0.523 7 0.0 1 21.775146484375
0.523 8 0.0 1 17.782130241394043
0.523 9 0.0 1 20.402745723724365
0.532 0 0.0 1 25.118454933166504
0.532 1 0.0 1 23.09222650527954
0.532 2 -1.9891709822738835e-05 2 20.194135665893555
0.532 3 -2.0340485499762444e-05 2 15.545057773590088
0.532 4 0.0 1 16.87488555908203
0.532 5 0.0 1 19.98099637031555
0.532 6 -5.528370446249704e-06 2 18.062314748764038
0.532 7 0.0009999472893311746 2 22.287776708602905
0.532 8 0.0 1 18.56971836090088
0.532 9 0.0 1 21.06042504310608
0.541 0 -2.3588551151049545e-05 2 16.50095796585083
0.541 1 0.0 1 19.10834503173828
0.541 2 0.0 1 16.660677433013916
0.541 3 0.0 1 16.964215993881226
0.541 4 -1.8391228401494296e-05 2 19.865360736846924
0.541 5 0.0 1 18.929565906524658
0.541 6 0.0 1 17.815521240234375
0.541 7 -2.2201280889661858e-05 2 22.057121753692627
0.541 8 0.0 1 25.398523092269897
0.541 9 0.0 1 18.95538592338562
0.559 0 0.0 1 15.436475992202759
0.559 1 0.0 1 23.23632287979126
0.559 2 -9.654593786495909e-06 2 19.901020050048828
0.559 3 0.0 1 21.85221815109253
0.559 4 8.450807497027158e-05 2 22.685704708099365
0.559 5 0.0 1 18.322249174118042
0.559 6 0.0 1 17.632686376571655
0.559 7 0.0 1 18.25164794921875
0.559 8 -1.2116892306471612e-05 2 16.306321620941162
0.559 9 0.0 1 14.402743339538574
0.55 0 0.0 1 19.913097381591797
0.55 1 0.0 1 20.877087831497192
0.55 2 -8.827439991571587e-07 2 16.23537254333496
0.55 3 0.0 1 16.89225721359253
0.55 4 0.0 1 15.42501187324524
0.55 5 -2.1533236288111665e-05 2 24.63315987586975
0.55 6 0.0 1 21.048377752304077
0.55 7 0.0 1 16.635785818099976
0.55 8 -1.3630079072000888e-05 2 18.60186743736267
0.55 9 0.0 1 21.498587608337402
0.5680000000000001 0 5.7593727928860224e-05 3 23.203289270401
0.5680000000000001 1 0.0 1 17.84789729118347
0.5680000000000001 2 0.0 1 21.7278413772583
0.5680000000000001 3 0.0 1 22.150405645370483
0.5680000000000001 4 0.0 1 23.20127248764038
0.5680000000000001 5 0.0 1 22.675711154937744
0.5680000000000001 6 0.0 1 24.132771015167236
0.5680000000000001 7 -2.2350933025628723e-05 2 17.87099862098694
0.5680000000000001 8 0.0 1 20.230742692947388
0.5680000000000001 9 0.0 1 21.68544292449951
0.5770000000000001 0 0.0 1 17.84059762954712
0.5770000000000001 1 0.0 1 26.833535194396973
0.5770000000000001 2 0.0 1 27.18672800064087
0.5770000000000001 3 -1.9571517319589497e-06 2 28.82818865776062
0.5770000000000001 4 0.0 1 27.730536699295044
0.5770000000000001 5 0.0 1 20.941373586654663
0.5770000000000001 6 -2.2351036939082733e-05 2 14.975946426391602
0.5770000000000001 7 0.0 1 24.846286058425903
0.5770000000000001 8 3.0900674992221067e-06 2 17.964110136032104
0.5770000000000001 9 0.0 1 20.28462314605713
0.5860000000000001 0 0.0 1 22.100783586502075
0.5860000000000001 1 0.0 1 18.273224115371704
0.5860000000000001 2 0.0 1 16.303717136383057
0.5860000000000001 3 0.0 1 19.96309185028076
0.5860000000000001 4 0.00014262399874373318 2 20.274075984954834
0.5860000000000001 5 0.0 1 15.14779543876648
0.5860000000000001 6 0.0 1 15.705840587615967
0.5860000000000001 7 9.309706222603485e-06 2 23.504631757736206
0.5860000000000001 8 0.0 1 17.648781776428223
0.5860000000000001 9 0.0 1 20.19927144050598
0.5950000000000001 0 0.0 1 16.028873443603516
0.5950000000000001 1 3.6827515601058344e-06 2 16.401340007781982
0.5950000000000001 2 0.00018282379668309922 2 23.89433002471924
0.5950000000000001 3 -9.221486685586956e-06 2 16.943500757217407
0.5950000000000001 4 1.984168566998758e-05 2 22.679004430770874
0.5950000000000001 5 0.0 1 21.466623544692993
0.5950000000000001 6 0.0 1 18.766956329345703
0.5950000000000001 7 0.0 1 25.34976363182068
0.5950000000000001 8 0.0 1 24.41495370864868
0.5950000000000001 9 0.0 1 19.792223930358887
0.604 0 -3.5260038613645928e-06 2 17.49253821372986
0.604 1 2.6054224147803547e-05 2 18.42367148399353
0.604 2 0.0 1 18.47345280647278
0.604 3 0.0 1 23.58883309364319
0.604 4 0.0002062435920668197 2 23.53126049041748
0.604 5 0.0 1 18.22134256362915
0.604 6 -2.096692131743729e-05 2 19.8948872089386
0.604 7 0.0 1 24.64000678062439
0.604 8 3.794290729046212e-05 2 20.244685173034668
0.604 9 8.690783839293239e-05 2 21.103307723999023
0.622 0 0.0 1 23.76665759086609
0.622 1 0.0 1 22.76530170440674
0.622 2 0.0 1 17.190849542617798
0.622 3 -2.2897168492774645e-05 2 20.997681856155396
0.622 4 0.0 1 25.027094841003418
0.622 5 -1.755439218364949e-05 2 29.442652463912964
0.622 6 -1.1318878555630246e-05 2 17.165088653564453
0.622 7 -2.220001191614768e-05 2 16.79446816444397
0.622 8 0.0 1 19.393945455551147
0.622 9 0.0 1 17.47371816635132
0.613 0 -2.1161905194882927e-05 2 18.709110021591187
0.613 1 0.0 1 20.55305027961731
0.613 2 -2.3226109416110494e-05 2 24.851090908050537
0.613 3 0.0 1 21.450244426727295
0.613 4 0.0 1 19.776015043258667
0.613 5 0.0 1 20.122450351715088
0.613 6 0.0 1 20.850394248962402
0.613 7 0.0 1 27.46150231361389
0.613 8 -2.388994003725405e-05 2 20.723891019821167
0.613 9 0.0 1 19.626807928085327
0.631 0 0.0 1 20.007742643356323
0.631 1 0.0 1 21.586806774139404
0.631 2 0.0 1 17.90787696838379
0.631 3 0.0 1 15.96923279762268
0.631 4 0.0 1 16.417120695114136
0.631 5 0.0 1 25.42078995704651
0.631 6 0.00017959457565069667 2 25.216630935668945
0.631 7 -2.1163507093837787e-05 2 21.234392166137695
0.631 8 0.0 1 22.367392539978027
0.631 9 -2.488156003497148e-06 2 20.90580916404724
0.64 0 0.0 1 26.64639902114868
0.64 1 -4.539164396252912e-06 2 23.40485954284668
0.64 2 0.0 1 19.8961763381958
0.64 3 0.0 1 17.189671754837036
0.64 4 -2.0120551458153065e-05 2 22.877530097961426
0.64 5 0.0 1 25.53579044342041
0.64 6 0.0 1 20.935680866241455
0.64 7 0.0 1 19.33925747871399
0.64 8 -1.4697710688606731e-05 2 19.211039066314697
0.64 9 0.0 1 19.119877099990845
0.649 0 0.0 1 22.746034860610962
0.649 1 -2.0119293360627645e-05 2 17.31285786628723
0.649 2 0.0 1 15.818254470825195
0.649 3 9.31934849904342e-06 2 17.694688081741333
0.649 4 0.0 1 23.34476399421692
0.649 5 0.0 1 18.328677892684937
0.649 6 0.0 1 21.895216703414917
0.649 7 0.0 1 15.140397071838379
0.649 8 0.0 1 19.751113891601562
0.649 9 0.0 1 20.262543439865112
0.658 0 -1.326101396436477e-05 2 20.8493869304657
0.658 1 0.0 1 16.637964010238647
0.658 2 0.0 1 19.491851329803467
0.658 3 -2.3586398310328897e-05 2 19.47580361366272
0.658 4 0.0 1 18.133612871170044
0.658 5 0.0 1 17.85157060623169
0.658 6 0.0 1 17.990921020507812
0.658 7 0.0 1 16.485021829605103
0.658 8 0.0 1 20.52213215827942
0.658 9 0.0002514372563061408 2 27.131373167037964
0.667 0 0.0 1 14.771897554397583
0.667 1 0.0 1 24.741029739379883
0.667 2 0.0 1 22.587713479995728
0.667 3 0.0 1 19.775222301483154
0.667 4 2.2895061306260754e-05 2 19.449419498443604
0.667 5 0.0 1 17.207728385925293
0.667 6 0.0 1 19.570980548858643
0.667 7 0.0 1 15.476967334747314
0.667 8 0.0 1 20.309004306793213
0.667 9 0.0 1 19.252806425094604
0.676 0 0.0 1 19.311213970184326
0.676 1 0.0 1 27.151030778884888
0.676 2 0.0 1 20.302459716796875
0.676 3 0.0 1 18.62610387802124
0.676 4 0.0 1 23.805961847305298
0.676 5 0.0 1 15.110902786254883
0.676 6 0.0 1 16.40933108329773
0.676 7 -2.4034073093351213e-05 2 18.353400707244873
0.676 8 1.4734871429632115e-06 4 20.49064016342163
0.676 9 0.0 1 20.678333282470703
0.685 0 -2.2495824383206157e-05 2 21.515764474868774
0.685 1 0.0 1 16.76888871192932
0.685 2 0.0 1 24.1262264251709
0.685 3 0.0 1 15.35911250114441
0.685 4 0.0 1 19.499332427978516
0.685 5 7.520336677367306e-05 3 17.617358446121216
0.685 6 0.0 1 15.487954378128052
0.685 7 0.0 1 21.47696089744568
0.685 8 0.0 1 20.173295497894287
0.685 9 8.659674039311724e-06 2 18.22267436981201
0.6940000000000001 0 0.0 1 15.966169118881226
0.6940000000000001 1 0.0 1 22.620569944381714
0.6940000000000001 2 0.0 1 27.32531237602234
0.6940000000000001 3 0.0 1 17.205693244934082
0.6940000000000001 4 0.0 1 21.044305324554443
0.6940000000000001 5 0.0 1 19.9543035030365
0.6940000000000001 6 4.9066253120744716e-05 2 15.783966064453125
0.6940000000000001 7 0.0 1 22.003524780273438
0.6940000000000001 8 5.599119384891906e-05 2 17.466522693634033
0.6940000000000001 9 0.0 1 16.374395608901978
0.7030000000000001 0 -3.0113279603043424e-06 2 16.610576629638672
0.7030000000000001 1 4.8096718730572435e-05 2 21.144609451293945
0.7030000000000001 2 0.0 1 27.104991912841797
0.7030000000000001 3 0.0 1 16.13456153869629
0.7030000000000001 4 0.0 1 18.47594904899597
0.7030000000000001 5 0.0 1 19.087575435638428
0.7030000000000001 6 0.0 1 16.388073205947876
0.7030000000000001 7 0.0 1 19.968116760253906
0.7030000000000001 8 0.0 1 22.136515617370605
0.7030000000000001 9 -1.399082826265858e-05 2 19.446683645248413
0.7120000000000001 0 1.071594514560148e-05 2 25.40567684173584
0.7120000000000001 1 -1.503793283624599e-05 2 23.31637477874756
0.7120000000000001 2 0.0 1 25.866013288497925
0.7120000000000001 3 0.0 1 19.41368079185486
0.7120000000000001 4 0.0 1 21.26460862159729
0.7120000000000001 5 0.0 1 23.464897871017456
0.7120000000000001 6 0.0 1 15.858437299728394
0.7120000000000001 7 0.0 1 20.769831657409668
0.7120000000000001 8 -6.959740687945513e-06 2 20.298750162124634
0.7120000000000001 9 0.0 1 22.802078008651733
0.7210000000000001 0 1.1301255788251962e-05 2 19.61284637451172
0.7210000000000001 1 3.17621887481506e-05 3 20.994255542755127
0.7210000000000001 2 0.0 1 19.62243390083313
0.7210000000000001 3 0.0 1 22.577019929885864
0.7210000000000001 4 0.0 1 15.986990451812744
0.7210000000000001 5 -2.263302899184536e-05 2 19.60571265220642
0.7210000000000001 6 0.0 1 20.51074528694153
0.7210000000000001 7 0.0 1 25.334010124206543
0.7210000000000001 8 0.0 1 18.90930724143982
0.7210000000000001 9 0.0 1 22.705904006958008
0.7390000000000001 0 -2.0764387557624224e-05 2 18.02133536338806
0.7390000000000001 1 0.0 1 20.996127367019653
0.7390000000000001 2 -2.3659404381241788e-05 2 18.030730485916138
0.7390000000000001 3 0.0 1 17.371676683425903
0.7390000000000001 4 0.0 1 22.72412109375
0.7390000000000001 5 0.0 1 17.13700819015503
0.7390000000000001 6 0.0 1 20.65773582458496
0.7390000000000001 7 0.0 1 21.31359100341797
0.7390000000000001 8 -2.3787118401151515e-05 2 21.10211491584778
0.7390000000000001 9 0.0 1 14.611289739608765
0.7300000000000001 0 0.0 1 21.209298133850098
0.7300000000000001 1 0.0 1 17.695462465286255
0.7300000000000001 2 0.0 1 28.006505489349365
0.7300000000000001 3 0.0 1 22.104503870010376
0.7300000000000001 4 -7.420582421504384e-06 2 21.220419883728027
0.7300000000000001 5 1.001043482618754e-05 2 20.789281845092773
0.7300000000000001 6 0.0 1 15.70161247253418
0.7300000000000001 7 6.265719758156113e-05 3 18.90788459777832
0.7300000000000001 8 -1.8391327788373834e-05 2 22.796767711639404
0.7300000000000001 9 0.0002079961515832634 2 17.0890212059021
0.7480000000000001 0 2.059698543498484e-05 2 19.24180555343628
0.7480000000000001 1 0.0 1 17.02207922935486
0.7480000000000001 2 0.0 1 26.64154624938965
0.7480000000000001 3 0.0 1 18.672744512557983
0.7480000000000001 4 -1.9417230821129317e-05 2 22.84977650642395
0.7480000000000001 5 0.0 1 19.868816614151
0.7480000000000001 6 2.0601874155922274e-05 2 24.11966609954834
0.7480000000000001 7 0.0 1 18.90831470489502
0.7480000000000001 8 0.0 1 22.425135135650635
0.7480000000000001 9 0.0 1 20.25734043121338
0.757 0 0.0 1 24.313331127166748
0.757 1 0.0 1 25.119966745376587
0.757 2 -7.867372615483982e-06 2 18.81460404396057
0.757 3 -2.1161258109992197e-05 2 16.819501876831055
0.757 4 -2.0966362861056603e-05 2 18.2518892288208
0.757 5 3.6138532549032866e-05 2 21.645092725753784
0.757 6 -2.396760804575532e-05 2 19.515993356704712
0.757 7 0.0 1 20.62552285194397
0.757 8 0.0 1 20.792147397994995
0.757 9 0.0 1 18.445809841156006
0.766 0 0.0 1 19.71775722503662
0.766 1 0.0 1 19.38360619544983
0.766 2 0.0 1 24.603119373321533
0.766 3 0.0 1 19.423454761505127
0.766 4 -2.3841977730367905e-05 2 19.808048725128174
0.766 5 -1.6964326940222476e-05 2 22.560659646987915
0.766 6 0.0 1 19.20879626274109
0.766 7 0.0 1 18.511045217514038
0.766 8 0.0 1 25.81580424308777
0.766 9 0.0 1 24.77183246612549
0.775 0 0.0 1 23.281299114227295
0.775 1 -3.394689277272633e-05 3 20.995288848876953
0.775 2 0.0 1 18.85848355293274
0.775 3 0.0 1 20.68279719352722
0.775 4 -2.4036679105624625e-05 2 19.06870675086975
0.775 5 0.0 1 26.877230405807495
0.775 6 -2.401850196764377e-05 2 17.675493001937866
0.775 7 0.0 1 23.757400035858154
0.775 8 9.97692535661383e-06 2 25.20345973968506
0.775 9 0.0 1 21.368468284606934
0.784 0 4.430265759253555e-05 2 19.01624608039856
0.784 1 0.0 1 17.220808744430542
0.784 2 0.0 1 20.393234729766846
0.784 3 0.0 1 20.28415584564209
0.784 4 -2.2633116367058183e-05 2 20.32284450531006
0.784 5 0.0 1 23.980607986450195
0.784 6 0.0 1 16.56215238571167
0.784 7 0.0 1 14.537765979766846
0.784 8 1.3698933965695312e-06 2 26.144862174987793
0.784 9 0.0 1 23.051156997680664
0.802 0 0.0 1 19.974237203598022
0.802 1 0.0 1 18.14651918411255
0.802 2 0.0 1 19.55815052986145
0.802 3 0.0 1 19.392664670944214
0.802 4 0.0 1 21.83508539199829
0.802 5 0.0 1 17.013431072235107
0.802 6 0.0 1 23.94843888282776
0.802 7 0.0 1 20.401153326034546
0.802 8 -1.8118782743028073e-05 2 20.70089364051819
0.802 9 -7.4240551236117955e-06 2 26.13866877555847
0.793 0 -1.0075528826891268e-05 2 19.18720006942749
0.793 1 0.0 1 28.61314821243286
0.793 2 0.0 1 25.251689672470093
0.793 3 0.0 1 22.43870973587036
0.793 4 -2.116126089706317e-05 2 20.97414469718933
0.793 5 0.0 1 21.59919786453247
0.793 6 6.126417195127183e-06 2 23.226499795913696
0.793 7 0.0 1 22.952839612960815
0.793 8 0.0 1 23.510501861572266
0.793 9 0.0 1 19.285029888153076
0.811 0 0.0 1 18.93529176712036
0.811 1 -2.0557063722924547e-05 2 21.661966800689697
0.811 2 -1.3629530500257771e-05 2 18.097310304641724
0.811 3 0.0 1 22.916240215301514
0.811 4 -1.6964442720650368e-05 2 22.425548791885376
0.811 5 0.0 1 20.5809805393219
0.811 6 2.4476863546025127e-05 2 17.042672157287598
0.811 7 0.0 1 22.623178958892822
0.811 8 0.0 1 23.02499771118164
0.811 9 0.0 1 18.524672031402588
0.8200000000000001 0 -2.065150358471723e-05 3 20.655031442642212
0.8200000000000001 1 0.0 1 18.42447805404663
0.8200000000000001 2 0.0 1 25.768229007720947
0.8200000000000001 3 0.0 1 22.622742414474487
0.8200000000000001 4 0.0 1 18.079662561416626
0.8200000000000001 5 0.0 1 23.66836643218994
0.8200000000000001 6 0.0 1 20.976268529891968
0.8200000000000001 7 0.0 1 19.841330528259277
0.8200000000000001 8 0.0 1 23.905932426452637
0.8200000000000001 9 0.0 1 19.642141580581665
0.8290000000000001 0 -1.363015337035918e-05 2 16.9931697845459
0.8290000000000001 1 0.0 1 27.138490438461304
0.8290000000000001 2 -1.976303403859145e-05 3 14.691660165786743
0.8290000000000001 3 1.0630853415158955e-05 2 20.421830654144287
0.8290000000000001 4 0.0 1 19.450958967208862
0.8290000000000001 5 0.0 1 18.64156222343445
0.8290000000000001 6 0.0 1 25.185519456863403
0.8290000000000001 7 0.0 1 23.832538604736328
0.8290000000000001 8 0.0 1 17.961766719818115
0.8290000000000001 9 0.0 1 21.49713897705078
0.8380000000000001 0 0.0 1 23.959560871124268
0.8380000000000001 1 -1.2886163239870069e-05 2 23.446050882339478
0.8380000000000001 2 3.684279678519496e-06 2 18.595979690551758
0.8380000000000001 3 -2.403387424397743e-05 2 18.209351062774658
0.8380000000000001 4 2.606021670623806e-05 2 15.693855285644531
0.8380000000000001 5 0.0 1 24.163861989974976
0.8380000000000001 6 -2.034053663470982e-05 2 19.875306367874146
0.8380000000000001 7 1.8356625880490005e-05 2 24.07358431816101
0.8380000000000001 8 -2.3889940037254422e-05 2 18.803018808364868
0.8380000000000001 9 1.9156640803860842e-05 2 18.82833981513977
0.8470000000000001 0 0.0 1 18.872202396392822
0.8470000000000001 1 0.0 1 21.962023735046387
0.8470000000000001 2 0.0 1 16.998126983642578
0.8470000000000001 3 -2.1879660904250687e-05 2 19.458357334136963
0.8470000000000001 4 0.0 1 20.63617753982544
0.8470000000000001 5 0.0 1 24.51742720603943
0.8470000000000001 6 1.2662916697773271e-05 2 22.567099809646606
0.8470000000000001 7 0.0 1 19.925939798355103
0.8470000000000001 8 0.0 1 19.67175817489624
0.8470000000000001 9 -1.843474915806639e-05 3 19.60960841178894
0.8560000000000001 0 0.0 1 19.693153142929077
0.8560000000000001 1 -1.96583821611879e-05 2 23.905254125595093
0.8560000000000001 2 0.0 1 18.97298765182495
0.8560000000000001 3 0.0 1 25.16039276123047
0.8560000000000001 4 -1.2885112703079265e-05 2 31.5931396484375
0.8560000000000001 5 0.0 1 21.701695680618286
0.8560000000000001 6 -2.276436089156842e-05 2 26.564110279083252
0.8560000000000001 7 0.0 1 21.651530265808105
0.8560000000000001 8 0.0 1 31.23570728302002
0.8560000000000001 9 0.0 1 20.545812368392944
0.8740000000000001 0 0.0 1 18.573909282684326
0.8740000000000001 1 0.0 1 21.8098566532135
0.8740000000000001 2 0.0 1 22.792452096939087
0.8740000000000001 3 -3.3256383720553715e-07 2 18.182657480239868
0.8740000000000001 4 2.215340042066058e-07 2 22.49625587463379
0.8740000000000001 5 0.0 1 21.203800916671753
0.8740000000000001 6 0.0 1 20.784138679504395
0.8740000000000001 7 0.0 1 23.766939401626587
0.8740000000000001 8 0.0 1 22.312857151031494
0.8740000000000001 9 6.324129227595027e-05 2 20.314531087875366
0.8650000000000001 0 0.0 1 27.138579845428467
0.8650000000000001 1 0.0 1 23.1746928691864
0.8650000000000001 2 0.0 1 22.21964120864868
0.8650000000000001 3 0.0 1 23.19258689880371
0.8650000000000001 4 -1.8118695020277087e-05 2 19.24166488647461
0.8650000000000001 5 0.0 1 25.7736918926239
0.8650000000000001 6 0.0 1 28.97398281097412
0.8650000000000001 7 0.0 1 20.314265966415405
0.8650000000000001 8 0.0 1 18.761194705963135
0.8650000000000001 9 0.0 1 18.240851640701294
0.8830000000000001 0 0.0 1 22.539982318878174
0.8830000000000001 1 2.207938263546957e-07 2 23.154694080352783
0.8830000000000001 2 0.0 1 18.525280237197876
0.8830000000000001 3 0.0 1 27.086808681488037
0.8830000000000001 4 7.378401821712349e-06 2 30.70105004310608
0.8830000000000001 5 0.0 1 19.924072265625
0.8830000000000001 6 0.0 1 19.315897703170776
0.8830000000000001 7 0.0 1 20.345287322998047
0.8830000000000001 8 5.069115168362176e-06 3 21.486916303634644
0.8830000000000001 9 -2.1350658983171966e-05 2 24.741483211517334
0.892 0 0.0 1 21.989232301712036
0.892 1 0.0 1 14.072695970535278
0.892 2 0.0 1 19.47832417488098
0.892 3 4.282321341484175e-06 2 22.522319555282593
0.892 4 0.0 1 30.268491983413696
0.892 5 0.0 1 27.533979892730713
0.892 6 0.0 1 22.689506769180298
0.892 7 2.9312584094794948e-05 2 19.546412706375122
0.892 8 0.0 1 29.240944623947144
0.892 9 0.0 1 16.906160593032837
0.901 0 0.0 1 18.757460594177246
0.901 1 0.0 1 15.63483214378357
0.901 2 -3.2956425177841625e-05 3 20.4277606010437
0.901 3 0.0 1 20.517316579818726
0.901 4 0.0 1 19.570359706878662
0.901 5 1.1386538335344932e-06 3 25.480659008026123
0.901 6 0.0 1 20.065259218215942
0.901 7 -2.341856589490136e-05 2 20.587382555007935
0.901 8 -2.011941439306497e-05 2 19.14121103286743
0.901 9 0.0 1 18.02095866203308
0.91 0 0.0 1 21.570788145065308
0.91 1 0.0 1 27.540929317474365
0.91 2 0.0 1 16.044966459274292
0.91 3 0.0 1 19.44495916366577
0.91 4 -5.036973857198918e-06 2 24.408424615859985
0.91 5 0.0 1 21.42306876182556
0.91 6 0.0 1 22.726750135421753
0.91 7 0.0 1 20.833188772201538
0.91 8 0.0 1 20.94004511833191
0.91 9 0.0 1 20.746198177337646
0.919 0 0.0 1 25.171149730682373
0.919 1 -1.4347855741978396e-05 2 17.537325382232666
0.919 2 -7.4262200060529405e-06 2 22.212002277374268
0.919 3 7.302502334685507e-05 2 26.125668048858643
0.919 4 0.0 1 20.632895469665527
0.919 5 -2.7999274205468787e-05 3 17.715306997299194
0.919 6 0.0 1 23.81036615371704
0.919 7 1.9236402196526537e-06 2 20.97665500640869
0.919 8 -2.3327094988602184e-05 2 24.254515886306763
0.919 9 0.0 1 20.79523253440857
0.928 0 0.0 1 19.644246578216553
0.928 1 4.8113149228760044e-05 2 20.992971897125244
0.928 2 0.0 1 17.07226014137268
0.928 3 0.0 1 24.27029848098755
0.928 4 4.295890967223456e-06 2 21.1058132648468
0.928 5 -7.425524767351403e-06 2 28.10251784324646
0.928 6 0.0 1 18.914051055908203
0.928 7 -6.959697667137434e-06 2 17.937334060668945
0.928 8 0.0 1 19.70615816116333
0.928 9 0.0 1 26.385225772857666
0.937 0 0.0 1 20.063826322555542
0.937 1 0.0 1 16.230525970458984
0.937 2 0.0 1 23.05307936668396
0.937 3 1.8366864590050585e-05 3 25.725924491882324
0.937 4 -2.3995400832882077e-05 2 23.751818418502808
0.937 5 0.0 1 22.611239433288574
0.937 6 0.0 1 23.58844017982483
0.937 7 0.0 1 19.278819799423218
0.937 8 0.0 1 21.42305850982666
0.937 9 0.0 1 19.619380712509155
0.9460000000000001 0 0.0 1 20.022993564605713
0.9460000000000001 1 0.0 1 16.33675217628479
0.9460000000000001 2 0.0 1 26.451831102371216
0.9460000000000001 3 -6.961322405346485e-06 2 22.66045093536377
0.9460000000000001 4 0.0 1 21.992400407791138
0.9460000000000001 5 -7.425066665867303e-06 2 23.791187047958374
0.9460000000000001 6 0.0 1 20.665279388427734
0.9460000000000001 7 0.0 1 28.42111897468567
0.9460000000000001 8 -2.1711716649241682e-05 2 25.502450466156006
0.9460000000000001 9 0.0 1 29.07847499847412
0.9550000000000001 0 -2.0119557686259326e-05 2 21.285189628601074
0.9550000000000001 1 1.000045999709619e-05 2 24.005929708480835
0.9550000000000001 2 0.0 1 26.634199380874634
0.9550000000000001 3 -2.1350488644169135e-05 2 24.42992901802063
0.9550000000000001 4 0.0 1 25.878854513168335
0.9550000000000001 5 0.0 1 28.276515007019043
0.9550000000000001 6 5.504019590071464e-06 2 23.398868560791016
0.9550000000000001 7 0.0 1 19.940918445587158
0.9550000000000001 8 1.335050367399204e-05 2 19.00413727760315
0.9550000000000001 9 0.0 1 18.767750024795532
0.9640000000000001 0 0.0 1 23.512333631515503
0.9640000000000001 1 0.0 1 19.98265290260315
0.9640000000000001 2 0.0 1 24.309481620788574
0.9640000000000001 3 0.0 1 16.27253818511963
0.9640000000000001 4 0.0 1 21.31961154937744
0.9640000000000001 5 -2.1716836515237694e-05 2 19.50107455253601
0.9640000000000001 6 0.0 1 26.711618185043335
0.9640000000000001 7 -2.1533154080195206e-05 2 19.946210861206055
0.9640000000000001 8 0.0 1 22.619860887527466
0.9640000000000001 9 0.0 1 22.612210035324097
0.9730000000000001 0 0.0 1 23.195144653320312
0.9730000000000001 1 -9.209873632577648e-06 3 18.51369881629944
0.9730000000000001 2 0.0 1 16.386743783950806
0.9730000000000001 3 0.0 1 22.115644216537476
0.9730000000000001 4 -2.0555292065378178e-05 2 20.691450357437134
0.9730000000000001 5 -8.335471708860815e-06 2 22.897393465042114
0.9730000000000001 6 5.298106027402824e-05 2 24.226649522781372
0.9730000000000001 7 0.0 1 22.11447787284851
0.9730000000000001 8 0.0 1 26.021121978759766
0.9730000000000001 9 0.0 1 21.591429233551025
0.9820000000000001 0 0.0 1 18.285234212875366
0.9820000000000001 1 0.0 1 17.868617057800293
0.9820000000000001 2 0.0 1 19.723870992660522
0.9820000000000001 3 0.0 1 17.76432514190674
0.9820000000000001 4 0.0 1 17.893840789794922
0.9820000000000001 5 0.0 1 24.224804162979126
0.9820000000000001 6 0.0 1 23.161919116973877
0.9820000000000001 7 0.0 1 22.175098657608032
0.9820000000000001 8 -1.6031510087639238e-05 2 24.677335500717163
0.9820000000000001 9 0.0 1 18.438377857208252
0.9910000000000001 0 0.0 1 23.060375690460205
0.9910000000000001 1 0.0 1 20.18037509918213
0.9910000000000001 2 -2.2043995157454864e-05 2 24.927189826965332
0.9910000000000001 3 0.0 1 21.850119829177856
0.9910000000000001 4 0.0 1 23.687632083892822
0.9910000000000001 5 2.767032495620827e-05 2 17.155770778656006
0.9910000000000001 6 0.0 1 18.36784815788269
0.9910000000000001 7 0.0 1 23.25225043296814
0.9910000000000001 8 6.644528663111907e-05 2 21.061475038528442
0.9910000000000001 9 0.0 1 21.966029167175293
1.0 0 0.0 1 18.648072004318237
1.0 1 0.0 1 22.49340534210205
1.0 2 0.0 1 20.495864629745483
1.0 3 3.0176108641201203e-05 2 21.82481026649475
1.0 4 0.0 1 24.3233642578125
1.0 5 0.0 1 22.92590856552124
1.0 6 -5.313037964537275e-06 3 18.670154809951782
1.0 7 -2.5461879385271452e-05 3 18.179921627044678
1.0 8 0.0 1 21.21490788459778
1.0 9 0.0 1 20.605892658233643
