0.24210526315789474 0 0.8575159537539401 2
0.24210526315789474 1 1.0 2
0.24210526315789474 2 0.7946207065282216 2
0.24210526315789474 3 0.8575159537539402 2
0.24210526315789474 4 1.0 2
0.24210526315789474 5 0.8575159537539402 2
0.24210526315789474 6 1.0 2
0.24210526315789474 7 0.8773072618436142 2
0.24210526315789474 8 0.8773072618436142 2
0.24210526315789474 9 1.0 2
0.24210526315789474 10 1.0 2
0.24210526315789474 11 0.8335429056980596 2
0.24210526315789474 12 0.9286022516535728 2
0.24210526315789474 13 0.9286022516535728 2
0.24210526315789474 14 0.9286022516535728 2
0.24210526315789474 15 0.9286022516535728 2
0.24210526315789474 16 0.8335429056980596 2
0.24210526315789474 17 0.9286022516535728 2
0.24210526315789474 18 0.7128426776147976 2
0.24210526315789474 19 0.9286022516535728 2
0.24210526315789474 20 0.6322976674068047 2
0.24210526315789474 21 0.9286022516535728 2
0.24210526315789474 22 0.8773072618436142 2
0.24210526315789474 23 1.0 2
0.24210526315789474 24 0.8575159537539402 2
0.24210526315789474 25 0.8773072618436142 2
0.24210526315789474 26 0.9286022516535728 2
0.24210526315789474 27 0.8065446315451662 2
0.24210526315789474 28 0.8773072618436142 2
0.24210526315789474 29 0.8575159537539401 2
0.24210526315789474 30 1.0 2
0.24210526315789474 31 0.8575159537539401 2
0.24210526315789474 32 1.0 2
0.24210526315789474 33 0.806544631545166 2
0.24210526315789474 34 1.0 2
0.24210526315789474 35 0.9286022516535728 2
0.24210526315789474 36 0.9286022516535728 2
0.24210526315789474 37 0.8065446315451662 2
0.24210526315789474 38 0.8335429056980596 2
0.24210526315789474 39 0.8575159537539402 2
0.19473684210526315 0 1.0 2
0.19473684210526315 1 1.0 2
0.19473684210526315 2 1.0 2
0.19473684210526315 3 1.0 2
0.19473684210526315 4 1.0 2
0.19473684210526315 5 0.8335429056980596 2
0.19473684210526315 6 1.0 2
0.19473684210526315 7 1.0 2
0.19473684210526315 8 1.0 2
0.19473684210526315 9 1.0 2
0.19473684210526315 10 1.0 2
0.19473684210526315 11 0.9286022516535728 2
0.19473684210526315 12 1.0 2
0.19473684210526315 13 1.0 2
0.19473684210526315 14 0.9286022516535728 2
0.19473684210526315 15 0.9286022516535728 2
0.19473684210526315 16 0.9286022516535728 2
0.19473684210526315 17 0.9286022516535728 2
0.19473684210526315 18 0.9286022516535728 2
0.19473684210526315 19 0.8773072618436142 2
0.19473684210526315 20 1.0 2
0.19473684210526315 21 1.0 2
0.19473684210526315 22 0.9286022516535728 2
0.19473684210526315 23 1.0 2
0.19473684210526315 24 0.9286022516535728 2
0.19473684210526315 25 1.0 2
0.19473684210526315 26 1.0 2
0.19473684210526315 27 1.0 2
0.19473684210526315 28 1.0 2
0.19473684210526315 29 0.8773072618436142 2
0.19473684210526315 30 1.0 2
0.19473684210526315 31 0.9286022516535728 2
0.19473684210526315 32 0.9286022516535728 2
0.19473684210526315 33 1.0 2
0.19473684210526315 34 0.8773072618436142 2
0.19473684210526315 35 0.9286022516535728 2
0.19473684210526315 36 1.0 2
0.19473684210526315 37 1.0 2
0.19473684210526315 38 0.9286022516535728 2
0.19473684210526315 39 1.0 2
0.1473684210526316 0 1.0 2
0.1473684210526316 1 1.0 2
0.1473684210526316 2 1.0 2
0.1473684210526316 3 1.0 2
0.1473684210526316 4 1.0 2
0.1473684210526316 5 1.0 2
0.1473684210526316 6 0.9286022516535728 2
0.1473684210526316 7 1.0 2
0.1473684210526316 8 1.0 2
0.1473684210526316 9 1.0 2
0.1473684210526316 10 1.0 2
0.1473684210526316 11 1.0 2
0.1473684210526316 12 1.0 2
0.1473684210526316 13 1.0 2
0.1473684210526316 14 1.0 2
0.1473684210526316 15 1.0 2
0.1473684210526316 16 1.0 2
0.1473684210526316 17 1.0 2
0.1473684210526316 18 1.0 2
0.1473684210526316 19 0.9286022516535728 2
0.1473684210526316 20 1.0 2
0.1473684210526316 21 0.9286022516535728 2
0.1473684210526316 22 1.0 2
0.1473684210526316 23 1.0 2
0.1473684210526316 24 1.0 2
0.1473684210526316 25 0.9286022516535728 2
0.1473684210526316 26 1.0 2
0.1473684210526316 27 1.0 2
0.1473684210526316 28 0.9286022516535728 2
0.1473684210526316 29 1.0 2
0.1473684210526316 30 1.0 2
0.1473684210526316 31 1.0 2
0.1473684210526316 32 1.0 2
0.1473684210526316 33 1.0 2
0.1473684210526316 34 1.0 2
0.1473684210526316 35 1.0 2
0.1473684210526316 36 1.0 2
0.1473684210526316 37 1.0 2
0.1473684210526316 38 1.0 2
0.1473684210526316 39 1.0 2
0.1 0 1.0 2
0.1 1 1.0 2
0.1 2 1.0 2
0.1 3 1.0 2
0.1 4 1.0 2
0.1 5 1.0 2
0.1 6 1.0 2
0.1 7 1.0 2
0.1 8 1.0 2
0.1 9 1.0 2
0.1 10 1.0 2
0.1 11 1.0 2
0.1 12 1.0 2
0.1 13 1.0 2
0.1 14 1.0 2
0.1 15 1.0 2
0.1 16 1.0 2
0.1 17 1.0 2
0.1 18 1.0 2
0.1 19 1.0 2
0.1 20 1.0 2
0.1 21 1.0 2
0.1 22 1.0 2
0.1 23 1.0 2
0.1 24 1.0 2
0.1 25 1.0 2
0.1 26 1.0 2
0.1 27 1.0 2
0.1 28 1.0 2
0.1 29 1.0 2
0.1 30 1.0 2
0.1 31 1.0 2
0.1 32 1.0 2
0.1 33 1.0 2
0.1 34 1.0 2
0.1 35 1.0 2
0.1 36 1.0 2
0.1 37 1.0 2
0.1 38 1.0 2
0.1 39 1.0 2
0.2894736842105263 0 0.6701392955273148 2
0.2894736842105263 1 1.0 2
0.2894736842105263 2 0.6701392955273148 2
0.2894736842105263 3 0.537389906898252 2
0.2894736842105263 4 0.6322976674068046 2
0.2894736842105263 5 0.7946207065282216 2
0.2894736842105263 6 0.7266881418253447 2
0.2894736842105263 7 0.8575159537539402 2
0.2894736842105263 8 0.7592561769713603 2
0.2894736842105263 9 1.0 2
0.2894736842105263 10 0.7559202555796879 2
0.2894736842105263 11 0.7245153084203909 2
0.2894736842105263 12 0.5980264653628166 2
0.2894736842105263 13 0.9286022516535728 2
0.2894736842105263 14 0.8773072618436142 2
0.2894736842105263 15 0.8335429056980596 2
0.2894736842105263 16 0.763108324572318 2
0.2894736842105263 17 0.6701392955273148 2
0.2894736842105263 18 0.8575159537539402 2
0.2894736842105263 19 0.9286022516535728 2
0.2894736842105263 20 0.7266881418253447 2
0.2894736842105263 21 0.8065446315451662 2
0.2894736842105263 22 0.8335429056980596 2
0.2894736842105263 23 0.806544631545166 2
0.2894736842105263 24 0.8575159537539401 2
0.2894736842105263 25 0.8335429056980596 2
0.2894736842105263 26 0.6080864365663023 2
0.2894736842105263 27 0.6080864365663023 2
0.2894736842105263 28 0.8773072618436142 2
0.2894736842105263 29 0.9286022516535728 2
0.2894736842105263 30 0.9286022516535728 2
0.2894736842105263 31 0.8065446315451662 2
0.2894736842105263 32 0.9286022516535728 2
0.2894736842105263 33 0.6894791494633863 2
0.2894736842105263 34 0.806544631545166 2
0.2894736842105263 35 0.26897746062783967 2
0.2894736842105263 36 0.8335429056980596 2
0.2894736842105263 37 0.8773072618436142 2
0.2894736842105263 38 0.9286022516535728 2
0.2894736842105263 39 0.7559202555796879 2
0.33684210526315794 0 0.5275443048699059 2
0.33684210526315794 1 0.6894791494633864 2
0.33684210526315794 2 0.5980264653628166 2
0.33684210526315794 3 0.8335429056980596 2
0.33684210526315794 4 0.8335429056980596 2
0.33684210526315794 5 0.6399520592597279 2
0.33684210526315794 6 0.8065446315451662 2
0.33684210526315794 7 0.6572373895017843 2
0.33684210526315794 8 0.6399520592597279 2
0.33684210526315794 9 0.5948536586032955 2
0.33684210526315794 10 0.66806173804014 2
0.33684210526315794 11 0.6894791494633864 2
0.33684210526315794 12 0.7128426776147976 2
0.33684210526315794 13 0.6746161775765513 2
0.33684210526315794 14 0.5948536586032955 2
0.33684210526315794 15 0.6746161775765515 2
0.33684210526315794 16 0.5609898034938849 2
0.33684210526315794 17 0.36222569989642606 2
0.33684210526315794 18 0.8335429056980596 2
0.33684210526315794 19 0.7946207065282216 2
0.33684210526315794 20 0.6322976674068046 2
0.33684210526315794 21 0.8335429056980596 2
0.33684210526315794 22 0.7559202555796879 2
0.33684210526315794 23 0.7245153084203909 2
0.33684210526315794 24 0.6399520592597279 2
0.33684210526315794 25 0.6746161775765513 2
0.33684210526315794 26 0.48457337259094396 2
0.33684210526315794 27 0.7245153084203909 2
0.33684210526315794 28 0.8773072618436142 2
0.33684210526315794 29 0.8335429056980596 2
0.33684210526315794 30 0.578511490051223 2
0.33684210526315794 31 0.7631083245723179 2
0.33684210526315794 32 0.8773072618436142 2
0.33684210526315794 33 0.5948536586032955 2
0.33684210526315794 34 0.537389906898252 2
0.33684210526315794 35 0.5980264653628166 2
0.33684210526315794 36 0.6399520592597279 2
0.33684210526315794 37 0.4031277339372632 2
0.33684210526315794 38 0.806544631545166 2
0.33684210526315794 39 0.6322976674068046 2
0.38421052631578945 0 0.5299387237037455 2
0.38421052631578945 1 0.5508642506256433 2
0.38421052631578945 2 0.501190349526497 2
0.38421052631578945 3 0.31490556036448336 2
0.38421052631578945 4 0.6572373895017843 2
0.38421052631578945 5 0.537389906898252 2
0.38421052631578945 6 0.5248719204559841 2
0.38421052631578945 7 0.5693070372035668 2
0.38421052631578945 8 0.61612165978259 2
0.38421052631578945 9 0.44923484596999275 2
0.38421052631578945 10 0.5609898034938849 2
0.38421052631578945 11 0.5609898034938849 2
0.38421052631578945 12 0.5921475400556022 2
0.38421052631578945 13 0.44923484596999286 2
0.38421052631578945 14 0.5275443048699059 2
0.38421052631578945 15 0.5299387237037455 2
0.38421052631578945 16 0.510152038605472 2
0.38421052631578945 17 0.6746161775765513 2
0.38421052631578945 18 0.4686069584125657 2
0.38421052631578945 19 0.4667336772399775 2
0.38421052631578945 20 0.6964105874134144 2
0.38421052631578945 21 0.6894791494633864 2
0.38421052631578945 22 0.537389906898252 2
0.38421052631578945 23 0.17125299973979713 2
0.38421052631578945 24 0.806544631545166 2
0.38421052631578945 25 0.44923484596999286 2
0.38421052631578945 26 0.8065446315451662 2
0.38421052631578945 27 0.6399520592597279 2
0.38421052631578945 28 0.48457337259094396 2
0.38421052631578945 29 0.5728775906815547 2
0.38421052631578945 30 0.6746161775765513 2
0.38421052631578945 31 0.3887104336742041 2
0.38421052631578945 32 0.806544631545166 2
0.38421052631578945 33 0.6964105874134144 2
0.38421052631578945 34 0.5479412648671743 2
0.38421052631578945 35 0.6399520592597279 2
0.38421052631578945 36 0.5248719204559841 2
0.38421052631578945 37 0.7128426776147976 2
0.38421052631578945 38 0.5785114900512232 2
0.38421052631578945 39 0.6746161775765513 2
0.43157894736842106 0 -0.006339900068651729 2
0.43157894736842106 1 0.412949191660473 2
0.43157894736842106 2 0.03639570104451932 2
0.43157894736842106 3 -0.004757408881161006 2
0.43157894736842106 4 0.043678895061893715 2
0.43157894736842106 5 0.03639570104451932 2
0.43157894736842106 6 0.49692049675694044 2
0.43157894736842106 7 0.01145392247513611 2
0.43157894736842106 8 0.4604409864283399 2
0.43157894736842106 9 0.13532815678023538 2
0.43157894736842106 10 0.3382475287449943 2
0.43157894736842106 11 -0.004759806677904526 2
0.43157894736842106 12 0.3753790039297917 2
0.43157894736842106 13 0.2864760597286233 2
0.43157894736842106 14 0.5665601694729498 2
0.43157894736842106 15 -0.004697794226801296 2
0.43157894736842106 16 0.5299387237037455 2
0.43157894736842106 17 -0.002722026941161995 2
0.43157894736842106 18 0.4031277339372631 2
0.43157894736842106 19 0.8065446315451662 2
0.43157894736842106 20 0.4158631172854936 2
0.43157894736842106 21 0.3444526735878948 2
0.43157894736842106 22 -0.006216703168904773 2
0.43157894736842106 23 0.022444310827320277 2
0.43157894736842106 24 0.2348933718173441 2
0.43157894736842106 25 0.361607819725907 2
0.43157894736842106 26 0.3818555360142163 2
0.43157894736842106 27 0.47438027498553004 2
0.43157894736842106 28 0.6080864365663023 2
0.43157894736842106 29 0.7266881418253447 2
0.43157894736842106 30 0.36593525291373435 2
0.43157894736842106 31 0.33176270803716784 2
0.43157894736842106 32 0.4337632094384711 2
0.43157894736842106 33 0.2890887441998416 2
0.43157894736842106 34 0.5248719204559841 2
0.43157894736842106 35 0.49692049675694044 2
0.43157894736842106 36 0.2864760597286233 2
0.43157894736842106 37 0.44223840914383106 2
0.43157894736842106 38 0.412949191660473 2
0.43157894736842106 39 0.02188603835415074 2
0.4789473684210527 0 0.501190349526497 2
0.4789473684210527 1 0.09488344358773722 2
0.4789473684210527 2 -0.0027163556570253943 2
0.4789473684210527 3 0.4114508587079951 2
0.4789473684210527 4 0.3189235981961811 2
0.4789473684210527 5 -9.596978568711006e-05 2
0.4789473684210527 6 0.07837293418596547 2
0.4789473684210527 7 0.03572482671344223 2
0.4789473684210527 8 0.33771649146422245 2
0.4789473684210527 9 0.12494999786860182 2
0.4789473684210527 10 0.15323318123101864 2
0.4789473684210527 11 0.4548959141946361 2
0.4789473684210527 12 0.09488344358773722 2
0.4789473684210527 13 0.5508642506256433 2
0.4789473684210527 14 0.07876959571418853 2
0.4789473684210527 15 0.02855849767268706 2
0.4789473684210527 16 -0.004757408881161006 2
0.4789473684210527 17 0.18385366700838618 2
0.4789473684210527 18 0.29908103775658174 2
0.4789473684210527 19 0.47438027498553 2
0.4789473684210527 20 0.13859808121649536 2
0.4789473684210527 21 0.4388653321124502 2
0.4789473684210527 22 0.24543574115116687 2
0.4789473684210527 23 0.07837293418596547 2
0.4789473684210527 24 0.11209170359213194 2
0.4789473684210527 25 0.22009268137256138 2
0.4789473684210527 26 0.007782079450602338 2
0.4789473684210527 27 0.37234636062327015 2
0.4789473684210527 28 0.007251252123963765 2
0.4789473684210527 29 0.25226247055504447 2
0.4789473684210527 30 0.26242748019593903 2
0.4789473684210527 31 0.004122300106534145 2
0.4789473684210527 32 0.14154233344965006 2
0.4789473684210527 33 0.276038623317763 2
0.4789473684210527 34 0.3158987685833929 2
0.4789473684210527 35 0.0473315973641666 2
0.4789473684210527 36 0.2727457473669777 2
0.4789473684210527 37 0.18587281595477517 2
0.4789473684210527 38 0.22391676959495374 2
0.4789473684210527 39 0.38871043367420405 2
0.5263157894736842 0 0.10030059267785173 2
0.5263157894736842 1 -0.00475740888116101 2
0.5263157894736842 2 0.12559653307663227 2
0.5263157894736842 3 0.4031277339372632 2
0.5263157894736842 4 0.003832911697794996 2
0.5263157894736842 5 0.276038623317763 2
0.5263157894736842 6 0.0795731925355053 2
0.5263157894736842 7 0.14421460528931856 2
0.5263157894736842 8 0.10081196272258856 2
0.5263157894736842 9 0.09093277247595183 2
0.5263157894736842 10 0.25471523005098645 2
0.5263157894736842 11 0.48457337259094396 2
0.5263157894736842 12 0.26242748019593903 2
0.5263157894736842 13 0.276038623317763 2
0.5263157894736842 14 0.10848165107201743 2
0.5263157894736842 15 0.2953860855705559 2
0.5263157894736842 16 0.022444310827320284 2
0.5263157894736842 17 0.01134219357714393 2
0.5263157894736842 18 0.01145392247513611 2
0.5263157894736842 19 0.18480056352784097 2
0.5263157894736842 20 0.02289271315630814 2
0.5263157894736842 21 -0.0071353044340622465 2
0.5263157894736842 22 0.24543574115116687 2
0.5263157894736842 23 0.01191461255978966 2
0.5263157894736842 24 0.11696308848783822 2
0.5263157894736842 25 0.011453922475136111 2
0.5263157894736842 26 0.12559653307663227 2
0.5263157894736842 27 0.17457640133245486 2
0.5263157894736842 28 0.018515014366279534 2
0.5263157894736842 29 0.26897746062783967 2
0.5263157894736842 30 0.016899851636435252 2
0.5263157894736842 31 0.277703110461428 2
0.5263157894736842 32 0.011643158399105817 2
0.5263157894736842 33 0.05937767535785666 2
0.5263157894736842 34 0.007782079450602333 2
0.5263157894736842 35 -0.007095800605806286 2
0.5263157894736842 36 0.06385055481384297 2
0.5263157894736842 37 0.2041358970810773 2
0.5263157894736842 38 0.16760032266583363 2
0.5263157894736842 39 0.06219120234397467 2
0.5736842105263158 0 -0.006214703265369533 2
0.5736842105263158 1 0.03498113396673368 2
0.5736842105263158 2 0.10081196272258856 2
0.5736842105263158 3 -0.006232668508048415 2
0.5736842105263158 4 0.011342193577143932 2
0.5736842105263158 5 0.29357759230945457 2
0.5736842105263158 6 0.016307264747368197 2
0.5736842105263158 7 0.0038329116977949907 2
0.5736842105263158 8 0.2532310560040159 2
0.5736842105263158 9 0.008159049696389422 2
0.5736842105263158 10 0.12898026921635836 2
0.5736842105263158 11 0.011305247736850677 2
0.5736842105263158 12 0.05247818587923168 2
0.5736842105263158 13 -0.0046709871961058864 2
0.5736842105263158 14 0.0031302004405757995 2
0.5736842105263158 15 0.05247818587923168 2
0.5736842105263158 16 -0.006232668508048415 2
0.5736842105263158 17 0.016404064221717182 2
0.5736842105263158 18 -7.296789450023967e-05 2
0.5736842105263158 19 0.04255973752110362 2
0.5736842105263158 20 -9.596978568711006e-05 2
0.5736842105263158 21 0.007082932165563782 2
0.5736842105263158 22 0.05153505526457459 2
0.5736842105263158 23 0.2369249542038178 2
0.5736842105263158 24 0.016404064221717182 2
0.5736842105263158 25 0.01191461255978966 2
0.5736842105263158 26 -0.0047524596203180666 2
0.5736842105263158 27 0.14421460528931856 2
0.5736842105263158 28 0.05087799479316534 2
0.5736842105263158 29 -0.007418888696574006 2
0.5736842105263158 30 -0.00624658269484512 2
0.5736842105263158 31 -0.002669917868380413 2
0.5736842105263158 32 -0.007451421141209949 2
0.5736842105263158 33 -0.0047598066779045295 2
0.5736842105263158 34 0.04255973752110362 2
0.5736842105263158 35 0.11696308848783822 2
0.5736842105263158 36 -0.00622269744193054 2
0.5736842105263158 37 0.060914273363259476 2
0.5736842105263158 38 -0.0047524596203180666 2
0.5736842105263158 39 0.15486871010963718 2
0.6210526315789474 0 0.06835827436368397 2
0.6210526315789474 1 -0.007087974007297234 2
0.6210526315789474 2 -0.00746642724792208 2
0.6210526315789474 3 -0.0025710628348723473 2
0.6210526315789474 4 0.0031302004405757995 2
0.6210526315789474 5 0.02188603835415074 2
0.6210526315789474 6 0.03639570104451932 2
0.6210526315789474 7 0.034981133966733684 2
0.6210526315789474 8 0.2013039872613393 2
0.6210526315789474 9 0.03634061651583344 2
0.6210526315789474 10 0.027754713846825176 2
0.6210526315789474 11 -0.0047524596203180666 2
0.6210526315789474 12 -0.002699165606200664 2
0.6210526315789474 13 0.0070829321655637816 2
0.6210526315789474 14 0.05036199155169083 2
0.6210526315789474 15 0.08470227198932892 2
0.6210526315789474 16 -0.007087974007297239 2
0.6210526315789474 17 -0.00475740888116101 2
0.6210526315789474 18 0.01485868023923895 2
0.6210526315789474 19 0.17125299973979713 2
0.6210526315789474 20 0.14779089107037985 2
0.6210526315789474 21 0.059077973773045994 2
0.6210526315789474 22 0.003418561393408758 2
0.6210526315789474 23 0.01640406422171718 2
0.6210526315789474 24 -9.596978568711006e-05 2
0.6210526315789474 25 0.037287214390106876 2
0.6210526315789474 26 -0.004718167677005191 2
0.6210526315789474 27 0.0004333705665455986 2
0.6210526315789474 28 -7.296789450023588e-05 2
0.6210526315789474 29 0.0074822582925728924 2
0.6210526315789474 30 0.03728721439010688 2
0.6210526315789474 31 0.004122300106534145 2
0.6210526315789474 32 -0.002669917868380413 2
0.6210526315789474 33 0.08985255764231537 2
0.6210526315789474 34 0.0034185613934087566 2
0.6210526315789474 35 0.07289979368676908 2
0.6210526315789474 36 0.06852694893605765 2
0.6210526315789474 37 0.05247818587923168 2
0.6210526315789474 38 -0.007257663158736768 2
0.6210526315789474 39 0.1617301262336654 2
0.6684210526315789 0 -0.0026991656062006616 2
0.6684210526315789 1 0.01191461255978966 2
0.6684210526315789 2 0.0036006010786269176 2
0.6684210526315789 3 0.006918687525887252 2
0.6684210526315789 4 4.516136592730618e-05 2
0.6684210526315789 5 0.059077973773046 2
0.6684210526315789 6 -9.596978568711384e-05 2
0.6684210526315789 7 0.006972991229208091 2
0.6684210526315789 8 -0.002722026941161995 2
0.6684210526315789 9 0.03525720788247883 2
0.6684210526315789 10 0.0002716667622543389 2
0.6684210526315789 11 0.0031864268995741157 2
0.6684210526315789 12 0.02289271315630814 2
0.6684210526315789 13 -0.0047598066779045295 2
0.6684210526315789 14 -0.006232668508048415 2
0.6684210526315789 15 -0.002699165606200664 2
0.6684210526315789 16 0.05153505526457459 2
0.6684210526315789 17 -0.002571062834872341 2
0.6684210526315789 18 0.15486871010963718 2
0.6684210526315789 19 0.01784468874565716 2
0.6684210526315789 20 -0.00709580060580629 2
0.6684210526315789 21 0.022444310827320277 2
0.6684210526315789 22 0.012734762482945541 2
0.6684210526315789 23 -0.007382228726156382 2
0.6684210526315789 24 0.0034185613934087566 2
0.6684210526315789 25 0.0031864268995741157 2
0.6684210526315789 26 0.012275259160560313 2
0.6684210526315789 27 0.043678895061893715 2
0.6684210526315789 28 -0.006216703168904773 2
0.6684210526315789 29 0.024247199828477325 2
0.6684210526315789 30 -0.006264383055197553 2
0.6684210526315789 31 0.03488984595630042 2
0.6684210526315789 32 0.018515014366279538 2
0.6684210526315789 33 0.01191461255978966 2
0.6684210526315789 34 0.000433370566545596 2
0.6684210526315789 35 -0.007395912080913932 2
0.6684210526315789 36 -0.00622269744193054 2
0.6684210526315789 37 0.04300191634207266 2
0.6684210526315789 38 -0.00755857256429754 2
0.6684210526315789 39 0.0032817231214741878 2
0.7157894736842105 0 -0.007095800605806286 2
0.7157894736842105 1 -2.63471683948446e-05 2
0.7157894736842105 2 -9.596978568711006e-05 2
0.7157894736842105 3 -0.004757408881161006 2
0.7157894736842105 4 0.01145392247513611 2
0.7157894736842105 5 -0.007208010043984577 2
0.7157894736842105 6 0.01191461255978966 2
0.7157894736842105 7 0.02902688634240501 2
0.7157894736842105 8 -0.007087974007297234 2
0.7157894736842105 9 0.01134219357714393 2
0.7157894736842105 10 -0.004733451673058678 2
0.7157894736842105 11 -0.007382228726156379 2
0.7157894736842105 12 0.0002716667622543389 2
0.7157894736842105 13 -0.0073776845414105265 2
0.7157894736842105 14 -7.296789450023588e-05 2
0.7157894736842105 15 0.016404064221717182 2
0.7157894736842105 16 -0.002669917868380413 2
0.7157894736842105 17 0.04234132596199604 2
0.7157894736842105 18 -0.007395912080913929 2
0.7157894736842105 19 0.003130200440575802 2
0.7157894736842105 20 -0.00709580060580629 2
0.7157894736842105 21 0.007251252123963765 2
0.7157894736842105 22 0.003186426899574113 2
0.7157894736842105 23 0.022131682568262485 2
0.7157894736842105 24 -0.004697794226801299 2
0.7157894736842105 25 -0.00622269744193054 2
0.7157894736842105 26 -9.596978568711006e-05 2
0.7157894736842105 27 0.016404064221717182 2
0.7157894736842105 28 -0.004759806677904526 2
0.7157894736842105 29 0.021947083428140213 2
0.7157894736842105 30 0.04300191634207267 2
0.7157894736842105 31 -0.004733451673058682 2
0.7157894736842105 32 -0.002669917868380409 2
0.7157894736842105 33 -0.00709580060580629 2
0.7157894736842105 34 -0.007087974007297239 2
0.7157894736842105 35 -0.007111527585898864 2
0.7157894736842105 36 0.016404064221717182 2
0.7157894736842105 37 -0.0026276787726500564 2
0.7157894736842105 38 0.043678895061893715 2
0.7157894736842105 39 0.06219120234397467 2
0.7631578947368421 0 -0.007135304434062246 2
0.7631578947368421 1 -0.007610829303854612 2
0.7631578947368421 2 0.0032817231214741878 2
0.7631578947368421 3 -0.007493889515784818 2
0.7631578947368421 4 -0.0047181676770051955 2
0.7631578947368421 5 -7.296789450023588e-05 2
0.7631578947368421 6 0.016899851636435252 2
0.7631578947368421 7 -0.007087974007297239 2
0.7631578947368421 8 -0.002722026941161995 2
0.7631578947368421 9 -2.63471683948446e-05 2
0.7631578947368421 10 -0.006264383055197559 2
0.7631578947368421 11 -0.004759806677904526 2
0.7631578947368421 12 -0.007395912080913932 2
0.7631578947368421 13 0.017844688745657155 2
0.7631578947368421 14 0.01145392247513611 2
0.7631578947368421 15 4.516136592730618e-05 2
0.7631578947368421 16 0.02194708342814021 2
0.7631578947368421 17 4.516136592730618e-05 2
0.7631578947368421 18 -9.596978568711006e-05 2
0.7631578947368421 19 0.00014355245675715467 2
0.7631578947368421 20 -0.006232668508048415 2
0.7631578947368421 21 -9.596978568711006e-05 2
0.7631578947368421 22 0.01640406422171718 2
0.7631578947368421 23 0.0031116142202525315 2
0.7631578947368421 24 0.016599994762068544 2
0.7631578947368421 25 -0.0063716694981015825 2
0.7631578947368421 26 -0.00475740888116101 2
0.7631578947368421 27 -2.63471683948446e-05 2
0.7631578947368421 28 -0.002669917868380413 2
0.7631578947368421 29 0.0036006010786269176 2
0.7631578947368421 30 0.02855849767268706 2
0.7631578947368421 31 -0.00475740888116101 2
0.7631578947368421 32 -0.004744641425544358 2
0.7631578947368421 33 0.05049020142309519 2
0.7631578947368421 34 0.017311171890930753 2
0.7631578947368421 35 -0.007395912080913929 2
0.7631578947368421 36 -0.004744641425544358 2
0.7631578947368421 37 -0.0071673602779741665 2
0.7631578947368421 38 -0.007382228726156382 2
0.7631578947368421 39 -0.006222697441930538 2
0.8105263157894737 0 0.0031864268995741157 2
0.8105263157894737 1 -0.007111527585898864 2
0.8105263157894737 2 -0.007111527585898864 2
0.8105263157894737 3 0.04234132596199604 2
0.8105263157894737 4 -0.007111527585898864 2
0.8105263157894737 5 -9.596978568711384e-05 2
0.8105263157894737 6 -0.0047598066779045295 2
0.8105263157894737 7 0.006918687525887252 2
0.8105263157894737 8 0.016307264747368197 2
0.8105263157894737 9 -0.0027163556570253943 2
0.8105263157894737 10 0.0031302004405757995 2
0.8105263157894737 11 0.028558497672687068 2
0.8105263157894737 12 -0.004744641425544358 2
0.8105263157894737 13 -0.007095800605806286 2
0.8105263157894737 14 -0.002716355657025392 2
0.8105263157894737 15 0.0001435524567571585 2
0.8105263157894737 16 4.516136592730491e-05 2
0.8105263157894737 17 0.059984602306487875 2
0.8105263157894737 18 0.01714955505448216 2
0.8105263157894737 19 -0.0047524596203180666 2
0.8105263157894737 20 -0.002669917868380413 2
0.8105263157894737 21 4.516136592730618e-05 2
0.8105263157894737 22 -0.006216703168904775 2
0.8105263157894737 23 0.0074822582925728924 2
0.8105263157894737 24 0.006918687525887256 2
0.8105263157894737 25 -0.002498144504765369 2
0.8105263157894737 26 -0.002669917868380413 2
0.8105263157894737 27 0.0001435524567571585 2
0.8105263157894737 28 -0.006214703265369533 2
0.8105263157894737 29 0.008159049696389425 2
0.8105263157894737 30 -0.007257663158736768 2
0.8105263157894737 31 -0.004752459620318068 2
0.8105263157894737 32 0.06905268106942986 2
0.8105263157894737 33 -7.296789450023588e-05 2
0.8105263157894737 34 -0.007087974007297234 2
0.8105263157894737 35 -0.004759806677904526 2
0.8105263157894737 36 -0.002292164177976014 2
0.8105263157894737 37 0.007782079450602333 2
0.8105263157894737 38 -0.006371669498101587 2
0.8105263157894737 39 0.016599994762068547 2
0.8578947368421053 0 0.04234132596199604 2
0.8578947368421053 1 -0.00622269744193054 2
0.8578947368421053 2 0.0006338160899178984 2
0.8578947368421053 3 -0.002722026941161995 2
0.8578947368421053 4 0.029669462098147737 2
0.8578947368421053 5 0.0002716667622543389 2
0.8578947368421053 6 0.03639570104451932 2
0.8578947368421053 7 -0.004759806677904526 2
0.8578947368421053 8 -0.0026276787726500577 2
0.8578947368421053 9 -0.006216703168904773 2
0.8578947368421053 10 -0.007257663158736768 2
0.8578947368421053 11 -2.63471683948446e-05 2
0.8578947368421053 12 -0.004759806677904526 2
0.8578947368421053 13 -0.004718167677005191 2
0.8578947368421053 14 0.000433370566545596 2
0.8578947368421053 15 -0.006232668508048415 2
0.8578947368421053 16 -0.002669917868380413 2
0.8578947368421053 17 -0.002571062834872341 2
0.8578947368421053 18 0.027754713846825183 2
0.8578947368421053 19 -9.596978568711006e-05 2
0.8578947368421053 20 0.016899851636435252 2
0.8578947368421053 21 0.0070829321655637816 2
0.8578947368421053 22 0.018515014366279534 2
0.8578947368421053 23 -0.00755857256429754 2
0.8578947368421053 24 -0.007167360277974162 2
0.8578947368421053 25 -0.0026276787726500577 2
0.8578947368421053 26 -0.007111527585898864 2
0.8578947368421053 27 -0.0026991656062006616 2
0.8578947368421053 28 -0.002498144504765369 2
0.8578947368421053 29 -0.004752459620318068 2
0.8578947368421053 30 -0.007546805050453061 2
0.8578947368421053 31 -0.00709580060580629 2
0.8578947368421053 32 0.0006338160899178984 2
0.8578947368421053 33 -2.6347168394843334e-05 2
0.8578947368421053 34 -0.004733451673058682 2
0.8578947368421053 35 0.016307264747368197 2
0.8578947368421053 36 -0.00624658269484512 2
0.8578947368421053 37 -0.007087974007297234 2
0.8578947368421053 38 0.003186426899574113 2
0.8578947368421053 39 -0.004733451673058678 2
0.9052631578947369 0 -0.0047181676770051955 2
0.9052631578947369 1 -0.007167360277974162 2
0.9052631578947369 2 -0.0073776845414105265 2
0.9052631578947369 3 -0.007316835269948621 2
0.9052631578947369 4 -0.007087974007297234 2
0.9052631578947369 5 0.011453922475136111 2
0.9052631578947369 6 -0.004744641425544358 2
0.9052631578947369 7 -0.002722026941161995 2
0.9052631578947369 8 0.03155081568202456 2
0.9052631578947369 9 -0.002699165606200664 2
0.9052631578947369 10 0.016404064221717182 2
0.9052631578947369 11 0.0031302004405757995 2
0.9052631578947369 12 0.000433370566545596 2
0.9052631578947369 13 -0.006232668508048415 2
0.9052631578947369 14 -0.0026991656062006616 2
0.9052631578947369 15 0.0036006010786269176 2
0.9052631578947369 16 -0.007111527585898865 2
0.9052631578947369 17 -0.00474464142554436 2
0.9052631578947369 18 -0.002722026941161995 2
0.9052631578947369 19 -0.007257663158736768 2
0.9052631578947369 20 -2.6347168394843334e-05 2
0.9052631578947369 21 0.022131682568262485 2
0.9052631578947369 22 0.0036006010786269116 2
0.9052631578947369 23 0.0031116142202525315 2
0.9052631578947369 24 -0.00475740888116101 2
0.9052631578947369 25 0.0263472230340329 2
0.9052631578947369 26 -0.006222697441930538 2
0.9052631578947369 27 0.011453922475136111 2
0.9052631578947369 28 -0.007382228726156382 2
0.9052631578947369 29 0.000433370566545596 2
0.9052631578947369 30 -0.00624658269484512 2
0.9052631578947369 31 -0.002716355657025392 2
0.9052631578947369 32 -0.007257663158736768 2
0.9052631578947369 33 -0.00741888869657401 2
0.9052631578947369 34 0.04460806270604259 2
0.9052631578947369 35 -0.0071673602779741665 2
0.9052631578947369 36 0.00027166676225434406 2
0.9052631578947369 37 0.003186426899574113 2
0.9052631578947369 38 -0.004733451673058682 2
0.9052631578947369 39 0.003130200440575802 2
0.9526315789473684 0 -0.007395912080913932 2
0.9526315789473684 1 0.04300191634207267 2
0.9526315789473684 2 -0.00709580060580629 2
0.9526315789473684 3 -0.00628597798210574 2
0.9526315789473684 4 -0.006232668508048415 2
0.9526315789473684 5 -0.002669917868380409 2
0.9526315789473684 6 -0.00709580060580629 2
0.9526315789473684 7 -0.007208010043984577 2
0.9526315789473684 8 0.028558497672687068 2
0.9526315789473684 9 0.0070829321655637816 2
0.9526315789473684 10 0.0001435524567571585 2
0.9526315789473684 11 -0.002699165606200664 2
0.9526315789473684 12 0.003418561393408758 2
0.9526315789473684 13 -0.004733451673058678 2
0.9526315789473684 14 0.011643158399105817 2
0.9526315789473684 15 -0.007382228726156382 2
0.9526315789473684 16 -0.00725766315873677 2
0.9526315789473684 17 -0.007386163655319679 2
0.9526315789473684 18 -7.296789450023967e-05 2
0.9526315789473684 19 4.516136592730618e-05 2
0.9526315789473684 20 -0.002699165606200664 2
0.9526315789473684 21 -0.007111527585898864 2
0.9526315789473684 22 -0.007257663158736768 2
0.9526315789473684 23 -0.007087974007297239 2
0.9526315789473684 24 -0.006216703168904773 2
0.9526315789473684 25 -0.0047181676770051955 2
0.9526315789473684 26 0.000433370566545596 2
0.9526315789473684 27 -2.63471683948446e-05 2
0.9526315789473684 28 0.0001435524567571585 2
0.9526315789473684 29 -0.0071353044340622465 2
0.9526315789473684 30 -0.00628597798210574 2
0.9526315789473684 31 0.02194708342814021 2
0.9526315789473684 32 -2.6347168394843334e-05 2
0.9526315789473684 33 -0.007087974007297234 2
0.9526315789473684 34 -0.0062465826948451195 2
0.9526315789473684 35 -0.004744641425544358 2
0.9526315789473684 36 0.0002716667622543389 2
0.9526315789473684 37 0.0031864268995741157 2
0.9526315789473684 38 -0.007111527585898864 2
0.9526315789473684 39 0.022444310827320277 2
1.0 0 0.0031116142202525315 2
1.0 1 -0.0047598066779045295 2
1.0 2 -0.004744641425544358 2
1.0 3 0.0001435524567571585 2
1.0 4 -0.0026276787726500564 2
1.0 5 0.006972991229208088 2
1.0 6 0.02188603835415074 2
1.0 7 -0.006216703168904773 2
1.0 8 -0.007087974007297234 2
1.0 9 0.008624265275796437 2
1.0 10 4.516136592730491e-05 2
1.0 11 -0.00624658269484512 2
1.0 12 -0.007382228726156379 2
1.0 13 -0.006216703168904775 2
1.0 14 0.016307264747368194 2
1.0 15 -0.00709580060580629 2
1.0 16 0.008624265275796435 2
1.0 17 0.01191461255978966 2
1.0 18 -0.002498144504765374 2
1.0 19 -0.007095800605806286 2
1.0 20 -0.004697794226801299 2
1.0 21 0.0031302004405757995 2
1.0 22 -0.002716355657025392 2
1.0 23 -0.006232668508048415 2
1.0 24 0.057326028912436384 2
1.0 25 -0.0047524596203180666 2
1.0 26 -0.002716355657025392 2
1.0 27 0.004122300106534148 2
1.0 28 -0.007111527585898864 2
1.0 29 -0.006232668508048411 2
1.0 30 -0.007382228726156382 2
1.0 31 -0.002716355657025392 2
1.0 32 -0.0046709871961058864 2
1.0 33 -0.004733451673058682 2
1.0 34 0.007251252123963765 2
1.0 35 -0.002699165606200664 2
1.0 36 0.022444310827320277 2
1.0 37 0.0031116142202525315 2
1.0 38 -0.00474464142554436 2
1.0 39 -0.007111527585898864 2
