0.16 0 0.9698180786444058 3 0.4454061985015869
0.16 1 0.9698180786444058 3 0.16431212425231934
0.16 2 0.9097025441299542 3 0.17511653900146484
0.16 3 1.0 3 0.159193754196167
0.16 4 0.858091436627815 3 0.17001843452453613
0.16 5 0.7853673445334305 4 0.16704034805297852
0.16 6 0.9698180786444058 3 0.15203285217285156
0.16 7 1.0 3 0.14519858360290527
0.16 8 0.9095771357791164 3 0.17240285873413086
0.16 9 0.8960078381080979 3 0.15214133262634277
0.1 0 0.9698180786444058 3 0.418398380279541
0.1 1 0.9698180786444058 3 0.16426825523376465
0.1 2 0.9698180786444058 3 0.1560354232788086
0.1 3 1.0 3 0.17003703117370605
0.1 4 0.9698180786444058 3 0.1621088981628418
0.1 5 1.0 3 0.16303253173828125
0.1 6 1.0 3 0.14713072776794434
0.1 7 1.0 3 0.1540358066558838
0.1 8 1.0 3 0.16714215278625488
0.1 9 1.0 3 0.1531369686126709
0.12000000000000001 0 0.9396976072117613 3 0.4033679962158203
0.12000000000000001 1 1.0 3 0.1622631549835205
0.12000000000000001 2 0.9698180786444058 3 0.163116455078125
0.12000000000000001 3 1.0 3 0.15410661697387695
0.12000000000000001 4 0.9698180786444058 3 0.17303824424743652
0.12000000000000001 5 1.0 3 0.15203309059143066
0.12000000000000001 6 1.0 3 0.1831343173980713
0.12000000000000001 7 1.0 3 0.1490335464477539
0.12000000000000001 8 1.0 3 0.15227055549621582
0.12000000000000001 9 0.9698180786444058 3 0.16528749465942383
0.14 0 0.9180890695101148 3 0.43340301513671875
0.14 1 0.939762763218742 3 0.16609859466552734
0.14 2 0.9698180786444058 3 0.16312336921691895
0.14 3 0.9481472435309499 3 0.15105366706848145
0.14 4 0.9097025441299542 3 0.15639996528625488
0.14 5 1.0 3 0.1642751693725586
0.14 6 1.0 3 0.1630997657775879
0.14 7 0.9180864076468657 3 0.1431112289428711
0.14 8 1.0 3 0.15512776374816895
0.14 9 0.9698180786444058 3 0.14197349548339844
0.18 0 0.9698180786444058 3 0.14328622817993164
0.18 1 0.9097025441299542 3 0.16218948364257812
0.18 2 0.9095014369580292 3 0.15303325653076172
0.18 3 0.8238701901050342 3 0.1531212329864502
0.18 4 0.9095771357791166 3 0.15012311935424805
0.18 5 0.9095014369580292 3 0.15101313591003418
0.18 6 0.9396976072117612 3 0.15316414833068848
0.18 7 0.9097025441299542 3 0.17013311386108398
0.18 8 0.9397627632187417 3 0.16222620010375977
0.18 9 0.9095014369580292 3 0.15630769729614258
0.2 0 0.8695747721259948 3 0.16617369651794434
0.2 1 0.8795820726973097 3 0.18613553047180176
0.2 2 0.8581480513225281 3 0.16212153434753418
0.2 3 0.9095771357791166 3 0.15627193450927734
0.2 4 0.9396976072117612 3 0.1532278060913086
0.2 5 0.6425544692700229 4 0.18512797355651855
0.2 6 0.7851884054168353 3 0.1530132293701172
0.2 7 0.8365816118691847 3 0.176039457321167
0.2 8 0.8996770571696024 3 0.15845680236816406
0.2 9 0.9698180786444058 3 0.15708541870117188
0.22 0 0.7835820009484357 3 0.16503524780273438
0.22 1 0.7964556587740799 3 0.1730184555053711
0.22 2 0.8074743877068103 3 0.16024231910705566
0.22 3 0.9698180786444058 3 0.16824769973754883
0.22 4 0.812579669239897 3 0.1731126308441162
0.22 5 0.8578076256033433 3 0.16803884506225586
0.22 6 0.7803394348393013 3 0.1612234115600586
0.22 7 0.7662507120305158 3 0.18210077285766602
0.22 8 0.6577933846485186 3 0.16524457931518555
0.22 9 0.8085298267326979 3 0.1762373447418213
0.24000000000000002 0 0.7789401650200128 3 0.17969655990600586
0.24000000000000002 1 0.8365681593763182 3 0.16111350059509277
0.24000000000000002 2 0.8196644915629911 3 0.1522066593170166
0.24000000000000002 3 0.7246139780199032 3 0.1571047306060791
0.24000000000000002 4 0.8882156527660172 3 0.15821361541748047
0.24000000000000002 5 0.7935721115930913 3 0.16310644149780273
0.24000000000000002 6 0.7185013529259519 3 0.15403485298156738
0.24000000000000002 7 0.8280926444317516 3 0.15513896942138672
0.24000000000000002 8 0.712043444118563 3 0.1622178554534912
0.24000000000000002 9 0.84790122915536 3 0.1531229019165039
0.26 0 0.6805641659677129 3 0.15003347396850586
0.26 1 0.7581715920109808 3 0.15621495246887207
0.26 2 0.3840234643341229 2 0.16459417343139648
0.26 3 0.7295793927991162 3 0.1932523250579834
0.26 4 0.69984361049347 3 0.15026640892028809
0.26 5 0.7780150319888218 3 0.15710878372192383
0.26 6 0.6940868123361846 3 0.15845966339111328
0.26 7 0.6776720173106485 3 0.1560368537902832
0.26 8 0.8068346396277917 3 0.1751718521118164
0.26 9 0.8184255241451729 3 0.14601898193359375
0.28 0 0.26832906403835055 2 0.11513113975524902
0.28 1 0.24918517228273546 2 0.15121793746948242
0.28 2 0.47339421286251027 2 0.1470320224761963
0.28 3 0.6593454492466688 3 0.15813446044921875
0.28 4 0.35279603375889684 2 0.15201878547668457
0.28 5 0.3836350219178361 2 0.10802340507507324
0.28 6 0.6688172474766937 3 0.16450023651123047
0.28 7 0.3906427682235658 2 0.1580359935760498
0.28 8 0.6685812272445988 3 0.16323471069335938
0.28 9 0.6525160217994768 3 0.17922377586364746
0.30000000000000004 0 0.42189635649411505 2 0.15503716468811035
0.30000000000000004 1 0.5384919394262853 3 0.15713834762573242
0.30000000000000004 2 0.0 1 0.07102108001708984
0.30000000000000004 3 0.25261938164769016 2 0.15029597282409668
0.30000000000000004 4 0.5792730201959571 3 0.16615533828735352
0.30000000000000004 5 0.34839266628717813 2 0.15013837814331055
0.30000000000000004 6 0.36190306748142964 2 0.1321110725402832
0.30000000000000004 7 0.28640351664445246 3 0.16057562828063965
0.30000000000000004 8 0.23312366409672614 2 0.14803266525268555
0.30000000000000004 9 0.3700213069110651 2 0.15432286262512207
0.32 0 0.36458988229851363 2 0.10602450370788574
0.32 1 0.2667308083940067 2 0.15009832382202148
0.32 2 0.29867962481914984 2 0.146165132522583
0.32 3 0.3158694338422097 2 0.14603328704833984
0.32 4 0.2671536769472601 2 0.1490340232849121
0.32 5 0.2888055420617275 2 0.10601139068603516
0.32 6 0.25502466713488076 2 0.13703179359436035
0.32 7 0.3637515799080394 3 0.1790628433227539
0.32 8 0.5920905232829531 3 0.16317057609558105
0.32 9 0.4294190966879826 2 0.14302968978881836
0.33999999999999997 0 0.18734236003173269 2 0.13302946090698242
0.33999999999999997 1 0.29457818301245353 2 0.16912579536437988
0.33999999999999997 2 0.0 1 0.07109999656677246
0.33999999999999997 3 0.0 1 0.07201600074768066
0.33999999999999997 4 0.0 1 0.07201600074768066
0.33999999999999997 5 0.0 1 0.07811784744262695
0.33999999999999997 6 0.3268264183627213 2 0.13819551467895508
0.33999999999999997 7 0.3447481043372964 2 0.16723322868347168
0.33999999999999997 8 0.3365751905511292 2 0.15023303031921387
0.33999999999999997 9 0.3439193337902247 2 0.16108989715576172
0.36 0 0.0 1 0.07501697540283203
0.36 1 0.18957671458073294 2 0.15327739715576172
0.36 2 0.0 1 0.07101583480834961
0.36 3 0.0 1 0.07114243507385254
0.36 4 0.0 1 0.07301616668701172
0.36 5 0.0 1 0.07201647758483887
0.36 6 0.0 1 0.07301497459411621
0.36 7 0.30170903048363606 2 0.11802387237548828
0.36 8 0.21514103248843097 2 0.142838716506958
0.36 9 0.24044240426826305 2 0.16603803634643555
0.38 0 0.0 1 0.07401657104492188
0.38 1 0.27675020700170555 2 0.15401983261108398
0.38 2 0.0 1 0.07539057731628418
0.38 3 0.18436663902261136 2 0.10521125793457031
0.38 4 0.3343813328060947 2 0.14303183555603027
0.38 5 0.0 1 0.07201480865478516
0.38 6 0.27135917092396633 2 0.1433274745941162
0.38 7 0.0 1 0.07301616668701172
0.38 8 0.0 1 0.08001852035522461
0.38 9 0.20104616908393608 2 0.11402606964111328
0.4 0 0.0 1 0.07510781288146973
0.4 1 0.0 1 0.07301640510559082
0.4 2 0.0 1 0.07101607322692871
0.4 3 0.0 1 0.07223892211914062
0.4 4 0.0 1 0.07011675834655762
0.4 5 0.0 1 0.07001471519470215
0.4 6 0.2754848805296859 2 0.14315247535705566
0.4 7 0.0 1 0.0690155029296875
0.4 8 0.0 1 0.07701730728149414
0.4 9 0.0 1 0.07101559638977051
0.44000000000000006 0 0.0 1 0.07201600074768066
0.44000000000000006 1 0.0 1 0.07601213455200195
0.44000000000000006 2 0.1591606834551022 2 0.11210441589355469
0.44000000000000006 3 0.0 1 0.07401609420776367
0.44000000000000006 4 0.0 1 0.0720217227935791
0.44000000000000006 5 0.0 1 0.0720217227935791
0.44000000000000006 6 0.0 1 0.07229399681091309
0.44000000000000006 7 0.0 1 0.07401680946350098
0.44000000000000006 8 0.0 1 0.07201600074768066
0.44000000000000006 9 0.0 1 0.07001519203186035
0.42000000000000004 0 0.0 1 0.07114124298095703
0.42000000000000004 1 0.0 1 0.07503938674926758
0.42000000000000004 2 0.0 1 0.071014404296875
0.42000000000000004 3 0.0 1 0.07401776313781738
0.42000000000000004 4 0.0 1 0.07312774658203125
0.42000000000000004 5 0.0 1 0.06901073455810547
0.42000000000000004 6 0.0 1 0.07321691513061523
0.42000000000000004 7 0.0 1 0.07622361183166504
0.42000000000000004 8 0.0 1 0.07301616668701172
0.42000000000000004 9 0.0 1 0.07201147079467773
0.45999999999999996 0 0.0 1 0.0690155029296875
0.45999999999999996 1 0.0 1 0.07500100135803223
0.45999999999999996 2 0.0 1 0.08099722862243652
0.45999999999999996 3 0.0 1 0.07615303993225098
0.45999999999999996 4 0.1760105925610684 2 0.11600732803344727
0.45999999999999996 5 0.0 1 0.07302165031433105
0.45999999999999996 6 0.0 1 0.07501649856567383
0.45999999999999996 7 0.1783534338505955 2 0.10806417465209961
0.45999999999999996 8 0.0 1 0.07114005088806152
0.45999999999999996 9 0.0 1 0.07908463478088379
0.48 0 0.0 1 0.07100033760070801
0.48 1 0.0 1 0.0711355209350586
0.48 2 0.0 1 0.07621145248413086
0.48 3 0.0 1 0.08209705352783203
0.48 4 0.0 1 0.07101583480834961
0.48 5 0.1445996226021611 2 0.16666436195373535
0.48 6 0.0 1 0.07101559638977051
0.48 7 0.14084644195353335 2 0.16103291511535645
0.48 8 0.0 1 0.07401728630065918
0.48 9 0.0 1 0.1060187816619873
0.52 0 0.0 1 0.07601737976074219
0.52 1 -0.004978410504271352 2 0.13402938842773438
0.52 2 0.0 1 0.07211017608642578
0.52 3 0.0 1 0.08101749420166016
0.52 4 0.0 1 0.07044577598571777
0.52 5 0.0 1 0.07401609420776367
0.52 6 0.0 1 0.06914615631103516
0.52 7 0.0 1 0.08099722862243652
0.52 8 0.0 1 0.07501554489135742
0.52 9 0.0 1 0.07214188575744629
0.5 0 0.0 1 0.0710291862487793
0.5 1 0.0 1 0.0800175666809082
0.5 2 0.0 1 0.06820011138916016
0.5 3 0.0 1 0.09201931953430176
0.5 4 0.0 1 0.07501935958862305
0.5 5 0.0 1 0.07401609420776367
0.5 6 0.0 1 0.07018661499023438
0.5 7 0.0 1 0.07303667068481445
0.5 8 0.0 1 0.07213163375854492
0.5 9 0.0 1 0.07499575614929199
0.54 0 0.0 1 0.09002184867858887
0.54 1 0.0 1 0.07301497459411621
0.54 2 0.0 1 0.0731050968170166
0.54 3 0.002308523661211976 2 0.11512184143066406
0.54 4 0.0 1 0.07100057601928711
0.54 5 0.0 1 0.0870213508605957
0.54 6 0.0 1 0.07101655006408691
0.54 7 0.0 1 0.07231783866882324
0.54 8 0.0 1 0.08201813697814941
0.54 9 0.0 1 0.07403063774108887
0.56 0 0.0 1 0.07219052314758301
0.56 1 0.0 1 0.07101559638977051
0.56 2 0.0 1 0.07610821723937988
0.56 3 0.0 1 0.07101607322692871
0.56 4 0.0 1 0.07000160217285156
0.56 5 0.0 1 0.07401657104492188
0.56 6 -0.004998055394294777 2 0.12602782249450684
0.56 7 0.0 1 0.07210040092468262
0.56 8 0.0 1 0.07511210441589355
0.56 9 0.0 1 0.09502243995666504
0.58 0 0.0 1 0.08102035522460938
0.58 1 0.0 1 0.09302115440368652
0.58 2 0.0 1 0.08120179176330566
0.58 3 0.0 1 0.07403874397277832
0.58 4 0.0 1 0.07321953773498535
0.58 5 0.0 1 0.08200693130493164
0.58 6 0.0 1 0.09601354598999023
0.58 7 0.0 1 0.07501959800720215
0.58 8 0.0 1 0.0750417709350586
0.58 9 0.0 1 0.10802340507507324
0.6 0 0.0 1 0.07302141189575195
0.6 1 0.0 1 0.07401680946350098
0.6 2 0.0 1 0.07324004173278809
0.6 3 0.0 1 0.09301877021789551
0.6 4 -0.005802757554017201 2 0.12321186065673828
0.6 5 0.0 1 0.07801675796508789
0.6 6 0.0 1 0.08801817893981934
0.6 7 0.0 1 0.07316374778747559
0.6 8 0.0 1 0.07439017295837402
0.6 9 0.0 1 0.09512686729431152
0.62 0 0.0 1 0.07401847839355469
0.62 1 0.0 1 0.07701611518859863
0.62 2 0.0 1 0.0760045051574707
0.62 3 0.0 1 0.07703733444213867
0.62 4 0.0 1 0.07312560081481934
0.62 5 0.0 1 0.07214236259460449
0.62 6 0.0 1 0.0980222225189209
0.62 7 0.0 1 0.07301616668701172
0.62 8 0.0 1 0.07632017135620117
0.62 9 0.0 1 0.07288527488708496
0.64 0 0.0 1 0.07501769065856934
0.64 1 0.0 1 0.07501864433288574
0.64 2 0.0 1 0.07901549339294434
0.64 3 0.0 1 0.07401156425476074
0.64 4 0.0 1 0.0819997787475586
0.64 5 0.00267788727110385 2 0.19004034996032715
0.64 6 0.0 1 0.08701896667480469
0.64 7 0.0 1 0.09304189682006836
0.64 8 0.0 1 0.08601975440979004
0.64 9 0.0 1 0.07503867149353027
0.66 0 0.0 1 0.0780172348022461
0.66 1 0.0 1 0.0780329704284668
0.66 2 0.0 1 0.07703638076782227
0.66 3 0.0 1 0.07800102233886719
0.66 4 0.0 1 0.07101607322692871
0.66 5 0.0 1 0.0800180435180664
0.66 6 0.0 1 0.08414435386657715
0.66 7 0.0 1 0.07501506805419922
0.66 8 0.04501650628408736 2 0.21640467643737793
0.66 9 0.0 1 0.08001852035522461
0.6799999999999999 0 0.0 1 0.07003664970397949
0.6799999999999999 1 0.0 1 0.08101677894592285
0.6799999999999999 2 0.0 1 0.07703614234924316
0.6799999999999999 3 0.0 1 0.07201600074768066
0.6799999999999999 4 0.0 1 0.07501578330993652
0.6799999999999999 5 0.0 1 0.07401847839355469
0.6799999999999999 6 -0.001854824659050222 2 0.13703012466430664
0.6799999999999999 7 0.0 1 0.06921553611755371
0.6799999999999999 8 0.0 1 0.09802126884460449
0.6799999999999999 9 0.0 1 0.07512283325195312
0.7 0 0.0 1 0.10302567481994629
0.7 1 0.0 1 0.07501530647277832
0.7 2 0.0 1 0.08401894569396973
0.7 3 0.0 1 0.07201600074768066
0.7 4 0.0 1 0.07301592826843262
0.7 5 0.0 1 0.08301687240600586
0.7 6 0.0 1 0.07501697540283203
0.7 7 0.0 1 0.07407855987548828
0.7 8 0.0 1 0.09801173210144043
0.7 9 0.0 1 0.0780179500579834
0.72 0 0.0 1 0.07003521919250488
0.72 1 0.0 1 0.09400081634521484
0.72 2 0.0 1 0.07901787757873535
0.72 3 0.0 1 0.07303309440612793
0.72 4 0.0 1 0.07410550117492676
0.72 5 0.0 1 0.07303547859191895
0.72 6 0.0 1 0.09502053260803223
0.72 7 0.0 1 0.08347296714782715
0.72 8 0.0 1 0.0972588062286377
0.72 9 0.0 1 0.08101582527160645
0.74 0 0.0 1 0.08603668212890625
0.74 1 0.0 1 0.07701826095581055
0.74 2 0.0 1 0.09415102005004883
0.74 3 0.0 1 0.08409547805786133
0.74 4 0.0 1 0.08003854751586914
0.74 5 0.0 1 0.07413077354431152
0.74 6 0.0 1 0.0730133056640625
0.74 7 0.0 1 0.07820558547973633
0.74 8 0.0 1 0.07801580429077148
0.74 9 0.0 1 0.07403779029846191
0.76 0 0.0 1 0.08599996566772461
0.76 1 0.0 1 0.07701802253723145
0.76 2 0.0 1 0.07701945304870605
0.76 3 0.0 1 0.07411766052246094
0.76 4 0.0 1 0.07610583305358887
0.76 5 0.0 1 0.10102200508117676
0.76 6 0.0 1 0.07413744926452637
0.76 7 0.0 1 0.07401680946350098
0.76 8 0.0 1 0.08403849601745605
0.76 9 0.0 1 0.0751187801361084
0.78 0 0.0 1 0.09512543678283691
0.78 1 0.0 1 0.08102011680603027
0.78 2 0.0 1 0.07612371444702148
0.78 3 0.0 1 0.07901811599731445
0.78 4 0.0 1 0.07401847839355469
0.78 5 0.0 1 0.07312154769897461
0.78 6 0.0 1 0.07712697982788086
0.78 7 0.0 1 0.08601951599121094
0.78 8 0.0 1 0.07201623916625977
0.78 9 -0.0019885660688423053 2 0.13302898406982422
0.8 0 0.0 1 0.07601594924926758
0.8 1 0.0 1 0.08301711082458496
0.8 2 0.0 1 0.0800161361694336
0.8 3 0.0 1 0.07610940933227539
0.8 4 0.0 1 0.08101725578308105
0.8 5 0.0 1 0.08001828193664551
0.8 6 0.0 1 0.07611370086669922
0.8 7 0.0 1 0.07812690734863281
0.8 8 0.0 1 0.08404397964477539
0.8 9 0.0 1 0.09012007713317871
0.84 0 0.0 1 0.08314228057861328
0.84 1 0.0 1 0.08501911163330078
0.84 2 0.0 1 0.07738375663757324
0.84 3 0.0 1 0.08001708984375
0.84 4 0.0 1 0.07401633262634277
0.84 5 0.0 1 0.07401514053344727
0.84 6 0.0 1 0.08217763900756836
0.84 7 0.0 1 0.07815051078796387
0.84 8 0.0 1 0.08418989181518555
0.84 9 0.0 1 0.07701802253723145
0.82 0 0.0 1 0.0741422176361084
0.82 1 0.0 1 0.07501697540283203
0.82 2 0.0 1 0.08012223243713379
0.82 3 0.0 1 0.07601714134216309
0.82 4 0.0 1 0.08203244209289551
0.82 5 0.0 1 0.08303284645080566
0.82 6 0.0 1 0.07901787757873535
0.82 7 0.0 1 0.0749969482421875
0.82 8 0.0 1 0.0771629810333252
0.82 9 0.0 1 0.07411527633666992
0.86 0 0.0 1 0.07111763954162598
0.86 1 0.0 1 0.08100056648254395
0.86 2 0.0 1 0.08499956130981445
0.86 3 0.0 1 0.07201576232910156
0.86 4 0.0 1 0.07830142974853516
0.86 5 0.0 1 0.07601618766784668
0.86 6 0.0 1 0.07899832725524902
0.86 7 0.0 1 0.08120512962341309
0.86 8 0.0 1 0.08502030372619629
0.86 9 0.0 1 0.07699799537658691
0.88 0 0.0 1 0.07903790473937988
0.88 1 0.0 1 0.07701730728149414
0.88 2 0.0 1 0.07999706268310547
0.88 3 0.0 1 0.08133077621459961
0.88 4 0.0 1 0.07717514038085938
0.88 5 -0.0037395712550621955 2 0.1322178840637207
0.88 6 0.0 1 0.08501911163330078
0.88 7 -0.0037395712550621955 2 0.12413501739501953
0.88 8 0.0 1 0.07312560081481934
0.88 9 0.0 1 0.08211731910705566
0.92 0 0.0 1 0.08301591873168945
0.92 1 0.0 1 0.07001209259033203
0.92 2 0.0 1 0.09001970291137695
0.92 3 0.0 1 0.08701872825622559
0.92 4 0.008800041313195646 2 0.14914274215698242
0.92 5 0.0 1 0.09402322769165039
0.92 6 0.0 1 0.0930173397064209
0.92 7 0.0 1 0.08504629135131836
0.92 8 0.0 1 0.07001638412475586
0.92 9 0.0 1 0.08311843872070312
0.9 0 0.0 1 0.07599854469299316
0.9 1 0.0 1 0.08201813697814941
0.9 2 0.0 1 0.08101916313171387
0.9 3 0.0 1 0.10001921653747559
0.9 4 0.0 1 0.10302400588989258
0.9 5 0.0 1 0.10802316665649414
0.9 6 0.0 1 0.07701611518859863
0.9 7 0.0 1 0.08000063896179199
0.9 8 -0.0057971175674396925 2 0.10609054565429688
0.9 9 0.0 1 0.07501673698425293
0.94 0 0.0 1 0.07806587219238281
0.94 1 0.0 1 0.07601690292358398
0.94 2 0.0 1 0.0760195255279541
0.94 3 0.0 1 0.07601523399353027
0.94 4 0.0 1 0.0820150375366211
0.94 5 0.0 1 0.07501602172851562
0.94 6 0.0 1 0.0850381851196289
0.94 7 0.0 1 0.08201742172241211
0.94 8 0.0 1 0.072021484375
0.94 9 0.0 1 0.08501863479614258
0.96 0 0.0 1 0.08313250541687012
0.96 1 0.0 1 0.08002066612243652
0.96 2 0.0 1 0.08301901817321777
0.96 3 0.0 1 0.08402156829833984
0.96 4 0.0 1 0.07701730728149414
0.96 5 0.0 1 0.07201647758483887
0.96 6 0.0 1 0.0891122817993164
0.96 7 0.0 1 0.0780174732208252
0.96 8 0.0 1 0.07199692726135254
0.96 9 0.0 1 0.07613325119018555
0.98 0 0.0 1 0.08101916313171387
0.98 1 -0.003291192339374019 2 0.11000442504882812
0.98 2 0.0 1 0.08201837539672852
0.98 3 0.0 1 0.07603812217712402
0.98 4 0.0 1 0.07399630546569824
0.98 5 0.0 1 0.09402012825012207
0.98 6 0.0 1 0.0729973316192627
0.98 7 0.0 1 0.07101750373840332
0.98 8 0.0 1 0.07101583480834961
0.98 9 0.0 1 0.07400107383728027
1.0 0 0.0 1 0.07301497459411621
1.0 1 0.0 1 0.07216000556945801
1.0 2 0.0 1 0.08301782608032227
1.0 3 0.0 1 0.07337427139282227
1.0 4 0.0 1 0.07201433181762695
1.0 5 0.0 1 0.0780191421508789
1.0 6 0.0 1 0.0751643180847168
1.0 7 0.0 1 0.0731356143951416
1.0 8 0.0 1 0.07301807403564453
1.0 9 0.0029057457401446374 2 0.10802435874938965
