0.1 0 0.6062332275212642 3
0.1 1 1.0 2
0.1 2 0.798355728645285 3
0.1 3 0.7976093365102331 3
0.1 4 1.0 2
0.11800000000000001 0 0.7562753282347693 3
0.11800000000000001 1 1.0 2
0.11800000000000001 2 0.9286022516535728 2
0.11800000000000001 3 1.0 2
0.11800000000000001 4 1.0 2
0.136 0 1.0 2
0.136 1 0.7576281649272746 3
0.136 2 1.0 2
0.136 3 1.0 2
0.136 4 0.7089395114584265 3
0.15400000000000003 0 0.7046305726892123 3
0.15400000000000003 1 0.6940032953568328 3
0.15400000000000003 2 0.7047245819053327 3
0.15400000000000003 3 0.6389844291955105 3
0.15400000000000003 4 0.691319169104672 3
0.17200000000000001 0 0.9286022516535728 2
0.17200000000000001 1 1.0 2
0.17200000000000001 2 0.9286022516535728 2
0.17200000000000001 3 0.6359374633258558 3
0.17200000000000001 4 0.8575159537539401 2
0.226 0 0.9286022516535728 2
0.226 1 0.5650852434098067 3
0.226 2 0.5029362312383242 3
0.226 3 0.8773072618436142 2
0.226 4 0.8065446315451662 2
0.19 0 0.8065446315451662 2
0.19 1 1.0 2
0.19 2 0.6934851712535884 3
0.19 3 0.8773072618436142 2
0.19 4 1.0 2
0.20800000000000002 0 0.8773072618436142 2
0.20800000000000002 1 0.8773072618436142 2
0.20800000000000002 2 0.8065446315451662 2
0.20800000000000002 3 0.699633984583937 3
0.20800000000000002 4 0.8065446315451662 2
0.24400000000000002 0 0.6919675006241315 3
0.24400000000000002 1 0.4955562327345418 3
0.24400000000000002 2 0.6006083122926662 3
0.24400000000000002 3 0.5554374546604894 3
0.24400000000000002 4 0.6746161775765515 2
0.262 0 0.7106059956946437 3
0.262 1 0.9286022516535728 2
0.262 2 0.7128426776147976 2
0.262 3 0.3524029106128459 3
0.262 4 0.8335429056980596 2
0.29800000000000004 0 0.7592561769713603 2
0.29800000000000004 1 0.6894791494633864 2
0.29800000000000004 2 0.66806173804014 2
0.29800000000000004 3 0.5665601694729498 2
0.29800000000000004 4 0.5397099121567374 3
0.28 0 0.7266881418253447 2
0.28 1 0.7245153084203909 2
0.28 2 0.9286022516535728 2
0.28 3 0.6399520592597279 2
0.28 4 0.8335429056980596 2
0.31600000000000006 0 0.4388653321124502 2
0.31600000000000006 1 0.7946207065282216 2
0.31600000000000006 2 0.6322976674068046 2
0.31600000000000006 3 0.578511490051223 2
0.31600000000000006 4 0.5948536586032955 2
0.352 0 0.7128426776147977 2
0.352 1 0.3478108098377522 3
0.352 2 0.6572373895017843 2
0.352 3 0.3753790039297917 2
0.352 4 0.6272831386244587 2
0.3340000000000001 0 0.6322976674068046 2
0.3340000000000001 1 0.40242965979860706 2
0.3340000000000001 2 0.7128426776147977 2
0.3340000000000001 3 0.45882439545712356 3
0.3340000000000001 4 0.5257922390271081 3
0.37 0 0.3818555360142163 2
0.37 1 0.3887104336742041 2
0.37 2 0.0 1
0.37 3 0.8065446315451662 2
0.37 4 0.29786557520137913 3
0.388 0 0.2597130817403293 3
0.388 1 0.0 1
0.388 2 0.0 1
0.388 3 0.29361444362617806 3
0.388 4 0.31394265017191286 3
0.42400000000000004 0 0.0 1
0.42400000000000004 1 0.0 1
0.42400000000000004 2 0.2348933718173441 2
0.42400000000000004 3 -0.00622269744193054 2
0.42400000000000004 4 0.0 1
0.406 0 0.0 1
0.406 1 -0.00475740888116101 2
0.406 2 0.3444526735878948 2
0.406 3 0.48021122742316447 2
0.406 4 0.007782079450602333 2
0.44200000000000006 0 -0.007382228726156382 2
0.44200000000000006 1 0.32412299393247274 2
0.44200000000000006 2 0.0 1
0.44200000000000006 3 -0.007087974007297239 2
0.44200000000000006 4 0.29908103775658174 2
0.4600000000000001 0 0.5003217598627517 2
0.4600000000000001 1 0.00027166676225434406 2
0.4600000000000001 2 -0.0027163556570253943 2
0.4600000000000001 3 0.2577404366741235 2
0.4600000000000001 4 0.0 1
0.496 0 0.0 1
0.496 1 0.0 1
0.496 2 0.0 1
0.496 3 0.0 1
0.496 4 0.0 1
0.514 0 -0.002722026941161995 2
0.514 1 0.0 1
0.514 2 0.0 1
0.514 3 0.0 1
0.514 4 0.0 1
0.4780000000000001 0 0.003186426899574113 2
0.4780000000000001 1 0.0 1
0.4780000000000001 2 0.20031965891665782 2
0.4780000000000001 3 0.25740197682928445 3
0.4780000000000001 4 0.0031864268995741157 2
0.532 0 0.0 1
0.532 1 0.0 1
0.532 2 0.0 1
0.532 3 0.0 1
0.532 4 -0.002722026941161995 2
0.55 0 0.0031116142202525315 2
0.55 1 0.0 1
0.55 2 0.021947083428140213 2
0.55 3 -0.007111527585898865 2
0.55 4 0.0 1
0.5680000000000001 0 0.00014355245675715467 2
0.5680000000000001 1 0.0 1
0.5680000000000001 2 0.0 1
0.5680000000000001 3 0.011453922475136111 2
0.5680000000000001 4 0.0 1
0.5860000000000001 0 0.0 1
0.5860000000000001 1 0.0 1
0.5860000000000001 2 0.0 1
0.5860000000000001 3 0.0 1
0.5860000000000001 4 -0.00622269744193054 2
0.604 0 0.0 1
0.604 1 0.0 1
0.604 2 0.0 1
0.604 3 -0.006222697441930538 2
0.604 4 0.0 1
0.622 0 -0.007111527585898864 2
0.622 1 0.0 1
0.622 2 0.0 1
0.622 3 0.0 1
0.622 4 0.0 1
0.64 0 -0.004757408881161006 2
0.64 1 0.0 1
0.64 2 -0.004759806677904526 2
0.64 3 0.0 1
0.64 4 0.0 1
0.658 0 0.0 1
0.658 1 -0.00622269744193054 2
0.658 2 0.0 1
0.658 3 0.0 1
0.658 4 -0.007087974007297239 2
0.676 0 0.0 1
0.676 1 -0.0026991656062006616 2
0.676 2 0.0 1
0.676 3 0.0 1
0.676 4 0.0 1
0.6940000000000001 0 0.0 1
0.6940000000000001 1 0.0 1
0.6940000000000001 2 -0.002722026941161995 2
0.6940000000000001 3 -0.0026276787726500577 2
0.6940000000000001 4 0.0 1
0.7120000000000001 0 0.0 1
0.7120000000000001 1 0.0 1
0.7120000000000001 2 0.0 1
0.7120000000000001 3 0.0 1
0.7120000000000001 4 0.0 1
0.7300000000000001 0 0.0 1
0.7300000000000001 1 0.0 1
0.7300000000000001 2 0.0 1
0.7300000000000001 3 0.0 1
0.7300000000000001 4 -0.006339900068651729 2
0.7480000000000001 0 0.0 1
0.7480000000000001 1 0.0074822582925728924 2
0.7480000000000001 2 0.0 1
0.7480000000000001 3 0.0 1
0.7480000000000001 4 -2.63471683948446e-05 2
0.766 0 0.0 1
0.766 1 0.0 1
0.766 2 0.0 1
0.766 3 -0.002699165606200664 2
0.766 4 0.0 1
0.784 0 0.0 1
0.784 1 -0.004757408881161006 2
0.784 2 0.0 1
0.784 3 0.00027166676225434406 2
0.784 4 0.0 1
0.802 0 0.0 1
0.802 1 0.0 1
0.802 2 -7.296789450023588e-05 2
0.802 3 0.0 1
0.802 4 -0.002669917868380409 2
0.8200000000000001 0 0.0 1
0.8200000000000001 1 -7.296789450023967e-05 2
0.8200000000000001 2 0.0 1
0.8200000000000001 3 0.0 1
0.8200000000000001 4 -0.002669917868380413 2
0.8380000000000001 0 0.0 1
0.8380000000000001 1 0.0 1
0.8380000000000001 2 0.01191461255978966 2
0.8380000000000001 3 0.0 1
0.8380000000000001 4 0.0031302004405757995 2
0.8560000000000001 0 0.0 1
0.8560000000000001 1 -0.007111527585898865 2
0.8560000000000001 2 0.0 1
0.8560000000000001 3 0.0 1
0.8560000000000001 4 0.0 1
0.8740000000000001 0 0.0 1
0.8740000000000001 1 0.0 1
0.8740000000000001 2 0.0 1
0.8740000000000001 3 0.0 1
0.8740000000000001 4 0.0 1
0.892 0 0.0 1
0.892 1 0.0 1
0.892 2 0.007082932165563782 2
0.892 3 0.0 1
0.892 4 -0.002722026941161995 2
0.928 0 0.0 1
0.928 1 0.0034185613934087566 2
0.928 2 0.01134219357714393 2
0.928 3 0.0 1
0.928 4 -0.00622269744193054 2
0.91 0 0.0 1
0.91 1 -0.00624658269484512 2
0.91 2 0.0 1
0.91 3 0.0 1
0.91 4 0.0 1
0.9460000000000001 0 0.0 1
0.9460000000000001 1 0.0 1
0.9460000000000001 2 0.0 1
0.9460000000000001 3 0.0 1
0.9460000000000001 4 0.0 1
0.9640000000000001 0 0.0 1
0.9640000000000001 1 0.0 1
0.9640000000000001 2 0.0 1
0.9640000000000001 3 0.0 1
0.9640000000000001 4 0.0 1
0.9820000000000001 0 0.0 1
0.9820000000000001 1 -0.00624658269484512 2
0.9820000000000001 2 0.0 1
0.9820000000000001 3 0.0 1
0.9820000000000001 4 0.0 1
1.0 0 0.0 1
1.0 1 0.0 1
1.0 2 0.0 1
1.0 3 0.0 1
1.0 4 0.0 1
1.4 0 0.0 1
1.4 1 0.0 1
1.4 2 0.0 1
1.4 3 -0.006216703168904775 2
1.4 4 0.0 1
1.8299999999999998 0 0.0 1
1.8299999999999998 1 0.0 1
1.8299999999999998 2 0.0 1
1.8299999999999998 3 0.0 1
1.8299999999999998 4 0.02188603835415074 2
2.26 0 -0.002722026941161995 2
2.26 1 0.0 1
2.26 2 0.0394285191762526 3
2.26 3 0.0 1
2.26 4 0.10343864400608496 2
3.12 0 0.0 1
3.12 1 0.19964209621754478 2
3.12 2 0.2953860855705559 2
3.12 3 0.13859808121649536 2
3.12 4 0.07120814991207249 2
2.69 0 0.0 1
2.69 1 0.04300191634207266 2
2.69 2 0.07876959571418854 2
2.69 3 0.10030059267785173 2
2.69 4 0.04255973752110362 2
3.55 0 0.0 1
3.55 1 0.21761674317902954 2
3.55 2 0.26162656577530485 2
3.55 3 0.25226247055504447 2
3.55 4 0.0 1
3.98 0 0.4388653321124502 2
3.98 1 0.2417758855166546 2
3.98 2 0.32356278008086076 3
3.98 3 0.3129184741251456 2
3.98 4 0.0 1
4.84 0 0.16895251858081725 2
4.84 1 0.49692049675694044 2
4.84 2 0.6322976674068046 2
4.84 3 0.3475857015386133 3
4.84 4 0.3818555360142163 2
4.41 0 0.15819420538488738 2
4.41 1 0.2682344993845412 3
4.41 2 0.32412299393247274 2
4.41 3 0.39430024565673844 2
4.41 4 0.6572373895017843 2
5.27 0 0.6894791494633864 2
5.27 1 0.48457337259094396 2
5.27 2 0.2953860855705559 2
5.27 3 0.4388653321124502 2
5.27 4 0.4388653321124502 2
5.699999999999999 0 0.4388653321124502 2
5.699999999999999 1 0.4604409864283399 2
5.699999999999999 2 0.4604409864283399 2
5.699999999999999 3 0.6894791494633864 2
5.699999999999999 4 0.4388653321124502 2
6.129999999999999 0 0.6322976674068046 2
6.129999999999999 1 0.5948536586032955 2
6.129999999999999 2 0.3920903128264693 3
6.129999999999999 3 0.6399520592597279 2
6.129999999999999 4 0.4031277339372631 2
6.5600000000000005 0 0.8575159537539401 2
6.5600000000000005 1 0.6399520592597279 2
6.5600000000000005 2 0.25226247055504447 2
6.5600000000000005 3 0.29908103775658174 2
6.5600000000000005 4 0.7128426776147976 2
6.99 0 0.33176270803716784 2
6.99 1 0.5609898034938849 2
6.99 2 0.5665601694729498 2
6.99 3 0.6399520592597279 2
6.99 4 0.6746161775765515 2
7.42 0 0.31154465381454993 3
7.42 1 0.7245153084203909 2
7.42 2 0.6894791494633864 2
7.42 3 0.506497973608627 2
7.42 4 0.6964105874134144 2
7.85 0 0.5299387237037455 2
7.85 1 0.7128426776147976 2
7.85 2 0.578511490051223 2
7.85 3 0.6746161775765513 2
7.85 4 0.5665601694729498 2
8.28 0 0.412949191660473 2
8.28 1 0.763108324572318 2
8.28 2 0.6399520592597279 2
8.28 3 0.5508642506256433 2
8.28 4 0.44223840914383106 2
8.709999999999999 0 0.8065446315451662 2
8.709999999999999 1 0.5785114900512232 2
8.709999999999999 2 0.8335429056980596 2
8.709999999999999 3 0.49692049675694044 2
8.709999999999999 4 0.5275443048699059 2
9.14 0 0.5992540218462625 2
9.14 1 0.8773072618436142 2
9.14 2 0.7245153084203911 2
9.14 3 0.8065446315451662 2
9.14 4 0.7245153084203911 2
9.57 0 0.3669464578032091 3
9.57 1 0.6572373895017843 2
9.57 2 0.6322976674068047 2
9.57 3 0.6746161775765513 2
9.57 4 0.7559202555796879 2
10.0 0 0.6701392955273148 2
10.0 1 0.42200709864258823 3
10.0 2 0.7946207065282216 2
10.0 3 0.8065446315451662 2
10.0 4 0.763108324572318 2
