0.402 0 0.3329876291837832 2 6155.828727245331
0.402 1 0.3377265320147717 2 5969.684074878693
0.406 0 0.31541586315879483 2 6403.539525985718
0.406 1 0.32562791061994845 2 6128.904262065887
0.4 0 0.33337507344920375 2 6592.595999956131
0.4 1 0.3428314318320969 2 6217.141511917114
0.404 0 0.3166520444095319 2 6806.146292448044
0.404 1 0.33092169552364387 2 6414.519262075424
0.40800000000000003 0 0.30216967757487123 2 6616.621472358704
0.40800000000000003 1 0.31061722453162 2 6615.920611381531
0.41200000000000003 0 0.29490525463443573 2 7140.408244132996
0.41200000000000003 1 0.3049739368947602 2 6732.305449485779
0.41000000000000003 0 0.2940788133385661 2 6904.936670541763
0.41000000000000003 1 0.30416675729494996 2 7027.942310333252
0.41400000000000003 0 0.28295197798875615 2 7764.318992853165
0.41400000000000003 1 0.2896715375798534 2 6928.517900466919
0.42000000000000004 0 0.2503600353725309 2 7503.185679197311
0.42000000000000004 1 0.2598413458516591 2 7272.6972670555115
0.41800000000000004 0 0.2569730350584128 2 7506.517330646515
0.41800000000000004 1 0.2726876652131187 2 7855.442039728165
0.41600000000000004 0 0.26407951849509 2 7941.542516231537
0.41600000000000004 1 0.2805953302961031 2 8213.40953874588
0.42200000000000004 0 0.24152228283419802 2 8232.107088565826
0.42200000000000004 1 0.25482070982758687 2 7307.883897066116
0.42400000000000004 0 0.24446765987293836 2 7650.49925661087
0.42400000000000004 1 0.2512356383383791 2 8028.505361557007
0.42600000000000005 0 0.2355777632753847 2 8189.873901844025
0.42600000000000005 1 0.24589311770867217 2 7831.134019613266
0.428 0 0.22977998477968045 2 8219.954716920853
0.428 1 0.23455466712598086 2 8615.495374679565
0.43 0 0.22706193035378677 2 7657.69389629364
0.43 1 0.22930512082822588 2 9707.331914663315
0.432 0 0.2347354507950489 2 7972.50551199913
0.432 1 0.22759363522289205 2 8531.378854036331
0.434 0 0.21472013130396433 2 7978.756040811539
0.434 1 0.22243611631675134 2 8671.693357944489
0.436 0 0.22168499156063176 2 8126.453313112259
0.436 1 0.2189090338745619 2 8653.512923002243
0.438 0 0.20483485213232544 2 7791.983063459396
0.438 1 0.20996531339293828 2 9238.42838191986
0.44 0 0.19700328194943936 2 8881.015691518784
0.44 1 0.19819584421215994 2 9628.534230709076
0.442 0 0.20104388515981217 2 8982.763169288635
0.442 1 0.19141108525739267 2 10363.65403676033
0.444 0 0.1975468143199642 2 10555.27583026886
0.444 1 0.18765081365076944 2 10955.773459911346
0.446 0 0.1763185974274848 2 10044.484743595123
0.446 1 0.175710660190718 2 11134.861872196198
0.452 0 0.173695768824941 2 9733.336540460587
0.452 1 0.17399195757270292 2 10492.886156082153
0.448 0 0.18875606189441888 2 9321.13769197464
0.448 1 0.1739924452132048 2 12629.877754926682
0.45 0 0.16870020574483158 2 11589.930178165436
0.45 1 0.17208107489102112 2 11305.089423656464
0.454 0 0.1506908389547578 2 11374.083183765411
0.454 1 0.1550947429183455 2 10707.255815505981
0.456 0 0.1595740121565187 2 10603.895138502121
0.456 1 0.1454402255175449 2 10839.864092350006
0.458 0 0.13416078427631278 2 13456.74764752388
0.458 1 0.14074437313920798 2 11108.396227121353
0.46 0 0.12593733102755003 2 13096.440144777298
0.46 1 0.13481505904885904 2 14222.201048374176
0.462 0 0.13746661021579562 2 13859.704689264297
0.462 1 0.12762591339470117 2 13987.134412765503
0.464 0 0.10819681541060581 2 13930.580521345139
0.464 1 0.10784957489261414 2 11998.97574710846
0.466 0 0.10944158842861545 2 12622.93293428421
0.466 1 0.1010811195968246 2 13371.833941459656
0.468 0 0.10413070315667866 2 13951.319455623627
0.468 1 0.09592905287865211 2 12250.606172800064
0.47000000000000003 0 0.09126833331115196 2 15572.052368879318
0.47000000000000003 1 0.09343940286413714 2 12104.591911792755
0.472 0 0.07859322933857249 2 14808.394986391068
0.472 1 0.06883039441824222 2 15807.642968893051
0.474 0 0.08570005190434547 2 15624.802437782288
0.474 1 0.07144474418346831 2 15588.600377082825
0.476 0 0.07160251630560795 2 15659.338970661163
0.476 1 0.05616601264121013 2 15717.976208925247
0.478 0 0.06780084343157582 2 15740.386382579803
0.478 1 0.05163728232876925 2 15766.794558525085
0.48 0 0.07773529311725182 2 14120.224779844284
0.48 1 0.08065414179146532 2 15685.044531583786
0.482 0 0.08901627017834583 2 15557.014737844467
0.482 1 0.07235156063103215 2 15530.216055631638
0.484 0 0.07017776500376958 2 15436.117383480072
0.484 1 0.05810192180000101 2 15677.964630126953
0.486 0 0.0032489866142458076 2 15484.55346250534
0.486 1 0.016651953250118794 2 15577.672111749649
0.488 0 0.06323014624381365 2 15760.132840156555
0.488 1 0.03904595893712082 2 15726.165048360825
0.49 0 0.024200670216598937 2 15599.813427209854
0.49 1 0.03172038874260948 2 15652.144614458084
0.492 0 0.06677819483381242 2 15800.89395070076
0.492 1 0.01122876406803957 2 15746.367187738419
0.494 0 0.02230406065588758 2 15818.705549240112
0.494 1 0.028156673992596224 2 15823.225793600082
0.496 0 0.03322667301732268 2 15599.890632390976
0.496 1 0.0038658866539288453 2 15619.121040344238
0.498 0 0.04090581064815947 2 15518.025906324387
0.498 1 0.018199462655933623 2 15508.455482721329
0.5 0 0.0358705094540192 2 15636.398123025894
0.5 1 0.015849302762747403 2 15670.370483875275
0.502 0 0.01839908931750022 2 15466.022544384003
0.502 1 0.026815033892374832 2 15472.765672445297
0.504 0 0.029143295199653977 2 15744.41380572319
0.504 1 0.006859749005574421 2 15673.254439592361
0.506 0 0.02941787164941735 2 15641.752456188202
0.506 1 0.019851443568398117 2 15596.239023447037
0.508 0 0.0037814968193460976 2 15720.594547510147
0.508 1 0.01877256065706798 2 15690.449148654938
0.51 0 0.0007905043408136581 2 15806.029205560684
0.51 1 0.0010772374680646864 2 15762.771973848343
0.512 0 -2.3659443489504115e-05 2 15587.01116657257
0.512 1 0.004399350708743775 2 15611.893091917038
0.514 0 0.0119019917296027 2 15487.8664727211
0.514 1 0.012302496818481851 2 15495.125231266022
0.516 0 0.010044316488070273 2 15630.912698745728
0.516 1 0.001917487524012898 2 15652.629287958145
0.518 0 0.00029616019935186364 2 15470.718141078949
0.518 1 0.008035358833043625 2 15477.012241840363
0.52 0 0.000407818663491978 2 15660.239073991776
0.52 1 0.0032749715484657158 2 15652.66217803955
0.522 0 0.0002961221937490003 2 15578.5230717659
0.522 1 0.01382499401955568 2 15610.701940059662
0.524 0 0.0017514661503718883 2 15666.407053470612
0.524 1 0.0010436284963853627 2 15660.730058193207
0.526 0 0.0023154859950133954 2 15765.94870877266
0.526 1 0.0007116814191165035 2 15778.891454458237
0.53 0 4.905660183151395e-05 2 13686.471496105194
0.53 1 0.0004079485758245578 2 13723.215147018433
0.534 0 0.0020339661391091516 2 12260.221819400787
0.534 1 -2.135039573260055e-05 2 12109.736240625381
0.532 0 -2.4870448027288517e-06 2 12952.980690002441
0.532 1 0.0070863728458913176 2 13207.79104065895
0.528 0 0.0005799222017876084 2 14933.177708387375
0.528 1 0.002871375473196357 2 15602.492850542068
0.536 0 0.0015478605588173453 2 11661.529912948608
0.536 1 0.0010772398806234013 2 11819.159593343735
0.538 0 0.00026451931434894575 2 11035.104062318802
0.538 1 -5.5278872141300785e-06 2 10997.523374795914
0.54 0 0.0012691883539052036 2 10484.983001232147
0.54 1 0.0004173134580706089 2 11031.145411968231
0.542 0 0.0014416196790814296 2 10151.072164297104
0.542 1 0.00012005238620555814 2 10098.929481983185
0.55 0 0.0014285822115534597 2 8881.856154441833
0.55 1 0.00042929311787047605 2 8510.512471914291
0.548 0 -2.2495689598790967e-05 2 8963.649464845657
0.548 1 2.2124611738345042e-05 2 8928.240458965302
0.544 0 -1.6031517822635305e-05 2 9504.740199804306
0.544 1 0.000591136455004137 2 9479.035695314407
0.546 0 0.00026068918943515087 2 9152.626663684845
0.546 1 0.001181713358504363 2 10876.520904064178
0.552 0 0.00018443833031344038 2 8198.354471683502
0.552 1 0.0001747447621216926 2 8201.664351940155
0.554 0 0.0005202745273563393 2 7891.924525022507
0.554 1 2.2896633516712738e-05 2 7895.504883527756
0.556 0 0.00016372599566102588 2 7666.109647512436
0.556 1 1.5455876998748535e-05 2 7809.992963314056
0.558 0 0.00013113712957843989 2 7437.66493678093
0.558 1 -1.6659901978144515e-05 2 7460.273630857468
0.5640000000000001 0 5.4982210601612704e-05 2 6675.689315795898
0.5640000000000001 1 0.000266454750515247 2 6836.244351387024
0.562 0 0.00023093531698029275 2 6988.149599075317
0.562 1 0.00036875182759075516 2 7020.400335788727
0.56 0 3.6128847862383746e-05 2 7187.091633081436
0.56 1 0.00044879530734801237 2 7238.661103010178
0.5660000000000001 0 -1.8118760183909905e-05 2 6716.673117399216
0.5660000000000001 1 0.000186077358584992 2 6535.946030139923
0.568 0 0.000329421338066866 2 6464.791209697723
0.568 1 0.0003293706191060195 2 6395.505350112915
0.57 0 4.1515298211566116e-05 2 6227.821692228317
0.57 1 7.080458335837474e-05 2 6208.3628623485565
0.574 0 0.0002028143724082253 2 5965.191869020462
0.574 1 0.000900704440190892 2 5957.233721971512
0.572 0 0.00029208531076147545 2 6139.356367349625
0.572 1 0.0008803651981394338 2 6151.661861419678
0.576 0 0.00010424509403117005 2 5828.1901161670685
0.576 1 3.52539748684853e-05 2 5756.072464466095
0.578 0 3.099011120661604e-05 2 5723.721260309219
0.578 1 -2.2200950565925914e-05 2 5669.794956922531
0.58 0 -2.4884718836853832e-06 2 5567.3981857299805
0.58 1 8.68766691292492e-05 2 5584.858668088913
0.582 0 -1.2886328777527926e-05 2 5454.108585357666
0.582 1 2.6854026102748273e-05 2 5410.278143405914
0.584 0 -2.076408236064975e-05 2 5339.355268478394
0.584 1 -2.2043079119894724e-05 2 5337.553134679794
0.586 0 0.00039622405110764343 2 5214.1046822071075
0.586 1 -7.884727722390426e-06 2 5204.773900747299
0.59 0 0.0006722822378616961 2 5102.46978354454
0.59 1 1.475078342100233e-05 2 5061.616142511368
0.588 0 4.243689290515844e-05 2 5177.791241407394
0.588 1 5.2993200903677814e-05 2 5152.2118265628815
0.598 0 -2.0965666381887723e-05 2 4680.433856964111
0.598 1 -2.3120259301634183e-05 2 4648.5576910972595
0.596 0 0.00024376319960632624 2 4716.142839193344
0.596 1 0.0003209173557395456 2 4714.615649461746
0.592 0 0.0001411868946923344 2 4893.298335075378
0.592 1 0.00011734687547724803 2 4890.63073849678
0.6 0 -1.4348087492551353e-05 2 4687.358779430389
0.6 1 0.00016686523299724252 2 4604.212965965271
0.594 0 -1.008094014082982e-05 2 4833.302426099777
0.594 1 0.0004390012554193829 2 4837.105366230011
