0.1 0 1.0 3 0.4162590503692627
0.1 1 1.0 3 0.06809425354003906
0.1 2 0.9698180786444058 3 0.060013532638549805
0.1 3 0.9698180786444058 3 0.06199765205383301
0.1 4 0.9698180786444058 3 0.06811237335205078
0.1 5 1.0 3 0.059996843338012695
0.1 6 1.0 3 0.06401491165161133
0.1 7 1.0 3 0.0641028881072998
0.1 8 1.0 3 0.05909371376037598
0.1 9 1.0 3 0.05806541442871094
0.1 10 0.9698180786444058 3 0.06601357460021973
0.1 11 1.0 3 0.060013771057128906
0.1 12 1.0 3 0.05608057975769043
0.1 13 1.0 3 0.059092044830322266
0.1 14 0.9698180786444058 3 0.08501768112182617
0.1 15 1.0 3 0.06701421737670898
0.1 16 1.0 3 0.05899405479431152
0.1 17 1.0 3 0.05799603462219238
0.1 18 1.0 3 0.06810379028320312
0.1 19 1.0 3 0.06901907920837402
0.1 20 1.0 3 0.0600125789642334
0.1 21 1.0 3 0.07001328468322754
0.1 22 0.9698180786444056 3 0.06813454627990723
0.1 23 1.0 3 0.061014652252197266
0.1 24 1.0 3 0.061012983322143555
0.1 25 1.0 3 0.05928325653076172
0.1 26 1.0 3 0.059012413024902344
0.1 27 1.0 3 0.06101369857788086
0.1 28 1.0 3 0.07501435279846191
0.1 29 0.9698180786444058 3 0.06299829483032227
0.1 30 1.0 3 0.059995174407958984
0.1 31 1.0 3 0.0670163631439209
0.1 32 0.9698180786444058 3 0.06011152267456055
0.1 33 0.9698180786444058 3 0.06402897834777832
0.1 34 0.9698180786444058 3 0.06201434135437012
0.1 35 1.0 3 0.06099343299865723
0.1 36 1.0 3 0.06201314926147461
0.1 37 1.0 3 0.06301140785217285
0.1 38 1.0 3 0.062168121337890625
0.1 39 1.0 3 0.07803702354431152
0.12000000000000001 0 0.9395685494548546 3 0.39108705520629883
0.12000000000000001 1 1.0 3 0.06801533699035645
0.12000000000000001 2 0.9698180786444058 3 0.06931543350219727
0.12000000000000001 3 1.0 3 0.06901669502258301
0.12000000000000001 4 0.9698180786444056 3 0.06801414489746094
0.12000000000000001 5 1.0 3 0.06803607940673828
0.12000000000000001 6 1.0 3 0.06409025192260742
0.12000000000000001 7 1.0 3 0.062013864517211914
0.12000000000000001 8 0.9698180786444058 3 0.0670173168182373
0.12000000000000001 9 1.0 3 0.05601143836975098
0.12000000000000001 10 1.0 3 0.06901383399963379
0.12000000000000001 11 1.0 3 0.06102800369262695
0.12000000000000001 12 0.9481472435309501 3 0.05909395217895508
0.12000000000000001 13 1.0 3 0.06203484535217285
0.12000000000000001 14 0.9096441448281128 3 0.07815909385681152
0.12000000000000001 15 0.9395685494548545 3 0.08500194549560547
0.12000000000000001 16 1.0 3 0.07002997398376465
0.12000000000000001 17 1.0 3 0.062094688415527344
0.12000000000000001 18 1.0 3 0.08313298225402832
0.12000000000000001 19 1.0 3 0.06811285018920898
0.12000000000000001 20 1.0 3 0.06201338768005371
0.12000000000000001 21 0.9698180786444058 3 0.06601405143737793
0.12000000000000001 22 1.0 3 0.06115579605102539
0.12000000000000001 23 1.0 3 0.06201481819152832
0.12000000000000001 24 1.0 3 0.06007575988769531
0.12000000000000001 25 1.0 3 0.060079336166381836
0.12000000000000001 26 1.0 3 0.0651094913482666
0.12000000000000001 27 1.0 3 0.06801104545593262
0.12000000000000001 28 1.0 3 0.0910196304321289
0.12000000000000001 29 0.9395685494548546 3 0.08302068710327148
0.12000000000000001 30 1.0 3 0.08501744270324707
0.12000000000000001 31 0.9698180786444058 3 0.07101869583129883
0.12000000000000001 32 1.0 3 0.06999683380126953
0.12000000000000001 33 1.0 3 0.06801486015319824
0.12000000000000001 34 1.0 3 0.05901026725769043
0.12000000000000001 35 0.9698180786444056 3 0.06509160995483398
0.12000000000000001 36 1.0 3 0.05701327323913574
0.12000000000000001 37 0.9698180786444058 3 0.06224966049194336
0.12000000000000001 38 0.9698180786444058 3 0.05901384353637695
0.12000000000000001 39 1.0 3 0.0727834701538086
0.16 0 0.9395685494548545 3 0.4411001205444336
0.16 1 0.939691364569332 3 0.07001304626464844
0.16 2 0.9396976072117612 3 0.069000244140625
0.16 3 0.9095771357791166 3 0.06401348114013672
0.16 4 0.9182207443266874 3 0.06110358238220215
0.16 5 0.9097025441299542 3 0.06205010414123535
0.16 6 0.9095771357791166 3 0.06110239028930664
0.16 7 0.88780655299547 3 0.06415438652038574
0.16 8 1.0 3 0.06101489067077637
0.16 9 0.8367563683262107 3 0.07099461555480957
0.16 10 0.9182207443266874 3 0.06199383735656738
0.16 11 0.9698180786444058 3 0.07101607322692871
0.16 12 0.9178255200762607 3 0.06114697456359863
0.16 13 0.8361837946627907 3 0.07602047920227051
0.16 14 1.0 3 0.060029029846191406
0.16 15 0.9180710484585654 3 0.07601642608642578
0.16 16 0.9397627632187417 3 0.08368921279907227
0.16 17 0.9698180786444056 3 0.0621793270111084
0.16 18 0.9698180786444058 3 0.12812399864196777
0.16 19 1.0 3 0.06201434135437012
0.16 20 0.9481472435309499 3 0.06901383399963379
0.16 21 0.9698180786444058 3 0.06101107597351074
0.16 22 0.9481472435309501 3 0.0670173168182373
0.16 23 0.9180710484585656 3 0.06111860275268555
0.16 24 0.9396976072117614 3 0.0592801570892334
0.16 25 0.9097025441299542 3 0.06001567840576172
0.16 26 0.9180710484585656 3 0.06601500511169434
0.16 27 0.9698180786444058 3 0.06299710273742676
0.16 28 0.9095014369580294 3 0.08399820327758789
0.16 29 0.9178255200762607 3 0.07101678848266602
0.16 30 0.9095771357791166 3 0.07401800155639648
0.16 31 1.0 3 0.06502962112426758
0.16 32 0.9396976072117614 3 0.08601856231689453
0.16 33 0.9097025441299544 3 0.06205582618713379
0.16 34 0.9698180786444058 3 0.06420445442199707
0.16 35 0.8664826585283358 3 0.07201409339904785
0.16 36 0.9396976072117612 3 0.05901384353637695
0.16 37 0.9698180786444058 3 0.0780179500579834
0.16 38 0.9698180786444058 3 0.06122303009033203
0.16 39 1.0 3 0.06801009178161621
0.14 0 0.9698180786444056 3 0.3900880813598633
0.14 1 1.0 3 0.0631403923034668
0.14 2 0.9698180786444058 3 0.08111143112182617
0.14 3 1.0 3 0.059014081954956055
0.14 4 0.9698180786444058 3 0.06299328804016113
0.14 5 1.0 3 0.06101512908935547
0.14 6 1.0 3 0.060015201568603516
0.14 7 0.9698180786444058 3 0.06200909614562988
0.14 8 0.9396976072117612 3 0.06532168388366699
0.14 9 0.939762763218742 3 0.0730135440826416
0.14 10 0.9180864076468654 3 0.05901479721069336
0.14 11 0.9481472435309501 3 0.07401728630065918
0.14 12 1.0 3 0.0650174617767334
0.14 13 1.0 3 0.06201434135437012
0.14 14 0.8964986045233115 3 0.0850222110748291
0.14 15 1.0 3 0.0760185718536377
0.14 16 0.9698180786444058 3 0.07301473617553711
0.14 17 1.0 3 0.05810236930847168
0.14 18 0.9698180786444056 3 0.06811356544494629
0.14 19 0.9698180786444056 3 0.06101369857788086
0.14 20 1.0 3 0.06209754943847656
0.14 21 0.9698180786444058 3 0.07001543045043945
0.14 22 1.0 3 0.06601548194885254
0.14 23 0.9698180786444058 3 0.06501245498657227
0.14 24 0.9698180786444058 3 0.060109853744506836
0.14 25 1.0 3 0.06201291084289551
0.14 26 0.9698180786444058 3 0.0620121955871582
0.14 27 0.9698180786444058 3 0.07001566886901855
0.14 28 1.0 3 0.05913043022155762
0.14 29 0.9698180786444058 3 0.06220579147338867
0.14 30 0.9698180786444056 3 0.09002041816711426
0.14 31 0.9698180786444058 3 0.09502291679382324
0.14 32 0.9481472435309501 3 0.06240963935852051
0.14 33 1.0 3 0.06001567840576172
0.14 34 1.0 3 0.06099390983581543
0.14 35 0.9396976072117614 3 0.07001471519470215
0.14 36 1.0 3 0.07701563835144043
0.14 37 1.0 3 0.05999183654785156
0.14 38 1.0 3 0.07401418685913086
0.14 39 0.9698180786444058 3 0.05812644958496094
0.18 0 0.9180890695101147 3 0.06320047378540039
0.18 1 0.8881486532355793 3 0.06999850273132324
0.18 2 1.0 3 0.06499934196472168
0.18 3 0.9095014369580294 3 0.06529021263122559
0.18 4 0.9396976072117612 3 0.06099271774291992
0.18 5 0.7888863722576083 3 0.06601595878601074
0.18 6 0.8992827204151167 3 0.06501364707946777
0.18 7 0.939762763218742 3 0.07001781463623047
0.18 8 0.8795820726973098 3 0.06801605224609375
0.18 9 0.8693072710344794 3 0.07910299301147461
0.18 10 0.8367563683262107 3 0.0642087459564209
0.18 11 0.9698180786444058 3 0.06201314926147461
0.18 12 0.9481472435309501 3 0.0591740608215332
0.18 13 0.8879393370309544 3 0.06299281120300293
0.18 14 0.9095014369580294 3 0.07501721382141113
0.18 15 0.8794429322929274 3 0.06030917167663574
0.18 16 0.9095771357791166 3 0.06401395797729492
0.18 17 0.939762763218742 3 0.07301497459411621
0.18 18 0.9481472435309499 3 0.06217360496520996
0.18 19 0.8879649277522775 3 0.06299948692321777
0.18 20 0.8992827204151167 3 0.07199478149414062
0.18 21 0.8796509270730725 3 0.06411218643188477
0.18 22 0.9395685494548545 3 0.07201409339904785
0.18 23 0.9095014369580294 3 0.06502246856689453
0.18 24 1.0 3 0.06099438667297363
0.18 25 0.9396913645693322 3 0.06799554824829102
0.18 26 0.9397627632187417 3 0.06101369857788086
0.18 27 0.8879649277522775 3 0.07701587677001953
0.18 28 0.9396976072117614 3 0.062014102935791016
0.18 29 0.887895176687838 3 0.06901192665100098
0.18 30 0.8998841615235603 3 0.06601381301879883
0.18 31 0.9396976072117614 3 0.06801581382751465
0.18 32 0.8796509270730724 3 0.07413887977600098
0.18 33 0.9180864076468657 3 0.0769965648651123
0.18 34 0.9396976072117614 3 0.06401252746582031
0.18 35 0.8965403813477075 3 0.07312202453613281
0.18 36 0.9180710484585656 3 0.06301450729370117
0.18 37 0.9481472435309499 3 0.05999255180358887
0.18 38 0.8879649277522772 3 0.07599687576293945
0.18 39 0.9698180786444058 3 0.06001543998718262
0.2 0 0.8484897099576642 3 0.06209921836853027
0.2 1 0.9698180786444058 3 0.06012749671936035
0.2 2 0.9095014369580294 3 0.07001686096191406
0.2 3 0.9095771357791166 3 0.06737756729125977
0.2 4 0.9095771357791166 3 0.062012434005737305
0.2 5 0.7854124637583785 3 0.08001947402954102
0.2 6 0.7884348886235769 3 0.06311726570129395
0.2 7 0.9178255200762607 3 0.06310248374938965
0.2 8 0.9698180786444058 3 0.06501293182373047
0.2 9 0.848730927195723 3 0.07501220703125
0.2 10 0.939691364569332 3 0.06629467010498047
0.2 11 0.9397627632187422 3 0.061998844146728516
0.2 12 0.7308561728514061 3 0.07301616668701172
0.2 13 0.8495870096155029 3 0.06301426887512207
0.2 14 0.9698180786444058 3 0.07201337814331055
0.2 15 0.8881002728940429 3 0.0892784595489502
0.2 16 0.9481472435309499 3 0.07199645042419434
0.2 17 0.8881002728940429 3 0.07201600074768066
0.2 18 0.7854124637583786 3 0.07701826095581055
0.2 19 0.9178255200762607 3 0.06801795959472656
0.2 20 0.9180864076468657 3 0.06499862670898438
0.2 21 0.8384071452059033 3 0.06711483001708984
0.2 22 0.888100272894043 3 0.06725883483886719
0.2 23 0.9396976072117612 3 0.060013532638549805
0.2 24 0.8445924335177339 3 0.07001471519470215
0.2 25 0.9180710484585656 3 0.07212376594543457
0.2 26 0.9698180786444058 3 0.06501364707946777
0.2 27 0.9698180786444058 3 0.06301617622375488
0.2 28 0.8482772993403178 3 0.059075117111206055
0.2 29 0.8142417682339723 3 0.06441187858581543
0.2 30 0.8182766974272668 3 0.07401728630065918
0.2 31 0.8367563683262107 3 0.06501603126525879
0.2 32 0.9095771357791166 3 0.06923294067382812
0.2 33 0.869951660940515 3 0.07001543045043945
0.2 34 1.0 3 0.0690155029296875
0.2 35 0.887895176687838 3 0.08858394622802734
0.2 36 0.939691364569332 3 0.06401515007019043
0.2 37 0.8984361033676299 3 0.06401562690734863
0.2 38 0.939691364569332 3 0.06401705741882324
0.2 39 0.8699296645192957 3 0.05901336669921875
0.22 0 0.7675207901305958 3 0.06006622314453125
0.22 1 0.7474463652925354 3 0.06399369239807129
0.22 2 0.7777291830631637 3 0.06201529502868652
0.22 3 0.788162126703688 3 0.07813024520874023
0.22 4 0.8445924335177339 3 0.059104204177856445
0.22 5 0.6953003022649463 3 0.0701134204864502
0.22 6 0.8363313484786118 3 0.07501602172851562
0.22 7 0.8064533829247529 3 0.07101082801818848
0.22 8 0.791530157016264 3 0.0670003890991211
0.22 9 0.8182766974272668 3 0.07104301452636719
0.22 10 0.7264785636603687 3 0.06499481201171875
0.22 11 0.9097025441299542 3 0.06715655326843262
0.22 12 0.8996851876237945 3 0.07401490211486816
0.22 13 0.7029559884474658 3 0.06301403045654297
0.22 14 0.8186226682749056 3 0.06910252571105957
0.22 15 0.7968370914637275 3 0.08301997184753418
0.22 16 0.8535112289560869 3 0.0661156177520752
0.22 17 0.8781232943838465 3 0.06201481819152832
0.22 18 0.7674465095222459 3 0.07399606704711914
0.22 19 0.8992827204151167 3 0.06801605224609375
0.22 20 0.7936207740909624 3 0.062099456787109375
0.22 21 0.8495870096155029 3 0.06300067901611328
0.22 22 0.7497344946764184 3 0.0690145492553711
0.22 23 0.8187534139403666 3 0.06152081489562988
0.22 24 0.817559172305132 3 0.06711483001708984
0.22 25 0.8579662096268922 3 0.06301307678222656
0.22 26 0.7936207740909624 3 0.06701350212097168
0.22 27 0.7675182560737566 3 0.06400084495544434
0.22 28 0.8232718834965496 3 0.06201171875
0.22 29 0.8534874841229594 3 0.06799626350402832
0.22 30 0.8781232943838465 3 0.07199716567993164
0.22 31 0.8182188819794797 3 0.06099653244018555
0.22 32 0.8483467040180486 3 0.06099200248718262
0.22 33 0.8580914366278151 3 0.06403350830078125
0.22 34 0.8181910160261455 3 0.06101274490356445
0.22 35 0.8367563683262108 3 0.07201743125915527
0.22 36 0.9698180786444058 3 0.06100106239318848
0.22 37 0.8476476138803177 3 0.06601476669311523
0.22 38 0.9481472435309501 3 0.06110382080078125
0.22 39 0.8384071452059034 3 0.06401562690734863
0.24000000000000002 0 0.7851884054168357 3 0.07201600074768066
0.24000000000000002 1 0.9296809890623567 3 0.06101346015930176
0.24000000000000002 2 0.7274666969862554 3 0.06901669502258301
0.24000000000000002 3 0.8098004937832086 3 0.06501364707946777
0.24000000000000002 4 0.5943047044184532 3 0.07001519203186035
0.24000000000000002 5 0.7814244729688604 3 0.06701874732971191
0.24000000000000002 6 0.7997248030658829 3 0.08001279830932617
0.24000000000000002 7 0.8479688255741176 3 0.058016061782836914
0.24000000000000002 8 0.7494065549866904 3 0.06401610374450684
0.24000000000000002 9 0.7001789577193525 3 0.07901787757873535
0.24000000000000002 10 0.7806507029288595 3 0.06301474571228027
0.24000000000000002 11 0.679059451732606 3 0.08101916313171387
0.24000000000000002 12 0.8400163410368962 3 0.06811952590942383
0.24000000000000002 13 0.888100272894043 3 0.09702420234680176
0.24000000000000002 14 0.8881486532355793 3 0.0782468318939209
0.24000000000000002 15 0.797447111435297 3 0.06101369857788086
0.24000000000000002 16 0.45161986589356745 2 0.07201743125915527
0.24000000000000002 17 0.7304485090262206 3 0.09502124786376953
0.24000000000000002 18 0.7114416628556597 3 0.09416079521179199
0.24000000000000002 19 0.7416564591492788 3 0.06801795959472656
0.24000000000000002 20 0.592137898056526 3 0.06209754943847656
0.24000000000000002 21 0.8067613052444039 3 0.06607651710510254
0.24000000000000002 22 0.7460606678865092 3 0.08824419975280762
0.24000000000000002 23 0.8065753555907903 3 0.07301688194274902
0.24000000000000002 24 0.8136265483861614 3 0.0630636215209961
0.24000000000000002 25 0.7641943679378143 3 0.06221652030944824
0.24000000000000002 26 0.6820585443316285 3 0.062000274658203125
0.24000000000000002 27 0.7414023574184866 3 0.08302092552185059
0.24000000000000002 28 0.7669523864841644 3 0.06799650192260742
0.24000000000000002 29 0.8174816222229154 3 0.06299352645874023
0.24000000000000002 30 0.8098004937832086 3 0.06501626968383789
0.24000000000000002 31 0.6432169988722939 3 0.06801605224609375
0.24000000000000002 32 0.7478185079467218 3 0.08301663398742676
0.24000000000000002 33 0.5614065383571449 4 0.07701635360717773
0.24000000000000002 34 0.595381857355142 3 0.07012724876403809
0.24000000000000002 35 0.8014726339371449 3 0.07108426094055176
0.24000000000000002 36 0.815279505441137 3 0.06299805641174316
0.24000000000000002 37 0.8998841615235603 3 0.06401515007019043
0.24000000000000002 38 0.7355512273344978 3 0.06999993324279785
0.24000000000000002 39 0.6769653666192124 3 0.06401276588439941
0.28 0 0.8184255241451728 3 0.06500959396362305
0.28 1 0.7064906818443376 3 0.06720471382141113
0.28 2 0.7031112243385302 3 0.06501317024230957
0.28 3 0.6837361037783309 3 0.0780174732208252
0.28 4 0.7460937257997957 3 0.06301307678222656
0.28 5 0.34458166532715595 2 0.05601215362548828
0.28 6 0.7312728549353852 3 0.06601381301879883
0.28 7 0.6379653657733534 3 0.0690157413482666
0.28 8 0.40459073415474833 2 0.0759439468383789
0.28 9 0.42701873045158456 2 0.07210683822631836
0.28 10 0.46008368250857296 4 0.09013247489929199
0.28 11 0.7847793681600954 3 0.06301379203796387
0.28 12 0.5999994031936127 3 0.07701897621154785
0.28 13 0.5950766650472412 3 0.07025671005249023
0.28 14 0.5959839856138768 3 0.09502840042114258
0.28 15 0.7229332344190518 3 0.06801056861877441
0.28 16 0.6094208342188531 3 0.07633161544799805
0.28 17 0.7495682757843551 3 0.06712198257446289
0.28 18 0.6682021423965286 3 0.0674905776977539
0.28 19 0.5810457819707276 4 0.0950016975402832
0.28 20 0.0 1 0.028007984161376953
0.28 21 0.6319581429017054 3 0.07201600074768066
0.28 22 0.31304077160333693 3 0.07899665832519531
0.28 23 0.6945497909512902 3 0.06999421119689941
0.28 24 0.4170071881011798 3 0.06901741027832031
0.28 25 0.737304832655972 3 0.07001543045043945
0.28 26 0.261486177048886 2 0.06001162528991699
0.28 27 0.6203223050302961 3 0.06602811813354492
0.28 28 0.3284943306817225 2 0.061008453369140625
0.28 29 0.4169775308876693 2 0.06401515007019043
0.28 30 0.8065753555907903 3 0.06101417541503906
0.28 31 0.6825453288274979 3 0.07409954071044922
0.28 32 0.4537027756956985 2 0.05501747131347656
0.28 33 0.6544902744033484 3 0.06212663650512695
0.28 34 0.6822373229459554 3 0.07201504707336426
0.28 35 0.41722674276312693 2 0.059009552001953125
0.28 36 0.46782061491861515 2 0.05710029602050781
0.28 37 0.5983914790627711 3 0.06999564170837402
0.28 38 0.3515495893906429 2 0.06701183319091797
0.28 39 0.4593040717992762 3 0.08013176918029785
0.26 0 0.7195395133039318 3 0.06501507759094238
0.26 1 0.5431318791134546 2 0.0611271858215332
0.26 2 0.5998818532160419 3 0.06807303428649902
0.26 3 0.8664826585283358 3 0.06099677085876465
0.26 4 0.7274666969862554 3 0.06199336051940918
0.26 5 0.7337312994458276 3 0.08012914657592773
0.26 6 0.9178255200762607 3 0.06301450729370117
0.26 7 0.828110146730429 3 0.06401515007019043
0.26 8 0.6577096959046598 3 0.06403779983520508
0.26 9 0.4942621325631766 2 0.05915975570678711
0.26 10 0.5441874443274912 3 0.06209087371826172
0.26 11 0.5331708714721692 2 0.057013511657714844
0.26 12 0.7884438439579775 3 0.08001375198364258
0.26 13 0.6530807300344523 3 0.07209253311157227
0.26 14 0.716457960274862 3 0.06319975852966309
0.26 15 0.5620698029535629 3 0.06401681900024414
0.26 16 0.6955926675719983 3 0.06912422180175781
0.26 17 0.6353852534872002 3 0.062013864517211914
0.26 18 0.8081321685107876 3 0.06603312492370605
0.26 19 0.7274735200407383 3 0.06599807739257812
0.26 20 0.5704393335238173 3 0.07201743125915527
0.26 21 0.7109592120941388 3 0.07101559638977051
0.26 22 0.2856957545761602 2 0.057126760482788086
0.26 23 0.6349333817262415 3 0.07314324378967285
0.26 24 0.686076143021683 3 0.06699466705322266
0.26 25 0.6820585443316285 3 0.06399369239807129
0.26 26 0.4499514426626476 4 0.07710933685302734
0.26 27 0.39138631035651567 2 0.06401324272155762
0.26 28 0.8579415207456653 3 0.06701207160949707
0.26 29 0.7555454220756201 3 0.06499886512756348
0.26 30 0.7455932030716174 3 0.06918621063232422
0.26 31 0.28779551437130335 2 0.060140371322631836
0.26 32 0.29582113250037784 2 0.06009817123413086
0.26 33 0.6622457349187928 3 0.06601572036743164
0.26 34 0.7666635585877202 3 0.06109499931335449
0.26 35 0.665279769980872 3 0.06501078605651855
0.26 36 0.591862259466867 3 0.07346868515014648
0.26 37 0.305834723552954 2 0.06201744079589844
0.26 38 0.46893899969872677 2 0.05801105499267578
0.26 39 0.4888318945137138 2 0.06202244758605957
0.30000000000000004 0 0.4013927844399504 2 0.0561213493347168
0.30000000000000004 1 0.2468535382030733 2 0.06099343299865723
0.30000000000000004 2 0.3124910398926059 2 0.060991525650024414
0.30000000000000004 3 0.0 1 0.027005672454833984
0.30000000000000004 4 0.3096224212893594 2 0.061014413833618164
0.30000000000000004 5 0.654760117263781 3 0.07501578330993652
0.30000000000000004 6 0.41524343349216813 2 0.07201576232910156
0.30000000000000004 7 0.44080049886841205 2 0.056992530822753906
0.30000000000000004 8 0.33298885884390256 2 0.0690164566040039
0.30000000000000004 9 0.23129146910776746 2 0.05399060249328613
0.30000000000000004 10 0.574916220267251 3 0.06699514389038086
0.30000000000000004 11 0.21759583217117176 2 0.06699991226196289
0.30000000000000004 12 0.6751376841583009 3 0.07201576232910156
0.30000000000000004 13 0.3284045757480893 2 0.058994293212890625
0.30000000000000004 14 0.5539996178157405 3 0.06801605224609375
0.30000000000000004 15 0.0 1 0.026125431060791016
0.30000000000000004 16 0.5541597346046627 3 0.06724977493286133
0.30000000000000004 17 0.44765820293010217 2 0.05827164649963379
0.30000000000000004 18 0.3113224410531173 2 0.05710434913635254
0.30000000000000004 19 0.4293298470792567 2 0.06307697296142578
0.30000000000000004 20 0.0 1 0.02600550651550293
0.30000000000000004 21 0.7491363881377024 3 0.0760185718536377
0.30000000000000004 22 0.4214231337423486 2 0.060013771057128906
0.30000000000000004 23 0.8023827447336648 3 0.06102943420410156
0.30000000000000004 24 0.29065172482944823 2 0.061014413833618164
0.30000000000000004 25 0.5978251636432653 2 0.05820298194885254
0.30000000000000004 26 0.6167091141670281 3 0.07011651992797852
0.30000000000000004 27 0.5431150424985062 4 0.07623887062072754
0.30000000000000004 28 0.4929479802588382 2 0.05901145935058594
0.30000000000000004 29 0.3523729671195784 2 0.06001543998718262
0.30000000000000004 30 0.3978626284749785 2 0.06648039817810059
0.30000000000000004 31 0.6619429243635897 3 0.06610941886901855
0.30000000000000004 32 0.6016490806657839 3 0.0763542652130127
0.30000000000000004 33 0.3700198414388494 2 0.059015750885009766
0.30000000000000004 34 0.6945670012310473 3 0.06399917602539062
0.30000000000000004 35 0.417986371859986 2 0.05999326705932617
0.30000000000000004 36 0.2940009001126283 2 0.06525373458862305
0.30000000000000004 37 0.2902067030891462 2 0.06299495697021484
0.30000000000000004 38 0.4307439362224154 2 0.06001400947570801
0.30000000000000004 39 0.2738303770592411 2 0.05901217460632324
0.32 0 0.285743510269218 2 0.06009268760681152
0.32 1 0.222686143457033 2 0.05799150466918945
0.32 2 0.340704729723581 2 0.0580141544342041
0.32 3 0.39865307292528196 2 0.05900907516479492
0.32 4 0.0 1 0.026098012924194336
0.32 5 0.40531753042145807 2 0.058097124099731445
0.32 6 0.685591872465612 3 0.06799840927124023
0.32 7 0.22341790288791719 2 0.06800127029418945
0.32 8 0.5955999270506099 3 0.0660860538482666
0.32 9 0.0 1 0.02500605583190918
0.32 10 0.3011072522571822 2 0.0690147876739502
0.32 11 0.3515495893906429 2 0.06801867485046387
0.32 12 0.3344021790950373 2 0.05701303482055664
0.32 13 0.0 1 0.026004314422607422
0.32 14 0.3365895245763668 3 0.07201457023620605
0.32 15 0.5747871329110295 3 0.06601619720458984
0.32 16 0.37892393040330097 2 0.054991722106933594
0.32 17 0.5503336721292446 2 0.059012651443481445
0.32 18 0.3973840898025381 2 0.06401228904724121
0.32 19 0.0 1 0.027025938034057617
0.32 20 0.36044801350625727 2 0.06199359893798828
0.32 21 0.0 1 0.03501296043395996
0.32 22 0.0 1 0.026346445083618164
0.32 23 0.40317541035593923 2 0.06812119483947754
0.32 24 0.29621930572302274 2 0.07301735877990723
0.32 25 0.36528362522406893 2 0.07701659202575684
0.32 26 0.49582144142335255 3 0.06899905204772949
0.32 27 0.36756441361261405 2 0.060013532638549805
0.32 28 0.28436435179142194 2 0.05911087989807129
0.32 29 0.25291077433585285 2 0.056137800216674805
0.32 30 0.44075207856302895 2 0.08601832389831543
0.32 31 0.3439032736225059 2 0.0640106201171875
0.32 32 0.31100517285978047 2 0.05599236488342285
0.32 33 0.3440724078955651 2 0.06516194343566895
0.32 34 0.3514570636888465 2 0.0580136775970459
0.32 35 0.0 1 0.038008689880371094
0.32 36 0.37514795463139083 2 0.058115482330322266
0.32 37 0.3878978208481363 2 0.05609464645385742
0.32 38 0.0 1 0.02600550651550293
0.32 39 0.37489394197076864 2 0.06801557540893555
0.36 0 0.0 1 0.03400874137878418
0.36 1 0.1472903268355364 3 0.07411956787109375
0.36 2 0.0 1 0.027005434036254883
0.36 3 0.3351488711792779 2 0.06301498413085938
0.36 4 0.22837471999961848 2 0.05799365043640137
0.36 5 0.2554562906217169 2 0.06501245498657227
0.36 6 0.0 1 0.027005672454833984
0.36 7 0.19736758994628717 2 0.05701398849487305
0.36 8 0.2955899390197544 2 0.061010122299194336
0.36 9 0.0 1 0.027005910873413086
0.36 10 0.0 1 0.02600574493408203
0.36 11 0.417986371859986 2 0.06401419639587402
0.36 12 0.3357186101727972 2 0.05501365661621094
0.36 13 0.31980543141930234 2 0.06113743782043457
0.36 14 0.23795526049065882 2 0.06111741065979004
0.36 15 0.0 1 0.027004241943359375
0.36 16 0.0 1 0.02600550651550293
0.36 17 0.0 1 0.02701115608215332
0.36 18 0.0 1 0.02700662612915039
0.36 19 0.3414151941227343 2 0.05501198768615723
0.36 20 0.2702655170872603 2 0.05901217460632324
0.36 21 0.2747353655240192 2 0.06101489067077637
0.36 22 0.0 1 0.0260007381439209
0.36 23 0.0 1 0.03500771522521973
0.36 24 0.3232599146211231 2 0.06403946876525879
0.36 25 0.0 1 0.02800607681274414
0.36 26 0.0 1 0.026118040084838867
0.36 27 0.0 1 0.027106523513793945
0.36 28 0.24165828755275992 2 0.054094791412353516
0.36 29 0.44802683687562944 2 0.06618022918701172
0.36 30 0.0 1 0.026005983352661133
0.36 31 0.0 1 0.028006315231323242
0.36 32 0.0 1 0.02700662612915039
0.36 33 0.0 1 0.02601027488708496
0.36 34 0.0 1 0.027026653289794922
0.36 35 0.2796398870763087 2 0.05901527404785156
0.36 36 0.27966112711244334 2 0.0640096664428711
0.36 37 0.25307183569464825 2 0.05902719497680664
0.36 38 0.0 1 0.027011632919311523
0.36 39 0.0 1 0.025005102157592773
0.33999999999999997 0 0.0 1 0.026024341583251953
0.33999999999999997 1 0.0 1 0.02798604965209961
0.33999999999999997 2 0.0 1 0.025986909866333008
0.33999999999999997 3 0.502372604431539 3 0.07601523399353027
0.33999999999999997 4 0.41269184605563414 2 0.05908012390136719
0.33999999999999997 5 0.0 1 0.029007911682128906
0.33999999999999997 6 0.44080833768947064 3 0.06917619705200195
0.33999999999999997 7 0.36592346433021283 2 0.05901312828063965
0.33999999999999997 8 0.2526015917568573 2 0.05901169776916504
0.33999999999999997 9 0.27957835736822695 2 0.0740194320678711
0.33999999999999997 10 0.0 1 0.027005910873413086
0.33999999999999997 11 0.0 1 0.031026601791381836
0.33999999999999997 12 0.16699615877682192 2 0.058012962341308594
0.33999999999999997 13 0.33566701359448875 2 0.06899762153625488
0.33999999999999997 14 0.5508055571619942 2 0.06400942802429199
0.33999999999999997 15 0.3313382959816384 2 0.05799508094787598
0.33999999999999997 16 0.0 1 0.027025461196899414
0.33999999999999997 17 0.4341904784990137 2 0.056027889251708984
0.33999999999999997 18 0.3703153710282669 2 0.05601382255554199
0.33999999999999997 19 0.0 1 0.02600574493408203
0.33999999999999997 20 0.0 1 0.026026248931884766
0.33999999999999997 21 0.0 1 0.03300762176513672
0.33999999999999997 22 0.3262476236754645 2 0.05808877944946289
0.33999999999999997 23 0.0 1 0.028006315231323242
0.33999999999999997 24 0.1784660785326692 2 0.061998844146728516
0.33999999999999997 25 0.0 1 0.02600407600402832
0.33999999999999997 26 0.2878072122507197 3 0.0690150260925293
0.33999999999999997 27 0.3145868994682938 2 0.06101179122924805
0.33999999999999997 28 0.2693946613126056 2 0.076019287109375
0.33999999999999997 29 0.38769735587741094 2 0.06301116943359375
0.33999999999999997 30 0.33206947882182974 2 0.06911945343017578
0.33999999999999997 31 0.0 1 0.026117563247680664
0.33999999999999997 32 0.2922521356710834 2 0.056096792221069336
0.33999999999999997 33 0.1505423534066176 2 0.06611299514770508
0.33999999999999997 34 0.0 1 0.028007030487060547
0.33999999999999997 35 0.45781677165771706 3 0.07010912895202637
0.33999999999999997 36 0.35217588523882704 2 0.05701470375061035
0.33999999999999997 37 0.0 1 0.028006315231323242
0.33999999999999997 38 0.0 1 0.025116920471191406
0.33999999999999997 39 0.0021895472866604944 2 0.0600132942199707
0.38 0 0.0 1 0.026143312454223633
0.38 1 0.2553260199364879 2 0.06501531600952148
0.38 2 0.0 1 0.029006481170654297
0.38 3 0.0 1 0.026025056838989258
0.38 4 0.3391973611545354 2 0.06623601913452148
0.38 5 0.2922521356710834 2 0.05699586868286133
0.38 6 0.15252302158974024 2 0.06709837913513184
0.38 7 0.0 1 0.02614903450012207
0.38 8 0.0 1 0.0320124626159668
0.38 9 -0.0032271832231637915 2 0.06799483299255371
0.38 10 0.0 1 0.027005672454833984
0.38 11 0.0 1 0.027008056640625
0.38 12 0.0 1 0.02700638771057129
0.38 13 0.0 1 0.026011228561401367
0.38 14 0.0 1 0.036087751388549805
0.38 15 0.3072613612189406 2 0.05807089805603027
0.38 16 0.0 1 0.026147127151489258
0.38 17 0.0 1 0.027130126953125
0.38 18 0.2108892557371955 2 0.05908942222595215
0.38 19 0.21540550221897775 2 0.057012319564819336
0.38 20 0.0 1 0.025005578994750977
0.38 21 0.3804145045882105 2 0.061014413833618164
0.38 22 0.0 1 0.02623438835144043
0.38 23 0.0 1 0.02600574493408203
0.38 24 0.0 1 0.026005983352661133
0.38 25 0.0 1 0.026004552841186523
0.38 26 0.0 1 0.043012142181396484
0.38 27 0.0 1 0.03400731086730957
0.38 28 0.0 1 0.02600550651550293
0.38 29 0.0 1 0.02600574493408203
0.38 30 0.0 1 0.03300666809082031
0.38 31 0.25261938164769077 2 0.061994075775146484
0.38 32 0.0 1 0.026005983352661133
0.38 33 0.0 1 0.034102678298950195
0.38 34 0.0 1 0.026005983352661133
0.38 35 0.0 1 0.02600574493408203
0.38 36 0.3961369445651176 2 0.06210589408874512
0.38 37 0.15315798880174653 2 0.05301046371459961
0.38 38 0.0 1 0.02698993682861328
0.38 39 0.0 1 0.02700638771057129
0.4 0 0.0 1 0.02700662612915039
0.4 1 0.0 1 0.027048349380493164
0.4 2 0.0 1 0.03500652313232422
0.4 3 0.0 1 0.0261385440826416
0.4 4 0.0 1 0.026020050048828125
0.4 5 0.0 1 0.030987024307250977
0.4 6 0.41750726882156697 2 0.06701278686523438
0.4 7 0.0 1 0.025005340576171875
0.4 8 0.0 1 0.027025461196899414
0.4 9 0.0 1 0.03200721740722656
0.4 10 0.0 1 0.02600550651550293
0.4 11 0.0 1 0.02600574493408203
0.4 12 0.0 1 0.025006771087646484
0.4 13 0.0 1 0.027006149291992188
0.4 14 0.0 1 0.026990175247192383
0.4 15 -0.004958441222106332 2 0.05899310111999512
0.4 16 0.17987688822325587 2 0.05701184272766113
0.4 17 0.0 1 0.027005672454833984
0.4 18 0.0 1 0.026006221771240234
0.4 19 0.0 1 0.02710700035095215
0.4 20 0.0 1 0.036006927490234375
0.4 21 0.0 1 0.026200056076049805
0.4 22 0.0 1 0.026126861572265625
0.4 23 0.0 1 0.027132034301757812
0.4 24 0.3701260951201919 2 0.06299972534179688
0.4 25 0.0 1 0.025005578994750977
0.4 26 0.0 1 0.028005599975585938
0.4 27 0.0 1 0.027024507522583008
0.4 28 0.0 1 0.026006460189819336
0.4 29 0.0 1 0.02600574493408203
0.4 30 0.0 1 0.027006149291992188
0.4 31 0.2183429874518995 2 0.06801390647888184
0.4 32 -0.0019885660688433366 2 0.058992624282836914
0.4 33 0.09736706936119478 2 0.07201433181762695
0.4 34 0.0 1 0.02602529525756836
0.4 35 0.0 1 0.026003360748291016
0.4 36 0.29994169817336075 2 0.0560908317565918
0.4 37 0.0 1 0.031005859375
0.4 38 0.0 1 0.025020599365234375
0.4 39 0.0 1 0.026001691818237305
0.42000000000000004 0 0.0 1 0.025989770889282227
0.42000000000000004 1 0.0 1 0.0290067195892334
0.42000000000000004 2 0.0 1 0.026005983352661133
0.42000000000000004 3 0.0 1 0.02701115608215332
0.42000000000000004 4 0.0 1 0.02602529525756836
0.42000000000000004 5 0.0 1 0.026005983352661133
0.42000000000000004 6 0.0 1 0.027005910873413086
0.42000000000000004 7 0.0 1 0.02800607681274414
0.42000000000000004 8 0.0 1 0.02800607681274414
0.42000000000000004 9 0.0 1 0.025005578994750977
0.42000000000000004 10 0.0 1 0.02800607681274414
0.42000000000000004 11 0.0 1 0.029001474380493164
0.42000000000000004 12 0.0 1 0.035125732421875
0.42000000000000004 13 0.0 1 0.03300738334655762
0.42000000000000004 14 0.0 1 0.030008792877197266
0.42000000000000004 15 0.0 1 0.028006315231323242
0.42000000000000004 16 0.0 1 0.02602362632751465
0.42000000000000004 17 0.1748248557462949 2 0.05602455139160156
0.42000000000000004 18 -0.006804341853739653 2 0.060999155044555664
0.42000000000000004 19 0.0 1 0.028007984161376953
0.42000000000000004 20 0.1541435029966553 2 0.0659933090209961
0.42000000000000004 21 0.0 1 0.027007579803466797
0.42000000000000004 22 0.15101480405402468 2 0.06514310836791992
0.42000000000000004 23 0.0 1 0.02900409698486328
0.42000000000000004 24 0.0 1 0.026005983352661133
0.42000000000000004 25 0.0 1 0.026004314422607422
0.42000000000000004 26 0.0 1 0.02800607681274414
0.42000000000000004 27 0.0 1 0.027156829833984375
0.42000000000000004 28 0.2258834595019548 2 0.0600132942199707
0.42000000000000004 29 0.2408107844273096 2 0.05636405944824219
0.42000000000000004 30 0.0 1 0.025025129318237305
0.42000000000000004 31 0.0 1 0.02700066566467285
0.42000000000000004 32 0.0 1 0.026005983352661133
0.42000000000000004 33 0.0 1 0.032073259353637695
0.42000000000000004 34 0.0 1 0.028006315231323242
0.42000000000000004 35 0.0 1 0.026986360549926758
0.42000000000000004 36 0.0 1 0.027004718780517578
0.42000000000000004 37 0.0 1 0.027006149291992188
0.42000000000000004 38 0.0 1 0.042009592056274414
0.42000000000000004 39 0.0 1 0.029545307159423828
0.44000000000000006 0 0.0 1 0.026005983352661133
0.44000000000000006 1 0.0 1 0.028006553649902344
0.44000000000000006 2 0.0 1 0.026990890502929688
0.44000000000000006 3 0.0 1 0.025007009506225586
0.44000000000000006 4 0.0 1 0.03401017189025879
0.44000000000000006 5 0.10210536773659011 2 0.06501650810241699
0.44000000000000006 6 0.0 1 0.026987791061401367
0.44000000000000006 7 0.0 1 0.025005578994750977
0.44000000000000006 8 0.0 1 0.02800893783569336
0.44000000000000006 9 0.0 1 0.02800607681274414
0.44000000000000006 10 0.10519888452713798 2 0.0690162181854248
0.44000000000000006 11 0.0 1 0.026006698608398438
0.44000000000000006 12 0.0 1 0.028027772903442383
0.44000000000000006 13 0.0 1 0.03200960159301758
0.44000000000000006 14 0.0 1 0.025004863739013672
0.44000000000000006 15 0.0 1 0.026004552841186523
0.44000000000000006 16 0.0 1 0.026026010513305664
0.44000000000000006 17 0.0 1 0.025005102157592773
0.44000000000000006 18 0.0 1 0.027165651321411133
0.44000000000000006 19 0.0 1 0.02698516845703125
0.44000000000000006 20 0.0 1 0.027005910873413086
0.44000000000000006 21 0.0 1 0.028148412704467773
0.44000000000000006 22 0.0 1 0.035173654556274414
0.44000000000000006 23 0.0 1 0.029006481170654297
0.44000000000000006 24 0.0 1 0.032004356384277344
0.44000000000000006 25 0.0 1 0.04001021385192871
0.44000000000000006 26 0.17022111764201858 2 0.0670168399810791
0.44000000000000006 27 0.0 1 0.026010513305664062
0.44000000000000006 28 0.0 1 0.026109695434570312
0.44000000000000006 29 0.0 1 0.027006864547729492
0.44000000000000006 30 0.0 1 0.030005455017089844
0.44000000000000006 31 0.0 1 0.028006792068481445
0.44000000000000006 32 0.0 1 0.027991294860839844
0.44000000000000006 33 0.0 1 0.02702617645263672
0.44000000000000006 34 0.0 1 0.026005983352661133
0.44000000000000006 35 0.0 1 0.025985002517700195
0.44000000000000006 36 0.1899733565711987 2 0.0650780200958252
0.44000000000000006 37 0.0 1 0.027025222778320312
0.44000000000000006 38 0.0 1 0.03800845146179199
0.44000000000000006 39 0.0 1 0.02602243423461914
0.45999999999999996 0 -0.0025903220713461832 2 0.058220624923706055
0.45999999999999996 1 0.0 1 0.026010990142822266
0.45999999999999996 2 0.0 1 0.026024580001831055
0.45999999999999996 3 0.0 1 0.026319265365600586
0.45999999999999996 4 0.0 1 0.02721714973449707
0.45999999999999996 5 0.0 1 0.029001474380493164
0.45999999999999996 6 0.0 1 0.025147199630737305
0.45999999999999996 7 0.0 1 0.037008047103881836
0.45999999999999996 8 0.0 1 0.025005578994750977
0.45999999999999996 9 0.0 1 0.025985240936279297
0.45999999999999996 10 0.0 1 0.02702498435974121
0.45999999999999996 11 0.0 1 0.03700613975524902
0.45999999999999996 12 0.0 1 0.027026891708374023
0.45999999999999996 13 0.0 1 0.02600550651550293
0.45999999999999996 14 0.0 1 0.028006315231323242
0.45999999999999996 15 0.0 1 0.027006149291992188
0.45999999999999996 16 0.0 1 0.028005123138427734
0.45999999999999996 17 0.0 1 0.02600550651550293
0.45999999999999996 18 0.0 1 0.02800607681274414
0.45999999999999996 19 0.0 1 0.027007579803466797
0.45999999999999996 20 0.0 1 0.026026248931884766
0.45999999999999996 21 0.0 1 0.027024030685424805
0.45999999999999996 22 0.0 1 0.033006906509399414
0.45999999999999996 23 0.0 1 0.031006574630737305
0.45999999999999996 24 0.0 1 0.030007123947143555
0.45999999999999996 25 0.0 1 0.026005983352661133
0.45999999999999996 26 0.0 1 0.02602672576904297
0.45999999999999996 27 0.0 1 0.026004791259765625
0.45999999999999996 28 0.0 1 0.027005910873413086
0.45999999999999996 29 0.0 1 0.02600574493408203
0.45999999999999996 30 0.0 1 0.026011228561401367
0.45999999999999996 31 0.0 1 0.024985551834106445
0.45999999999999996 32 0.0 1 0.026005983352661133
0.45999999999999996 33 0.0 1 0.02601003646850586
0.45999999999999996 34 0.0 1 0.027985811233520508
0.45999999999999996 35 0.0 1 0.029022216796875
0.45999999999999996 36 0.0 1 0.027008056640625
0.45999999999999996 37 0.0 1 0.031006574630737305
0.45999999999999996 38 0.0 1 0.026018381118774414
0.45999999999999996 39 0.0 1 0.02600574493408203
0.48 0 0.0 1 0.02600550651550293
0.48 1 0.0 1 0.02600574493408203
0.48 2 0.0 1 0.028008699417114258
0.48 3 0.0 1 0.026017189025878906
0.48 4 0.0 1 0.026996850967407227
0.48 5 0.0 1 0.025005578994750977
0.48 6 0.0 1 0.02800607681274414
0.48 7 -0.004384913739391068 2 0.061012983322143555
0.48 8 0.0 1 0.02602553367614746
0.48 9 0.12728356764324936 2 0.0780181884765625
0.48 10 0.0 1 0.027006149291992188
0.48 11 0.0 1 0.027000904083251953
0.48 12 0.0 1 0.026001930236816406
0.48 13 0.0 1 0.02500319480895996
0.48 14 0.0 1 0.028006553649902344
0.48 15 0.0 1 0.025115966796875
0.48 16 0.0 1 0.029026031494140625
0.48 17 0.0 1 0.028006315231323242
0.48 18 0.0 1 0.028005123138427734
0.48 19 0.0 1 0.0260009765625
0.48 20 0.0 1 0.02619028091430664
0.48 21 0.0 1 0.02600717544555664
0.48 22 0.0 1 0.026107072830200195
0.48 23 0.0 1 0.025026798248291016
0.48 24 0.0 1 0.027006864547729492
0.48 25 0.0 1 0.026006221771240234
0.48 26 0.0 1 0.02602410316467285
0.48 27 0.0 1 0.028122425079345703
0.48 28 0.0 1 0.028005123138427734
0.48 29 0.0 1 0.025005578994750977
0.48 30 0.0 1 0.027006864547729492
0.48 31 0.0 1 0.026107311248779297
0.48 32 0.0 1 0.026007413864135742
0.48 33 0.0 1 0.0290071964263916
0.48 34 0.0 1 0.027005672454833984
0.48 35 0.0 1 0.026004791259765625
0.48 36 0.0 1 0.031006336212158203
0.48 37 0.0 1 0.028005361557006836
0.48 38 0.0 1 0.030007123947143555
0.48 39 0.0 1 0.02700638771057129
0.5 0 0.0 1 0.026005029678344727
0.5 1 0.0 1 0.025004148483276367
0.5 2 0.005200888349703964 2 0.06308603286743164
0.5 3 0.0 1 0.027005672454833984
0.5 4 0.0 1 0.026005983352661133
0.5 5 0.0 1 0.02702045440673828
0.5 6 0.0 1 0.027025938034057617
0.5 7 0.0 1 0.025986433029174805
0.5 8 0.0 1 0.02600693702697754
0.5 9 0.0 1 0.03300762176513672
0.5 10 0.0 1 0.02701115608215332
0.5 11 0.0 1 0.027001142501831055
0.5 12 0.0 1 0.02700519561767578
0.5 13 0.0 1 0.02509760856628418
0.5 14 0.0 1 0.031006813049316406
0.5 15 0.0 1 0.03336334228515625
0.5 16 0.0 1 0.027006149291992188
0.5 17 0.0 1 0.025010347366333008
0.5 18 0.0 1 0.03615999221801758
0.5 19 0.0 1 0.03600502014160156
0.5 20 0.0 1 0.027007579803466797
0.5 21 0.0 1 0.028006553649902344
0.5 22 0.0 1 0.02600550651550293
0.5 23 0.0 1 0.03000617027282715
0.5 24 0.0 1 0.026006221771240234
0.5 25 0.0 1 0.031049728393554688
0.5 26 0.0 1 0.026009798049926758
0.5 27 0.0 1 0.02700638771057129
0.5 28 0.0 1 0.027091264724731445
0.5 29 0.0 1 0.02700638771057129
0.5 30 0.0 1 0.028006315231323242
0.5 31 0.0 1 0.03400611877441406
0.5 32 0.0 1 0.03201031684875488
0.5 33 0.0 1 0.034005165100097656
0.5 34 0.0 1 0.02700519561767578
0.5 35 0.0 1 0.04300379753112793
0.5 36 -0.006206919240958317 2 0.060993194580078125
0.5 37 0.0 1 0.028006553649902344
0.5 38 0.0 1 0.02700352668762207
0.5 39 0.0 1 0.027005910873413086
0.52 0 0.0 1 0.028068065643310547
0.52 1 0.0 1 0.027006149291992188
0.52 2 0.0 1 0.02600693702697754
0.52 3 0.0 1 0.026000499725341797
0.52 4 0.0 1 0.027004480361938477
0.52 5 0.0 1 0.026002883911132812
0.52 6 0.0 1 0.02702617645263672
0.52 7 0.0 1 0.0260009765625
0.52 8 0.0 1 0.03513646125793457
0.52 9 0.0 1 0.028006315231323242
0.52 10 0.0 1 0.02801227569580078
0.52 11 0.0 1 0.03800821304321289
0.52 12 0.0 1 0.026201248168945312
0.52 13 0.0 1 0.025005817413330078
0.52 14 0.0 1 0.02600574493408203
0.52 15 0.0 1 0.027005910873413086
0.52 16 0.0 1 0.02702498435974121
0.52 17 0.0 1 0.032007694244384766
0.52 18 0.0 1 0.029011964797973633
0.52 19 0.0 1 0.02702641487121582
0.52 20 0.0 1 0.02800750732421875
0.52 21 0.0 1 0.028005123138427734
0.52 22 0.0 1 0.02600574493408203
0.52 23 0.0 1 0.026005983352661133
0.52 24 0.0 1 0.027005910873413086
0.52 25 0.0 1 0.02700638771057129
0.52 26 0.0 1 0.030007600784301758
0.52 27 0.0 1 0.027005434036254883
0.52 28 0.0 1 0.027026653289794922
0.52 29 0.0 1 0.02501082420349121
0.52 30 0.0 1 0.02700495719909668
0.52 31 0.0 1 0.026005983352661133
0.52 32 0.0 1 0.028005123138427734
0.52 33 0.0 1 0.0270082950592041
0.52 34 0.0 1 0.027005434036254883
0.52 35 -0.001957358963060834 2 0.07211971282958984
0.52 36 0.0 1 0.026010751724243164
0.52 37 0.0 1 0.027006864547729492
0.52 38 0.0 1 0.03000617027282715
0.52 39 0.0 1 0.033025503158569336
0.54 0 0.0 1 0.027005672454833984
0.54 1 0.0 1 0.02711796760559082
0.54 2 0.0 1 0.02618694305419922
0.54 3 0.0 1 0.02500605583190918
0.54 4 0.0 1 0.026991605758666992
0.54 5 0.0 1 0.026005268096923828
0.54 6 0.0 1 0.027015209197998047
0.54 7 0.0 1 0.033007144927978516
0.54 8 0.0 1 0.026005983352661133
0.54 9 0.0 1 0.026005983352661133
0.54 10 0.0 1 0.027006864547729492
0.54 11 0.0 1 0.02600574493408203
0.54 12 0.0 1 0.027000904083251953
0.54 13 0.0 1 0.025994539260864258
0.54 14 0.0 1 0.02700638771057129
0.54 15 0.0 1 0.026005983352661133
0.54 16 0.0 1 0.026005983352661133
0.54 17 0.0 1 0.026140928268432617
0.54 18 0.0 1 0.02700638771057129
0.54 19 0.0 1 0.031004667282104492
0.54 20 0.0 1 0.027398109436035156
0.54 21 0.0 1 0.027006149291992188
0.54 22 0.0 1 0.02600383758544922
0.54 23 0.0 1 0.027005910873413086
0.54 24 0.0 1 0.0260009765625
0.54 25 0.0 1 0.04300951957702637
0.54 26 0.0 1 0.028026103973388672
0.54 27 0.0 1 0.029006242752075195
0.54 28 0.0 1 0.029024362564086914
0.54 29 0.0 1 0.027005672454833984
0.54 30 0.0 1 0.02600240707397461
0.54 31 0.0 1 0.03100752830505371
0.54 32 0.0 1 0.029990196228027344
0.54 33 0.0 1 0.027005434036254883
0.54 34 0.0 1 0.027250289916992188
0.54 35 0.0 1 0.028011083602905273
0.54 36 0.0 1 0.028005123138427734
0.54 37 0.0 1 0.02600550651550293
0.54 38 0.0 1 0.028003454208374023
0.54 39 0.0 1 0.027005910873413086
0.56 0 0.0 1 0.027004241943359375
0.56 1 0.0 1 0.026005029678344727
0.56 2 0.0 1 0.02500605583190918
0.56 3 0.0 1 0.027004003524780273
0.56 4 0.0 1 0.028019189834594727
0.56 5 0.0 1 0.027019262313842773
0.56 6 0.0 1 0.027026653289794922
0.56 7 0.0 1 0.029003620147705078
0.56 8 0.0 1 0.026002883911132812
0.56 9 0.0 1 0.032006263732910156
0.56 10 0.0 1 0.029005765914916992
0.56 11 0.0 1 0.02600574493408203
0.56 12 0.0 1 0.027103900909423828
0.56 13 0.0 1 0.02600550651550293
0.56 14 0.0 1 0.027027368545532227
0.56 15 0.0 1 0.026006698608398438
0.56 16 0.0 1 0.026005983352661133
0.56 17 0.0 1 0.02698540687561035
0.56 18 0.0 1 0.02601456642150879
0.56 19 0.0 1 0.025119304656982422
0.56 20 0.0 1 0.029986143112182617
0.56 21 -0.00439449213593274 2 0.06501126289367676
0.56 22 0.0 1 0.031009435653686523
0.56 23 0.0 1 0.027005910873413086
0.56 24 0.0 1 0.03800773620605469
0.56 25 0.0 1 0.026004552841186523
0.56 26 0.0 1 0.0290067195892334
0.56 27 0.0 1 0.026004791259765625
0.56 28 0.0 1 0.028006792068481445
0.56 29 0.0 1 0.026004314422607422
0.56 30 0.0 1 0.0330042839050293
0.56 31 0.0 1 0.03200840950012207
0.56 32 0.0 1 0.03700828552246094
0.56 33 0.0 1 0.02800607681274414
0.56 34 0.0 1 0.02600550651550293
0.56 35 0.0 1 0.027007579803466797
0.56 36 0.0 1 0.03500652313232422
0.56 37 0.0 1 0.032007455825805664
0.56 38 0.0 1 0.03800678253173828
0.56 39 0.0 1 0.028001070022583008
0.58 0 0.0 1 0.029987573623657227
0.58 1 0.0 1 0.029099464416503906
0.58 2 -0.003793496721247831 2 0.06701540946960449
0.58 3 0.0 1 0.02799201011657715
0.58 4 0.0 1 0.02700209617614746
0.58 5 0.0 1 0.026006460189819336
0.58 6 0.0 1 0.02702164649963379
0.58 7 0.0 1 0.029986858367919922
0.58 8 0.0 1 0.032012224197387695
0.58 9 0.0 1 0.027145862579345703
0.58 10 0.0 1 0.028006315231323242
0.58 11 0.0 1 0.027025938034057617
0.58 12 0.0 1 0.026004552841186523
0.58 13 0.0 1 0.027008533477783203
0.58 14 0.0 1 0.027012109756469727
0.58 15 0.0 1 0.0260007381439209
0.58 16 0.0 1 0.033007144927978516
0.58 17 0.0 1 0.027985811233520508
0.58 18 0.0 1 0.031007051467895508
0.58 19 0.0 1 0.0290067195892334
0.58 20 0.0 1 0.028001070022583008
0.58 21 0.0 1 0.027006864547729492
0.58 22 -0.00017492436781251826 2 0.0681297779083252
0.58 23 0.0 1 0.028001070022583008
0.58 24 0.0 1 0.030005693435668945
0.58 25 0.0 1 0.03200793266296387
0.58 26 0.0 1 0.028112411499023438
0.58 27 0.0 1 0.027006149291992188
0.58 28 0.0 1 0.027168989181518555
0.58 29 0.0 1 0.028003931045532227
0.58 30 0.0 1 0.026000022888183594
0.58 31 0.0 1 0.02700638771057129
0.58 32 0.0 1 0.034987449645996094
0.58 33 0.0 1 0.026006460189819336
0.58 34 0.0 1 0.03500771522521973
0.58 35 0.0 1 0.029993057250976562
0.58 36 0.0 1 0.041008949279785156
0.58 37 0.0 1 0.02799057960510254
0.58 38 0.0 1 0.02800583839416504
0.58 39 0.0 1 0.02700495719909668
0.6 0 0.0 1 0.02600550651550293
0.6 1 0.0 1 0.029003381729125977
0.6 2 0.0 1 0.030005455017089844
0.6 3 0.0 1 0.02700495719909668
0.6 4 -0.005802757554017699 2 0.06838726997375488
0.6 5 0.0 1 0.028005123138427734
0.6 6 0.0 1 0.02812504768371582
0.6 7 0.0 1 0.030004262924194336
0.6 8 0.0 1 0.02800297737121582
0.6 9 0.0 1 0.027006864547729492
0.6 10 0.0 1 0.026005029678344727
0.6 11 0.0 1 0.0260922908782959
0.6 12 0.0 1 0.0290067195892334
0.6 13 0.0 1 0.026993274688720703
0.6 14 0.0 1 0.031006574630737305
0.6 15 0.0 1 0.030122995376586914
0.6 16 0.0 1 0.029987573623657227
0.6 17 0.0 1 0.026987791061401367
0.6 18 0.0 1 0.0260009765625
0.6 19 -0.004994221405194772 2 0.06401610374450684
0.6 20 0.0 1 0.027005672454833984
0.6 21 0.0 1 0.03900933265686035
0.6 22 0.0 1 0.031005144119262695
0.6 23 0.0 1 0.03900551795959473
0.6 24 0.0 1 0.03500628471374512
0.6 25 0.0 1 0.028003931045532227
0.6 26 0.0 1 0.027019500732421875
0.6 27 0.0 1 0.02602386474609375
0.6 28 0.0 1 0.027988433837890625
0.6 29 0.0 1 0.031009197235107422
0.6 30 0.0 1 0.030005455017089844
0.6 31 0.0 1 0.02698993682861328
0.6 32 0.0 1 0.03002786636352539
0.6 33 0.0 1 0.029006004333496094
0.6 34 0.0 1 0.027006149291992188
0.6 35 0.0 1 0.03212618827819824
0.6 36 0.0 1 0.045243263244628906
0.6 37 0.0 1 0.02700638771057129
0.6 38 0.0 1 0.028005123138427734
0.6 39 0.0 1 0.025000572204589844
0.62 0 0.0 1 0.03900909423828125
0.62 1 0.0 1 0.04301190376281738
0.62 2 0.0 1 0.03500652313232422
0.62 3 0.0 1 0.025005578994750977
0.62 4 0.0 1 0.02800583839416504
0.62 5 0.0 1 0.03400897979736328
0.62 6 0.0 1 0.027131319046020508
0.62 7 0.0 1 0.033006906509399414
0.62 8 0.0 1 0.026005983352661133
0.62 9 0.0 1 0.03298830986022949
0.62 10 0.0 1 0.026135683059692383
0.62 11 0.0 1 0.0260009765625
0.62 12 0.0 1 0.029006004333496094
0.62 13 0.0 1 0.026004791259765625
0.62 14 0.0 1 0.03300595283508301
0.62 15 -0.0012406992564033493 2 0.07710862159729004
0.62 16 0.0 1 0.03901267051696777
0.62 17 0.0 1 0.025003671646118164
0.62 18 0.0 1 0.03400611877441406
0.62 19 0.0 1 0.028006553649902344
0.62 20 0.0 1 0.02600574493408203
0.62 21 0.0 1 0.025008440017700195
0.62 22 0.0 1 0.027005910873413086
0.62 23 0.0 1 0.026006221771240234
0.62 24 0.0 1 0.026005983352661133
0.62 25 0.0 1 0.026005268096923828
0.62 26 0.0 1 0.02700352668762207
0.62 27 0.0 1 0.025000810623168945
0.62 28 0.0 1 0.027991771697998047
0.62 29 0.0 1 0.031005144119262695
0.62 30 0.0 1 0.025991201400756836
0.62 31 0.0 1 0.027006149291992188
0.62 32 0.0 1 0.028003692626953125
0.62 33 0.0 1 0.026991844177246094
0.62 34 0.0 1 0.02600693702697754
0.62 35 0.0 1 0.03600740432739258
0.62 36 0.0 1 0.026986360549926758
0.62 37 0.0 1 0.026004791259765625
0.62 38 0.0 1 0.028007984161376953
0.62 39 0.0 1 0.027006149291992188
0.64 0 0.0 1 0.025005578994750977
0.64 1 0.0 1 0.031007051467895508
0.64 2 0.0 1 0.03724336624145508
0.64 3 -0.004995315733461565 2 0.07800722122192383
0.64 4 0.0 1 0.04601120948791504
0.64 5 0.0 1 0.0269927978515625
0.64 6 0.0 1 0.029006481170654297
0.64 7 0.0 1 0.02600574493408203
0.64 8 0.0 1 0.028086423873901367
0.64 9 0.0 1 0.024991273880004883
0.64 10 0.0 1 0.02800726890563965
0.64 11 0.0 1 0.027006149291992188
0.64 12 0.0 1 0.02700519561767578
0.64 13 0.0 1 0.029131412506103516
0.64 14 0.0 1 0.026004791259765625
0.64 15 0.0 1 0.027020931243896484
0.64 16 0.0 1 0.025985002517700195
0.64 17 0.0 1 0.02600717544555664
0.64 18 0.0 1 0.030115127563476562
0.64 19 0.0 1 0.032007455825805664
0.64 20 0.0 1 0.028006792068481445
0.64 21 0.0 1 0.02700662612915039
0.64 22 0.0 1 0.03800821304321289
0.64 23 0.0 1 0.02702617645263672
0.64 24 0.0 1 0.030006885528564453
0.64 25 0.0 1 0.026005983352661133
0.64 26 0.0 1 0.027005434036254883
0.64 27 0.0 1 0.02600550651550293
0.64 28 0.0 1 0.027004718780517578
0.64 29 0.0 1 0.025987625122070312
0.64 30 0.0 1 0.03300666809082031
0.64 31 0.0 1 0.03500628471374512
0.64 32 0.0 1 0.028005361557006836
0.64 33 0.0 1 0.031010150909423828
0.64 34 0.0 1 0.03400683403015137
0.64 35 0.0 1 0.026010751724243164
0.64 36 0.0 1 0.028006315231323242
0.64 37 0.0 1 0.026005983352661133
0.64 38 0.0 1 0.02800607681274414
0.64 39 0.0 1 0.02600693702697754
0.66 0 0.0 1 0.026010751724243164
0.66 1 0.0 1 0.02700638771057129
0.66 2 0.0 1 0.035008907318115234
0.66 3 0.0 1 0.025007009506225586
0.66 4 0.0 1 0.02600550651550293
0.66 5 0.0 1 0.026005983352661133
0.66 6 0.0 1 0.028006553649902344
0.66 7 0.0 1 0.030006885528564453
0.66 8 -0.0035920806312998094 2 0.06220197677612305
0.66 9 0.0 1 0.027350425720214844
0.66 10 0.0 1 0.028006553649902344
0.66 11 0.0 1 0.037003517150878906
0.66 12 0.0 1 0.02802753448486328
0.66 13 0.0 1 0.027011394500732422
0.66 14 0.0 1 0.029005765914916992
0.66 15 0.0 1 0.027002573013305664
0.66 16 0.0 1 0.026986360549926758
0.66 17 0.0 1 0.02600574493408203
0.66 18 0.0 1 0.03500771522521973
0.66 19 0.0 1 0.02702498435974121
0.66 20 0.0 1 0.02600574493408203
0.66 21 0.0 1 0.027007102966308594
0.66 22 0.0 1 0.03811788558959961
0.66 23 0.0 1 0.028006315231323242
0.66 24 0.0 1 0.025991439819335938
0.66 25 0.0 1 0.027005910873413086
0.66 26 0.0 1 0.026025772094726562
0.66 27 0.0 1 0.02700352668762207
0.66 28 0.0 1 0.026986360549926758
0.66 29 0.0 1 0.03000783920288086
0.66 30 0.0 1 0.026026010513305664
0.66 31 0.0 1 0.027214765548706055
0.66 32 0.0 1 0.027019023895263672
0.66 33 0.0 1 0.028001070022583008
0.66 34 0.0 1 0.027005434036254883
0.66 35 0.0 1 0.027005672454833984
0.66 36 0.0 1 0.026005983352661133
0.66 37 0.0 1 0.02600550651550293
0.66 38 0.0 1 0.02800607681274414
0.66 39 0.0 1 0.027005910873413086
0.6799999999999999 0 0.0 1 0.02698516845703125
0.6799999999999999 1 0.0 1 0.026007652282714844
0.6799999999999999 2 0.0 1 0.04201030731201172
0.6799999999999999 3 0.0 1 0.027005910873413086
0.6799999999999999 4 0.0 1 0.029005765914916992
0.6799999999999999 5 0.0 1 0.027219295501708984
0.6799999999999999 6 0.0 1 0.027006149291992188
0.6799999999999999 7 0.0 1 0.026000499725341797
0.6799999999999999 8 0.0 1 0.026005983352661133
0.6799999999999999 9 0.0 1 0.025005578994750977
0.6799999999999999 10 -0.00740160290570101 2 0.06402730941772461
0.6799999999999999 11 0.0 1 0.026004791259765625
0.6799999999999999 12 0.0 1 0.028986215591430664
0.6799999999999999 13 0.0 1 0.026004791259765625
0.6799999999999999 14 0.0 1 0.025998592376708984
0.6799999999999999 15 0.0 1 0.026990175247192383
0.6799999999999999 16 0.0 1 0.027007102966308594
0.6799999999999999 17 0.0 1 0.027003049850463867
0.6799999999999999 18 0.0 1 0.027005910873413086
0.6799999999999999 19 0.0 1 0.026005983352661133
0.6799999999999999 20 0.0 1 0.027005434036254883
0.6799999999999999 21 0.0 1 0.0253143310546875
0.6799999999999999 22 0.0 1 0.027190208435058594
0.6799999999999999 23 0.0 1 0.02800726890563965
0.6799999999999999 24 0.0 1 0.0400080680847168
0.6799999999999999 25 0.0 1 0.03400754928588867
0.6799999999999999 26 0.0 1 0.027132511138916016
0.6799999999999999 27 0.0 1 0.026145219802856445
0.6799999999999999 28 0.0 1 0.02800130844116211
0.6799999999999999 29 0.0 1 0.027135133743286133
0.6799999999999999 30 0.0 1 0.025025606155395508
0.6799999999999999 31 0.0 1 0.02600550651550293
0.6799999999999999 32 0.0 1 0.025000572204589844
0.6799999999999999 33 0.0 1 0.027006149291992188
0.6799999999999999 34 0.0 1 0.025101184844970703
0.6799999999999999 35 0.0 1 0.02702021598815918
0.6799999999999999 36 0.0 1 0.02802586555480957
0.6799999999999999 37 -0.007409255745481168 2 0.06501579284667969
0.6799999999999999 38 0.0 1 0.026003360748291016
0.6799999999999999 39 0.0 1 0.027005910873413086
0.7 0 0.0 1 0.02608942985534668
0.7 1 0.0 1 0.027007579803466797
0.7 2 0.0 1 0.0290069580078125
0.7 3 0.0 1 0.032007694244384766
0.7 4 0.0 1 0.027193546295166016
0.7 5 0.0 1 0.02600550651550293
0.7 6 0.0 1 0.027005910873413086
0.7 7 0.0 1 0.02800464630126953
0.7 8 0.0 1 0.0260007381439209
0.7 9 0.0 1 0.03601336479187012
0.7 10 0.0 1 0.025009870529174805
0.7 11 0.0 1 0.028020620346069336
0.7 12 0.0 1 0.026020526885986328
0.7 13 0.0 1 0.026005983352661133
0.7 14 0.0 1 0.03200197219848633
0.7 15 0.0 1 0.035993337631225586
0.7 16 0.0 1 0.03000664710998535
0.7 17 0.0 1 0.027025699615478516
0.7 18 0.0 1 0.026993274688720703
0.7 19 0.0 1 0.027006149291992188
0.7 20 0.0 1 0.02700638771057129
0.7 21 0.0 1 0.025112152099609375
0.7 22 0.0 1 0.039008140563964844
0.7 23 0.0 1 0.026004552841186523
0.7 24 0.0 1 0.02700519561767578
0.7 25 0.0 1 0.040008544921875
0.7 26 0.0 1 0.02814793586730957
0.7 27 0.0 1 0.02700495719909668
0.7 28 0.0 1 0.027103662490844727
0.7 29 0.0 1 0.030991792678833008
0.7 30 0.0 1 0.027005672454833984
0.7 31 0.0 1 0.02700495719909668
0.7 32 0.0 1 0.026006460189819336
0.7 33 0.0 1 0.027226686477661133
0.7 34 0.0 1 0.026108741760253906
0.7 35 0.0 1 0.027005910873413086
0.7 36 0.0 1 0.028006315231323242
0.7 37 0.0 1 0.02613520622253418
0.7 38 0.0 1 0.02600574493408203
0.7 39 0.0 1 0.026023149490356445
0.72 0 0.0 1 0.028122425079345703
0.72 1 0.0 1 0.028156757354736328
0.72 2 0.0 1 0.028006315231323242
0.72 3 0.0 1 0.02600550651550293
0.72 4 0.0 1 0.02713608741760254
0.72 5 0.0 1 0.026105880737304688
0.72 6 0.0 1 0.026111125946044922
0.72 7 0.0 1 0.025005340576171875
0.72 8 0.0 1 0.02600574493408203
0.72 9 0.0 1 0.030237197875976562
0.72 10 0.0 1 0.02600717544555664
0.72 11 0.0 1 0.026004314422607422
0.72 12 0.0 1 0.027024269104003906
0.72 13 0.0 1 0.03815817832946777
0.72 14 0.0 1 0.027006149291992188
0.72 15 0.0 1 0.028011798858642578
0.72 16 0.0 1 0.027141332626342773
0.72 17 0.0 1 0.025026321411132812
0.72 18 0.0 1 0.027006149291992188
0.72 19 0.0 1 0.036147117614746094
0.72 20 0.0 1 0.03500938415527344
0.72 21 0.0 1 0.03700876235961914
0.72 22 0.0 1 0.02798604965209961
0.72 23 0.0 1 0.026008129119873047
0.72 24 0.0 1 0.02600574493408203
0.72 25 0.0 1 0.027098894119262695
0.72 26 0.0 1 0.02902674674987793
0.72 27 0.0 1 0.02700042724609375
0.72 28 0.0 1 0.028023958206176758
0.72 29 0.0 1 0.028006315231323242
0.72 30 0.0 1 0.026152610778808594
0.72 31 0.0 1 0.02700638771057129
0.72 32 0.0 1 0.0279848575592041
0.72 33 0.0 1 0.025000572204589844
0.72 34 0.0 1 0.02600550651550293
0.72 35 0.0 1 0.028006315231323242
0.72 36 0.0 1 0.028005361557006836
0.72 37 0.0 1 0.026989221572875977
0.72 38 0.0 1 0.0320281982421875
0.72 39 0.0 1 0.02700495719909668
0.74 0 0.0 1 0.02900528907775879
0.74 1 0.0 1 0.03700852394104004
0.74 2 0.0 1 0.042024850845336914
0.74 3 0.0 1 0.027011394500732422
0.74 4 0.0 1 0.02800583839416504
0.74 5 0.0 1 0.02698659896850586
0.74 6 0.0 1 0.027006864547729492
0.74 7 0.0 1 0.029006481170654297
0.74 8 0.0 1 0.02600574493408203
0.74 9 0.0 1 0.026005983352661133
0.74 10 0.0 1 0.02601909637451172
0.74 11 0.002256586333397837 2 0.06901240348815918
0.74 12 0.0 1 0.027025938034057617
0.74 13 0.0 1 0.027088165283203125
0.74 14 0.0 1 0.027010679244995117
0.74 15 0.0 1 0.028986692428588867
0.74 16 0.0 1 0.027005910873413086
0.74 17 0.0 1 0.029006481170654297
0.74 18 0.0 1 0.02702498435974121
0.74 19 0.0 1 0.0290069580078125
0.74 20 0.0 1 0.027007102966308594
0.74 21 0.0 1 0.033007144927978516
0.74 22 0.0 1 0.028007030487060547
0.74 23 0.0 1 0.027005672454833984
0.74 24 0.0 1 0.026987314224243164
0.74 25 0.0 1 0.03100872039794922
0.74 26 0.0 1 0.03300619125366211
0.74 27 0.0 1 0.02898573875427246
0.74 28 0.0 1 0.026990175247192383
0.74 29 0.0 1 0.0290071964263916
0.74 30 0.0 1 0.02700662612915039
0.74 31 0.0 1 0.02600574493408203
0.74 32 0.0 1 0.03300762176513672
0.74 33 0.0 1 0.02799057960510254
0.74 34 0.0 1 0.02700638771057129
0.74 35 0.0 1 0.03455662727355957
0.74 36 0.0 1 0.025986433029174805
0.74 37 0.0 1 0.0270233154296875
0.74 38 0.0 1 0.03300619125366211
0.74 39 0.0 1 0.0259859561920166
0.76 0 0.0 1 0.027986764907836914
0.76 1 0.0 1 0.03201580047607422
0.76 2 0.0 1 0.03299355506896973
0.76 3 0.0 1 0.02800726890563965
0.76 4 0.0 1 0.02700638771057129
0.76 5 -0.005792361237077413 2 0.062103271484375
0.76 6 0.0 1 0.028007030487060547
0.76 7 0.0 1 0.026003599166870117
0.76 8 0.0 1 0.029009103775024414
0.76 9 0.0 1 0.02711629867553711
0.76 10 0.0 1 0.026004552841186523
0.76 11 0.0 1 0.028025388717651367
0.76 12 0.0 1 0.0270230770111084
0.76 13 0.0 1 0.027005910873413086
0.76 14 0.0 1 0.028006553649902344
0.76 15 0.0 1 0.02800130844116211
0.76 16 0.0 1 0.02610015869140625
0.76 17 0.0 1 0.028008222579956055
0.76 18 0.0 1 0.035036325454711914
0.76 19 0.0 1 0.04201006889343262
0.76 20 0.0 1 0.0260007381439209
0.76 21 0.0 1 0.0290069580078125
0.76 22 0.0 1 0.025241374969482422
0.76 23 0.0 1 0.025988340377807617
0.76 24 0.0 1 0.03209495544433594
0.76 25 0.0 1 0.029007673263549805
0.76 26 0.0 1 0.03400754928588867
0.76 27 0.0 1 0.027005434036254883
0.76 28 0.0 1 0.02700495719909668
0.76 29 0.0 1 0.044098854064941406
0.76 30 0.0 1 0.028006792068481445
0.76 31 0.0 1 0.033010005950927734
0.76 32 0.0 1 0.029001951217651367
0.76 33 0.0 1 0.02800607681274414
0.76 34 0.0 1 0.027991294860839844
0.76 35 0.0 1 0.04103970527648926
0.76 36 0.0 1 0.025026798248291016
0.76 37 0.0 1 0.02700185775756836
0.76 38 0.0 1 0.028005599975585938
0.76 39 0.0 1 0.025005817413330078
0.78 0 0.0 1 0.027009248733520508
0.78 1 0.0 1 0.030001401901245117
0.78 2 0.0 1 0.029004335403442383
0.78 3 0.0 1 0.031006813049316406
0.78 4 0.0 1 0.028005361557006836
0.78 5 0.0 1 0.025000333786010742
0.78 6 0.0 1 0.044010162353515625
0.78 7 0.0 1 0.036006927490234375
0.78 8 0.0 1 0.02600550651550293
0.78 9 0.0 1 0.028006553649902344
0.78 10 0.0 1 0.03301239013671875
0.78 11 0.0 1 0.02701115608215332
0.78 12 -0.0049983948373643885 2 0.06299304962158203
0.78 13 0.0 1 0.027266263961791992
0.78 14 0.0 1 0.028122901916503906
0.78 15 0.0 1 0.026990890502929688
0.78 16 0.0 1 0.02800583839416504
0.78 17 0.0 1 0.027005672454833984
0.78 18 0.0 1 0.026005983352661133
0.78 19 0.0 1 0.04400920867919922
0.78 20 0.0 1 0.026000499725341797
0.78 21 0.0 1 0.02800583839416504
0.78 22 0.0 1 0.0290067195892334
0.78 23 0.0 1 0.027004718780517578
0.78 24 0.0 1 0.027004718780517578
0.78 25 0.0 1 0.02600550651550293
0.78 26 0.0 1 0.03600311279296875
0.78 27 0.0 1 0.026254653930664062
0.78 28 0.0 1 0.031006336212158203
0.78 29 0.0 1 0.02600574493408203
0.78 30 0.0 1 0.025005578994750977
0.78 31 0.0 1 0.0350031852722168
0.78 32 0.0 1 0.027007102966308594
0.78 33 0.0 1 0.028004169464111328
0.78 34 0.0 1 0.04500985145568848
0.78 35 0.0 1 0.02800726890563965
0.78 36 0.0 1 0.027007579803466797
0.78 37 0.0 1 0.02616095542907715
0.78 38 0.0 1 0.02599048614501953
0.78 39 0.0 1 0.026147842407226562
0.8 0 0.0 1 0.029006481170654297
0.8 1 0.0 1 0.028005123138427734
0.8 2 0.0 1 0.027004003524780273
0.8 3 0.0 1 0.031986236572265625
0.8 4 0.0 1 0.029004812240600586
0.8 5 0.0 1 0.031008243560791016
0.8 6 0.0 1 0.0290067195892334
0.8 7 0.0 1 0.025005817413330078
0.8 8 0.0 1 0.02700638771057129
0.8 9 -0.007039000990862322 2 0.06201434135437012
0.8 10 0.0 1 0.02600574493408203
0.8 11 0.0 1 0.026005983352661133
0.8 12 0.0 1 0.026102542877197266
0.8 13 0.0 1 0.028011083602905273
0.8 14 0.0 1 0.02700519561767578
0.8 15 0.0 1 0.030023574829101562
0.8 16 0.0 1 0.027027368545532227
0.8 17 0.0 1 0.04300951957702637
0.8 18 0.0 1 0.026025056838989258
0.8 19 0.0 1 0.031004905700683594
0.8 20 0.0 1 0.02802562713623047
0.8 21 0.0 1 0.02802562713623047
0.8 22 0.0 1 0.02801060676574707
0.8 23 0.0 1 0.027010202407836914
0.8 24 0.0 1 0.029027223587036133
0.8 25 0.0 1 0.028020381927490234
0.8 26 0.0 1 0.027004480361938477
0.8 27 0.0 1 0.028003931045532227
0.8 28 0.0 1 0.027006149291992188
0.8 29 0.0 1 0.02602672576904297
0.8 30 0.0 1 0.027005672454833984
0.8 31 0.0 1 0.026004791259765625
0.8 32 0.0 1 0.02602529525756836
0.8 33 0.0 1 0.02700662612915039
0.8 34 0.0 1 0.03198552131652832
0.8 35 0.0 1 0.027109861373901367
0.8 36 0.0 1 0.02800607681274414
0.8 37 0.0 1 0.02800893783569336
0.8 38 0.0 1 0.02810382843017578
0.8 39 0.0 1 0.025005817413330078
0.82 0 0.0 1 0.02800297737121582
0.82 1 0.0 1 0.028022289276123047
0.82 2 0.0 1 0.027008771896362305
0.82 3 0.0 1 0.033007144927978516
0.82 4 0.0 1 0.028026819229125977
0.82 5 0.0 1 0.028004169464111328
0.82 6 0.0 1 0.026010990142822266
0.82 7 0.0 1 0.031005144119262695
0.82 8 0.0 1 0.02802133560180664
0.82 9 0.0 1 0.027006149291992188
0.82 10 0.0 1 0.03900885581970215
0.82 11 0.0 1 0.03000640869140625
0.82 12 0.0 1 0.026026487350463867
0.82 13 0.0 1 0.027004718780517578
0.82 14 0.0 1 0.027004480361938477
0.82 15 0.0 1 0.026005983352661133
0.82 16 0.0 1 0.02700495719909668
0.82 17 0.0 1 0.03500986099243164
0.82 18 0.0 1 0.02700638771057129
0.82 19 0.0 1 0.029007434844970703
0.82 20 0.0 1 0.027001142501831055
0.82 21 0.0 1 0.0290067195892334
0.82 22 0.0 1 0.031992197036743164
0.82 23 0.0 1 0.02800607681274414
0.82 24 0.0 1 0.027220726013183594
0.82 25 0.0 1 0.027005910873413086
0.82 26 0.0 1 0.02600550651550293
0.82 27 0.0 1 0.03712344169616699
0.82 28 0.0 1 0.032109975814819336
0.82 29 0.0 1 0.0259854793548584
0.82 30 0.0 1 0.033986806869506836
0.82 31 0.0 1 0.030027151107788086
0.82 32 0.0 1 0.03000330924987793
0.82 33 0.03238648686568023 2 0.06399893760681152
0.82 34 0.0 1 0.02600550651550293
0.82 35 0.0 1 0.027000904083251953
0.82 36 0.0 1 0.02700638771057129
0.82 37 0.0 1 0.029009342193603516
0.82 38 0.0 1 0.029004812240600586
0.82 39 0.0 1 0.029027938842773438
0.84 0 0.0 1 0.028005123138427734
0.84 1 0.0 1 0.026125669479370117
0.84 2 0.0 1 0.026010751724243164
0.84 3 0.0 1 0.02700638771057129
0.84 4 0.0 1 0.02600574493408203
0.84 5 0.0 1 0.040009260177612305
0.84 6 0.0 1 0.02600550651550293
0.84 7 0.0 1 0.03100299835205078
0.84 8 0.00022515567545706983 2 0.06301403045654297
0.84 9 0.0 1 0.031007766723632812
0.84 10 0.0 1 0.028005123138427734
0.84 11 0.0 1 0.028006315231323242
0.84 12 0.0 1 0.0282900333404541
0.84 13 0.0 1 0.03700971603393555
0.84 14 0.0 1 0.02900528907775879
0.84 15 0.0 1 0.026211023330688477
0.84 16 0.0 1 0.030103445053100586
0.84 17 0.0 1 0.027007579803466797
0.84 18 0.0 1 0.025112628936767578
0.84 19 0.0 1 0.02800607681274414
0.84 20 0.0 1 0.028025150299072266
0.84 21 0.0 1 0.027005672454833984
0.84 22 0.0 1 0.026005029678344727
0.84 23 0.0 1 0.027126073837280273
0.84 24 0.0 1 0.026005983352661133
0.84 25 0.0 1 0.03000664710998535
0.84 26 0.0 1 0.02600574493408203
0.84 27 0.0 1 0.02600574493408203
0.84 28 0.0 1 0.028006553649902344
0.84 29 0.0 1 0.026005983352661133
0.84 30 0.0 1 0.02800774574279785
0.84 31 0.0 1 0.028986454010009766
0.84 32 0.0 1 0.028146982192993164
0.84 33 0.0 1 0.026004314422607422
0.84 34 0.0 1 0.025005578994750977
0.84 35 0.0 1 0.0400090217590332
0.84 36 0.0 1 0.036011695861816406
0.84 37 0.0 1 0.037006378173828125
0.84 38 0.0 1 0.027002811431884766
0.84 39 0.0 1 0.03700852394104004
0.86 0 0.0 1 0.026005029678344727
0.86 1 -0.0037862634518937752 2 0.0791172981262207
0.86 2 0.0 1 0.025987625122070312
0.86 3 0.0 1 0.026010513305664062
0.86 4 0.0 1 0.027006149291992188
0.86 5 0.0 1 0.033011674880981445
0.86 6 0.0 1 0.03600811958312988
0.86 7 0.0 1 0.02800440788269043
0.86 8 0.0 1 0.02801966667175293
0.86 9 0.0 1 0.026007652282714844
0.86 10 0.0 1 0.027005910873413086
0.86 11 0.0 1 0.029122591018676758
0.86 12 0.0 1 0.03598761558532715
0.86 13 0.0 1 0.030986547470092773
0.86 14 0.0 1 0.02598857879638672
0.86 15 0.0 1 0.03700542449951172
0.86 16 0.0 1 0.028006315231323242
0.86 17 0.0 1 0.03900742530822754
0.86 18 0.0 1 0.031006574630737305
0.86 19 0.0 1 0.026019811630249023
0.86 20 0.0 1 0.032012224197387695
0.86 21 0.0 1 0.028216838836669922
0.86 22 0.0 1 0.03200960159301758
0.86 23 0.0 1 0.027985095977783203
0.86 24 0.0 1 0.026108264923095703
0.86 25 0.0 1 0.027088642120361328
0.86 26 0.0 1 0.02600574493408203
0.86 27 0.0 1 0.02720928192138672
0.86 28 0.0 1 0.04801011085510254
0.86 29 0.0 1 0.03700828552246094
0.86 30 0.0 1 0.02800607681274414
0.86 31 0.0 1 0.0260009765625
0.86 32 0.0 1 0.02698493003845215
0.86 33 0.0 1 0.03500819206237793
0.86 34 0.0 1 0.02599048614501953
0.86 35 0.0 1 0.02600574493408203
0.86 36 0.0 1 0.0450131893157959
0.86 37 0.0 1 0.027006149291992188
0.86 38 0.0 1 0.02700638771057129
0.86 39 -0.0037934967212478327 2 0.07799649238586426
0.88 0 0.0 1 0.027988672256469727
0.88 1 0.0 1 0.027083635330200195
0.88 2 0.0 1 0.02900242805480957
0.88 3 0.0 1 0.03800630569458008
0.88 4 0.0 1 0.025026559829711914
0.88 5 0.0 1 0.027006149291992188
0.88 6 0.0 1 0.025005817413330078
0.88 7 0.0 1 0.026010513305664062
0.88 8 0.0 1 0.027005910873413086
0.88 9 0.0 1 0.030003786087036133
0.88 10 0.0 1 0.02600550651550293
0.88 11 0.0 1 0.02800917625427246
0.88 12 0.0 1 0.027005910873413086
0.88 13 0.0 1 0.028008460998535156
0.88 14 0.0 1 0.04001116752624512
0.88 15 0.0 1 0.02800774574279785
0.88 16 0.0 1 0.0290067195892334
0.88 17 0.0 1 0.02811431884765625
0.88 18 0.0 1 0.026123523712158203
0.88 19 0.0 1 0.026005029678344727
0.88 20 0.0 1 0.02700662612915039
0.88 21 0.0 1 0.02800774574279785
0.88 22 0.022994359870693103 2 0.059012651443481445
0.88 23 0.0 1 0.02700519561767578
0.88 24 0.0 1 0.028005123138427734
0.88 25 0.0 1 0.02809739112854004
0.88 26 0.0 1 0.03600811958312988
0.88 27 0.0 1 0.027005910873413086
0.88 28 0.0 1 0.0249941349029541
0.88 29 0.0 1 0.02600383758544922
0.88 30 0.0 1 0.02700638771057129
0.88 31 0.0 1 0.026005983352661133
0.88 32 0.0 1 0.026078462600708008
0.88 33 0.0 1 0.026005983352661133
0.88 34 0.0 1 0.02800750732421875
0.88 35 0.0 1 0.027024030685424805
0.88 36 0.0 1 0.030002117156982422
0.88 37 0.0 1 0.031007766723632812
0.88 38 0.0 1 0.028003454208374023
0.88 39 0.0 1 0.05501270294189453
0.9 0 0.0 1 0.027001142501831055
0.9 1 0.0 1 0.027005434036254883
0.9 2 0.0 1 0.028213024139404297
0.9 3 0.0 1 0.02400374412536621
0.9 4 0.0 1 0.025984764099121094
0.9 5 0.0 1 0.02700519561767578
0.9 6 -0.0037934967212478327 2 0.0670156478881836
0.9 7 0.0 1 0.02600574493408203
0.9 8 0.0 1 0.027007102966308594
0.9 9 0.0 1 0.026006221771240234
0.9 10 0.0 1 0.02701091766357422
0.9 11 0.0 1 0.027001619338989258
0.9 12 0.0 1 0.026003122329711914
0.9 13 0.0 1 0.028008222579956055
0.9 14 0.0 1 0.027007579803466797
0.9 15 0.0 1 0.026006221771240234
0.9 16 0.0 1 0.02698516845703125
0.9 17 0.0 1 0.02800607681274414
0.9 18 0.0 1 0.026100635528564453
0.9 19 0.0 1 0.028006553649902344
0.9 20 0.0 1 0.027107715606689453
0.9 21 0.0 1 0.026005268096923828
0.9 22 0.0 1 0.025020599365234375
0.9 23 0.0 1 0.026005983352661133
0.9 24 0.0 1 0.02800607681274414
0.9 25 0.0 1 0.028006553649902344
0.9 26 0.0 1 0.027005672454833984
0.9 27 0.0 1 0.028022050857543945
0.9 28 0.0 1 0.0290069580078125
0.9 29 0.0 1 0.031004905700683594
0.9 30 0.0 1 0.028024911880493164
0.9 31 0.0 1 0.03302597999572754
0.9 32 0.0 1 0.0290067195892334
0.9 33 0.0 1 0.031008005142211914
0.9 34 0.0 1 0.026007652282714844
0.9 35 0.0 1 0.029007911682128906
0.9 36 0.0 1 0.033007144927978516
0.9 37 0.0 1 0.02711963653564453
0.9 38 0.0 1 0.031005859375
0.9 39 0.0 1 0.02900528907775879
0.92 0 0.0 1 0.029006004333496094
0.92 1 0.0 1 0.028006315231323242
0.92 2 0.0 1 0.026006698608398438
0.92 3 0.0 1 0.028007984161376953
0.92 4 0.0 1 0.02800726890563965
0.92 5 0.0 1 0.03200578689575195
0.92 6 0.0 1 0.029004335403442383
0.92 7 0.0 1 0.027006149291992188
0.92 8 0.0 1 0.038066864013671875
0.92 9 0.0 1 0.03000617027282715
0.92 10 0.0 1 0.02698516845703125
0.92 11 0.0 1 0.02700519561767578
0.92 12 0.0 1 0.027171611785888672
0.92 13 0.0 1 0.031005382537841797
0.92 14 0.0 1 0.02900528907775879
0.92 15 0.0 1 0.028005123138427734
0.92 16 0.0 1 0.031005859375
0.92 17 0.0 1 0.04100847244262695
0.92 18 0.0 1 0.028985261917114258
0.92 19 0.0 1 0.027005434036254883
0.92 20 0.0 1 0.02509474754333496
0.92 21 -0.00198105348873133 2 0.060128211975097656
0.92 22 0.0 1 0.04100942611694336
0.92 23 0.0 1 0.028011322021484375
0.92 24 0.0 1 0.02700638771057129
0.92 25 0.002862108263678164 2 0.05718517303466797
0.92 26 0.0 1 0.027125835418701172
0.92 27 0.0 1 0.04413437843322754
0.92 28 0.0 1 0.029007434844970703
0.92 29 0.0 1 0.026026010513305664
0.92 30 0.0 1 0.04000687599182129
0.92 31 0.0 1 0.02798914909362793
0.92 32 0.0 1 0.03000187873840332
0.92 33 0.0 1 0.027026891708374023
0.92 34 0.0 1 0.040009260177612305
0.92 35 0.0 1 0.028004169464111328
0.92 36 0.0 1 0.03300738334655762
0.92 37 0.0 1 0.030103445053100586
0.92 38 0.0 1 0.027004718780517578
0.92 39 0.0 1 0.028007984161376953
0.94 0 0.0 1 0.029150962829589844
0.94 1 0.0 1 0.028008460998535156
0.94 2 0.0 1 0.031006813049316406
0.94 3 0.0 1 0.02600574493408203
0.94 4 0.0 1 0.027005434036254883
0.94 5 0.0 1 0.026005983352661133
0.94 6 0.0 1 0.029006242752075195
0.94 7 0.0 1 0.04201245307922363
0.94 8 0.0 1 0.02600574493408203
0.94 9 0.0 1 0.03800678253173828
0.94 10 0.0 1 0.02701544761657715
0.94 11 0.0 1 0.032007455825805664
0.94 12 0.0 1 0.03509664535522461
0.94 13 0.0 1 0.02898693084716797
0.94 14 0.0 1 0.026004552841186523
0.94 15 0.0 1 0.031006336212158203
0.94 16 0.0 1 0.028025150299072266
0.94 17 0.0 1 0.026008129119873047
0.94 18 0.0 1 0.030007362365722656
0.94 19 0.0 1 0.027006149291992188
0.94 20 0.0 1 0.026369810104370117
0.94 21 0.0 1 0.04624295234680176
0.94 22 0.0 1 0.029006481170654297
0.94 23 0.0 1 0.03100895881652832
0.94 24 0.0 1 0.0290067195892334
0.94 25 0.0 1 0.026025056838989258
0.94 26 0.0 1 0.025986671447753906
0.94 27 0.0 1 0.027005434036254883
0.94 28 0.0 1 0.029003143310546875
0.94 29 0.0 1 0.027985095977783203
0.94 30 0.0 1 0.02800726890563965
0.94 31 0.0 1 0.02600836753845215
0.94 32 0.0 1 0.027007579803466797
0.94 33 0.0 1 0.028007030487060547
0.94 34 0.0 1 0.030004024505615234
0.94 35 0.0 1 0.030009746551513672
0.94 36 0.0 1 0.029026031494140625
0.94 37 0.0 1 0.027004718780517578
0.94 38 0.0 1 0.027005910873413086
0.94 39 0.0 1 0.029004812240600586
0.96 0 0.0 1 0.02700662612915039
0.96 1 0.0 1 0.028007030487060547
0.96 2 0.0 1 0.02800130844116211
0.96 3 0.0 1 0.027006149291992188
0.96 4 0.0 1 0.027008056640625
0.96 5 0.0 1 0.027029037475585938
0.96 6 0.0 1 0.029008865356445312
0.96 7 0.0 1 0.027005910873413086
0.96 8 0.0 1 0.027005672454833984
0.96 9 0.0 1 0.028012514114379883
0.96 10 0.0 1 0.028006553649902344
0.96 11 0.0 1 0.027007102966308594
0.96 12 0.0 1 0.027006864547729492
0.96 13 0.0 1 0.02800583839416504
0.96 14 0.0 1 0.031005859375
0.96 15 0.0 1 0.03700852394104004
0.96 16 0.0 1 0.025990009307861328
0.96 17 0.0 1 0.028147459030151367
0.96 18 0.0 1 0.026121139526367188
0.96 19 0.0 1 0.027009248733520508
0.96 20 0.0 1 0.027008056640625
0.96 21 0.0 1 0.031130313873291016
0.96 22 0.0 1 0.02701091766357422
0.96 23 0.0 1 0.026008129119873047
0.96 24 0.0 1 0.029010295867919922
0.96 25 0.0 1 0.029003143310546875
0.96 26 0.0 1 0.028986692428588867
0.96 27 -0.0001034912294544576 2 0.060010671615600586
0.96 28 0.0 1 0.02700519561767578
0.96 29 0.0 1 0.02800893783569336
0.96 30 0.0 1 0.029008150100708008
0.96 31 0.0 1 0.03000664710998535
0.96 32 0.0 1 0.027005910873413086
0.96 33 0.0 1 0.033005475997924805
0.96 34 0.0 1 0.026005029678344727
0.96 35 0.0 1 0.02698659896850586
0.96 36 0.0 1 0.02600574493408203
0.96 37 0.0 1 0.027006149291992188
0.96 38 0.0 1 0.050013065338134766
0.96 39 0.0 1 0.026003360748291016
0.98 0 0.0 1 0.027004003524780273
0.98 1 0.0 1 0.02600574493408203
0.98 2 0.0 1 0.030013084411621094
0.98 3 0.0 1 0.026007890701293945
0.98 4 0.0 1 0.028217077255249023
0.98 5 0.0 1 0.027005672454833984
0.98 6 0.0 1 0.026009559631347656
0.98 7 0.0 1 0.0270078182220459
0.98 8 0.0 1 0.02600383758544922
0.98 9 0.0 1 0.02698659896850586
0.98 10 0.0 1 0.026312589645385742
0.98 11 0.0 1 0.0290067195892334
0.98 12 0.0 1 0.033003807067871094
0.98 13 0.0 1 0.027006149291992188
0.98 14 0.0 1 0.02700638771057129
0.98 15 0.0 1 0.027004718780517578
0.98 16 0.0 1 0.02800607681274414
0.98 17 0.0 1 0.030001163482666016
0.98 18 0.0 1 0.028006553649902344
0.98 19 0.0 1 0.027133464813232422
0.98 20 0.0 1 0.0270993709564209
0.98 21 0.0 1 0.02600550651550293
0.98 22 0.0 1 0.027005672454833984
0.98 23 0.0 1 0.025003910064697266
0.98 24 0.0 1 0.02702021598815918
0.98 25 0.0 1 0.02701115608215332
0.98 26 0.0 1 0.027005910873413086
0.98 27 -0.0062003946925893874 2 0.059992313385009766
0.98 28 0.0 1 0.026990175247192383
0.98 29 0.0 1 0.02700328826904297
0.98 30 0.0 1 0.026125192642211914
0.98 31 0.0 1 0.035115957260131836
0.98 32 0.0 1 0.02612447738647461
0.98 33 0.0 1 0.032004594802856445
0.98 34 0.0 1 0.027006149291992188
0.98 35 0.0 1 0.026011228561401367
0.98 36 0.0 1 0.026005983352661133
0.98 37 0.0 1 0.027989625930786133
0.98 38 0.0 1 0.02600574493408203
0.98 39 0.0 1 0.026010751724243164
1.0 0 0.0 1 0.026010751724243164
1.0 1 0.0 1 0.028005361557006836
1.0 2 0.0 1 0.0270082950592041
1.0 3 0.0 1 0.027000904083251953
1.0 4 0.0 1 0.027005910873413086
1.0 5 0.0 1 0.0330052375793457
1.0 6 0.0 1 0.027006149291992188
1.0 7 0.0 1 0.0270082950592041
1.0 8 0.0 1 0.026007652282714844
1.0 9 0.0 1 0.026099681854248047
1.0 10 0.0 1 0.026026248931884766
1.0 11 0.0 1 0.0290071964263916
1.0 12 0.0 1 0.02600550651550293
1.0 13 0.0 1 0.027005672454833984
1.0 14 0.0 1 0.027006149291992188
1.0 15 0.0 1 0.026010990142822266
1.0 16 0.0 1 0.02602362632751465
1.0 17 0.0 1 0.028087854385375977
1.0 18 0.0 1 0.0270082950592041
1.0 19 0.0 1 0.025027036666870117
1.0 20 0.0 1 0.02616119384765625
1.0 21 0.0 1 0.027006149291992188
1.0 22 0.0 1 0.028249740600585938
1.0 23 0.0 1 0.027006149291992188
1.0 24 0.0 1 0.026010751724243164
1.0 25 0.0 1 0.02600383758544922
1.0 26 0.0 1 0.027004480361938477
1.0 27 0.0 1 0.027086973190307617
1.0 28 0.0 1 0.02713918685913086
1.0 29 0.0 1 0.027005434036254883
1.0 30 0.0 1 0.027005672454833984
1.0 31 0.0 1 0.031004667282104492
1.0 32 0.0 1 0.0290067195892334
1.0 33 0.0 1 0.025005578994750977
1.0 34 0.0023931326525690132 2 0.06099820137023926
1.0 35 0.0 1 0.027006149291992188
1.0 36 0.0 1 0.026004791259765625
1.0 37 0.0 1 0.027088165283203125
1.0 38 0.0 1 0.02800607681274414
1.0 39 0.0 1 0.028007984161376953
