0.402 0 0.24026348924137722 2 0.3497307300567627
0.402 1 0.24813913150513536 2 0.2785019874572754
0.402 2 0.21943864250082706 2 0.2575953006744385
0.402 3 0.18481419534909269 3 0.2999088764190674
0.402 4 0.24270999723645345 2 0.2398664951324463
0.402 5 0.297363361760589 2 0.27635765075683594
0.402 6 0.21447622572112646 2 0.2598299980163574
0.402 7 0.15396739362779266 3 0.2341604232788086
0.402 8 0.22727630565423038 2 0.22516393661499023
0.402 9 0.2196751922867087 2 0.30101585388183594
0.4 0 0.2502992375165518 2 0.4022514820098877
0.4 1 0.2603080878488123 2 0.25937914848327637
0.4 2 0.2625090892192392 2 0.24751543998718262
0.4 3 0.273971304549221 2 0.25922727584838867
0.4 4 0.23682868469992677 2 0.2540113925933838
0.4 5 0.1741056586890426 3 0.35425806045532227
0.4 6 0.15820412967137268 3 0.28129100799560547
0.4 7 0.1797734133559574 3 0.30277276039123535
0.4 8 0.2554069155841701 2 0.23958611488342285
0.4 9 0.2664785069740275 2 0.27155208587646484
0.404 0 0.2539732962895222 2 0.2639589309692383
0.404 1 0.2641747304848573 2 0.3065488338470459
0.404 2 0.24612207478859896 2 0.2817697525024414
0.404 3 0.2288443041245442 2 0.26178479194641113
0.404 4 0.15168618423122923 3 0.24349403381347656
0.404 5 0.2652469626555225 2 0.27016472816467285
0.404 6 0.2602610116535489 2 0.255908727645874
0.404 7 0.22885894865608822 2 0.2419734001159668
0.404 8 0.22191481857206463 2 0.25879740715026855
0.404 9 0.16800966892382108 3 0.28156375885009766
0.406 0 0.25016805213781235 2 0.2530081272125244
0.406 1 0.2613729121905531 2 0.3727114200592041
0.406 2 0.2628342339484115 2 0.31343531608581543
0.406 3 0.25520951991319785 2 0.2721703052520752
0.406 4 0.20154913836148905 2 0.3000195026397705
0.406 5 0.14211871330346862 3 0.3140249252319336
0.406 6 0.25110818101005256 2 0.23199915885925293
0.406 7 0.2360209745641932 2 0.3003361225128174
0.406 8 0.21008361364299702 2 0.30562806129455566
0.406 9 0.23533551560729724 2 0.2655649185180664
0.40800000000000003 0 0.24043729603741623 2 0.2224266529083252
0.40800000000000003 1 0.24087203512495287 2 0.27779483795166016
0.40800000000000003 2 0.23924215702505527 2 0.30916333198547363
0.40800000000000003 3 0.21637804432934843 2 0.2749004364013672
0.40800000000000003 4 0.14133367031357383 3 0.272885799407959
0.40800000000000003 5 0.26159043370321944 2 0.24184703826904297
0.40800000000000003 6 0.22584497733861464 2 0.23699712753295898
0.40800000000000003 7 0.22548631500747077 2 0.2593836784362793
0.40800000000000003 8 0.15555290105338637 3 0.2852208614349365
0.40800000000000003 9 0.23579983786113398 2 0.25710344314575195
0.41000000000000003 0 0.09885811726341598 4 0.34778690338134766
0.41000000000000003 1 0.20787322238110356 2 0.2568478584289551
0.41000000000000003 2 0.2214750495758741 2 0.2461690902709961
0.41000000000000003 3 0.2592510064512445 2 0.2485501766204834
0.41000000000000003 4 0.15407104991454032 3 0.2839958667755127
0.41000000000000003 5 0.19389034039318534 2 0.27915310859680176
0.41000000000000003 6 0.1428268873569079 3 0.2636125087738037
0.41000000000000003 7 0.2466156363373757 2 0.2258152961730957
0.41000000000000003 8 0.21166806058972906 2 0.24730157852172852
0.41000000000000003 9 0.21447622572112646 2 0.3352367877960205
0.41200000000000003 0 0.21906003310485891 2 0.2604105472564697
0.41200000000000003 1 0.21710027792769584 2 0.2774536609649658
0.41200000000000003 2 0.20846815104655367 2 0.29489922523498535
0.41200000000000003 3 0.19499896287336818 2 0.2735917568206787
0.41200000000000003 4 0.19447383007628474 2 0.21915721893310547
0.41200000000000003 5 0.14781611476915463 3 0.24725842475891113
0.41200000000000003 6 0.21489247658615232 2 0.24356341361999512
0.41200000000000003 7 0.2071508018513168 2 0.27725958824157715
0.41200000000000003 8 0.17520036229574873 2 0.2782893180847168
0.41200000000000003 9 0.2521654699928122 2 0.26728224754333496
0.41400000000000003 0 0.25782808079141684 2 0.2899000644683838
0.41400000000000003 1 0.19873424762197708 2 0.2473008632659912
0.41400000000000003 2 0.23417076229987965 2 0.23228907585144043
0.41400000000000003 3 0.14869836170896733 3 0.24519920349121094
0.41400000000000003 4 0.23421686805965045 2 0.3029673099517822
0.41400000000000003 5 0.22372313486361664 2 0.2539632320404053
0.41400000000000003 6 0.19679948948988546 2 0.2639620304107666
0.41400000000000003 7 0.14425388331407588 3 0.24171209335327148
0.41400000000000003 8 0.2002931563100474 2 0.2248396873474121
0.41400000000000003 9 0.2160578010865542 2 0.275223970413208
0.41600000000000004 0 0.18386394406609768 2 0.2743504047393799
0.41600000000000004 1 0.22472724274171632 2 0.28275251388549805
0.41600000000000004 2 0.23363173830046818 2 0.2825438976287842
0.41600000000000004 3 0.19959301206793176 2 0.2807013988494873
0.41600000000000004 4 0.2241816791122222 2 0.25242137908935547
0.41600000000000004 5 0.12740200781446487 3 0.29407334327697754
0.41600000000000004 6 0.23068565526538706 2 0.3168070316314697
0.41600000000000004 7 0.2026300792506294 2 0.2426912784576416
0.41600000000000004 8 0.25013529292784914 2 0.3116030693054199
0.41600000000000004 9 0.19391077437591175 2 0.2446153163909912
0.41800000000000004 0 0.22649078192844913 2 0.28255605697631836
0.41800000000000004 1 0.1488527862439475 3 0.34064412117004395
0.41800000000000004 2 0.20706848760478963 2 0.31917667388916016
0.41800000000000004 3 0.19664020797856271 2 0.2621002197265625
0.41800000000000004 4 0.11916335884573974 3 0.2720315456390381
0.41800000000000004 5 0.22889801031551021 2 0.2729356288909912
0.41800000000000004 6 0.2250056346085326 2 0.2176828384399414
0.41800000000000004 7 0.20407009990081118 2 0.27550292015075684
0.41800000000000004 8 0.21538029187624408 2 0.21877408027648926
0.41800000000000004 9 0.14907895926239995 3 0.32767653465270996
0.42000000000000004 0 0.23383193362121574 2 0.2505466938018799
0.42000000000000004 1 0.09361436410153501 4 0.32598376274108887
0.42000000000000004 2 0.10938158895614918 3 0.28857970237731934
0.42000000000000004 3 0.12922460715549278 3 0.295424222946167
0.42000000000000004 4 0.14239772409080698 3 0.3324272632598877
0.42000000000000004 5 0.18644621789577911 2 0.2553832530975342
0.42000000000000004 6 0.12852943646366669 3 0.28830790519714355
0.42000000000000004 7 0.0900198758723637 4 0.37163543701171875
0.42000000000000004 8 0.22799294305423157 2 0.24263811111450195
0.42000000000000004 9 0.17847472541974763 2 0.24144887924194336
0.42200000000000004 0 0.1971062840304861 2 0.23654484748840332
0.42200000000000004 1 0.1513628026509387 2 0.3044114112854004
0.42200000000000004 2 0.21447622572112646 2 0.2552194595336914
0.42200000000000004 3 0.19889455106151355 2 0.2567129135131836
0.42200000000000004 4 0.1761496354877215 2 0.25995802879333496
0.42200000000000004 5 0.20560509107919028 2 0.23357033729553223
0.42200000000000004 6 0.18190859044870744 2 0.2909982204437256
0.42200000000000004 7 0.18178077601154624 2 0.24704742431640625
0.42200000000000004 8 0.21849266341291254 2 0.22515130043029785
0.42200000000000004 9 0.11922971111175139 3 0.2687692642211914
0.42600000000000005 0 0.21036709230940343 2 0.2198655605316162
0.42600000000000005 1 0.22711909315205733 2 0.32055163383483887
0.42600000000000005 2 0.1407405766852024 2 0.2231581211090088
0.42600000000000005 3 0.10544792380352139 3 0.3167405128479004
0.42600000000000005 4 0.18511779938864537 2 0.24002361297607422
0.42600000000000005 5 0.18405351582031793 2 0.26686954498291016
0.42600000000000005 6 0.14345582249345307 2 0.2627143859863281
0.42600000000000005 7 0.18437442025698594 2 0.24382972717285156
0.42600000000000005 8 0.1275294567500061 3 0.3289370536804199
0.42600000000000005 9 0.21096626877341493 2 0.24408316612243652
0.42400000000000004 0 0.18018043733099867 2 0.290820837020874
0.42400000000000004 1 0.18112002373135483 2 0.26332545280456543
0.42400000000000004 2 0.20571991894202762 2 0.3527374267578125
0.42400000000000004 3 0.14279158496629055 3 0.2428274154663086
0.42400000000000004 4 0.12279379171992101 3 0.33602380752563477
0.42400000000000004 5 0.2047781201058467 2 0.2553722858428955
0.42400000000000004 6 0.20036142106673283 2 0.2946033477783203
0.42400000000000004 7 0.11929815025942977 3 0.3153097629547119
0.42400000000000004 8 0.18764814423424364 2 0.2774646282196045
0.42400000000000004 9 0.2031127531848298 2 0.278109073638916
0.428 0 0.1929045006813288 2 0.2295527458190918
0.428 1 0.17421779066896298 2 0.33315205574035645
0.428 2 0.1014037211706744 3 0.25289082527160645
0.428 3 0.18079075402686853 2 0.26829957962036133
0.428 4 0.2062296595973451 2 0.2312910556793213
0.428 5 0.19848679798489646 2 0.22971463203430176
0.428 6 0.1734475007749021 2 0.2418832778930664
0.428 7 0.16869095404335735 2 0.2637624740600586
0.428 8 0.13210782693853826 2 0.23821473121643066
0.428 9 0.1678570602429263 2 0.25144219398498535
0.43 0 0.11058170686692968 3 0.2523941993713379
0.43 1 0.12236198567660549 3 0.36977267265319824
0.43 2 0.11439185924365104 3 0.2931981086730957
0.43 3 0.2130153713827816 2 0.30455589294433594
0.43 4 0.14254237347909704 2 0.29468607902526855
0.43 5 0.13214117253961966 2 0.249647855758667
0.43 6 0.16626999124771513 2 0.25720858573913574
0.43 7 0.1705846221685008 2 0.34266209602355957
0.43 8 0.20437915865923975 2 0.22736167907714844
0.43 9 0.13571589950322652 2 0.23652291297912598
0.432 0 0.16452473512152246 2 0.2634575366973877
0.432 1 0.1444880712373523 2 0.26272034645080566
0.432 2 0.10902452470280224 3 0.30094051361083984
0.432 3 0.14881858802509942 2 0.4003109931945801
0.432 4 0.1578638599956132 2 0.3152425289154053
0.432 5 0.08892993568275238 3 0.23792076110839844
0.432 6 0.17644129881476905 2 0.222337007522583
0.432 7 0.17066642767937437 2 0.22879862785339355
0.432 8 0.1791459975722082 2 0.2582850456237793
0.432 9 0.16125500434527584 2 0.27129340171813965
0.434 0 0.12305066386858832 2 0.2784445285797119
0.434 1 0.13438268558521904 2 0.3607444763183594
0.434 2 0.19803257490541945 2 0.24687671661376953
0.434 3 0.14620755649864128 2 0.35149383544921875
0.434 4 0.13307539376886493 2 0.30971693992614746
0.434 5 0.17690066115900432 2 0.27334022521972656
0.434 6 0.13984156700888414 2 0.2597627639770508
0.434 7 0.14405734051792063 2 0.21433806419372559
0.434 8 0.17467303765549946 2 0.25296735763549805
0.434 9 0.10062300666091001 3 0.29465270042419434
0.436 0 0.16105444468874638 2 0.24146270751953125
0.436 1 0.17562621082757432 2 0.27757954597473145
0.436 2 0.20546966373291498 2 0.27379417419433594
0.436 3 0.09419769065747556 3 0.28851890563964844
0.436 4 0.07471758378627305 3 0.35501766204833984
0.436 5 0.06968439362748548 3 0.2483384609222412
0.436 6 0.1381251884069469 2 0.25323486328125
0.436 7 0.16363210481132953 2 0.2350931167602539
0.436 8 0.19348426741124 2 0.2896702289581299
0.436 9 0.1901193183268504 2 0.3291332721710205
0.438 0 0.13743183741388432 2 0.256244421005249
0.438 1 0.10542084731985533 3 0.3269956111907959
0.438 2 0.09316291639149298 3 0.32823967933654785
0.438 3 0.10912493730684984 3 0.2917938232421875
0.438 4 0.07337284109298939 2 0.2891256809234619
0.438 5 0.16566333961713883 2 0.2495582103729248
0.438 6 0.08739035352476344 3 0.2792811393737793
0.438 7 0.1018210155878904 2 0.2705504894256592
0.438 8 0.16107150452506683 2 0.2614400386810303
0.438 9 0.151270149985617 2 0.2510244846343994
0.44 0 0.10173299844963615 3 0.30649781227111816
0.44 1 0.08157851229966279 3 0.2903881072998047
0.44 2 0.13198221882439787 2 0.258587121963501
0.44 3 0.18852665983001266 2 0.2891356945037842
0.44 4 0.10940387933544517 2 0.2332756519317627
0.44 5 0.15460596878352248 2 0.22477102279663086
0.44 6 0.0986795769186579 3 0.28455114364624023
0.44 7 0.13367848553112974 2 0.30973339080810547
0.44 8 0.16160864946538467 2 0.25722455978393555
0.44 9 0.15441142903085056 2 0.22826457023620605
0.442 0 0.07004077040324057 2 0.3109581470489502
0.442 1 0.03633832047240057 3 0.2690393924713135
0.442 2 0.0 1 0.268359899520874
0.442 3 0.0 1 0.21009254455566406
0.442 4 0.18978482298164887 2 0.2593708038330078
0.442 5 0.10609626337393907 2 0.2828974723815918
0.442 6 0.1450203550988931 2 0.29430365562438965
0.442 7 0.08756115716972397 3 0.2795836925506592
0.442 8 0.12291111508211142 2 0.28562235832214355
0.442 9 0.10248559465221914 3 0.29128384590148926
0.444 0 0.1137394579245049 2 0.26788878440856934
0.444 1 0.09436890247204995 2 0.24672198295593262
0.444 2 0.1401110858808057 2 0.2230207920074463
0.444 3 0.09974760177679019 3 0.3156094551086426
0.444 4 0.13299292308228464 2 0.29117751121520996
0.444 5 0.15679134026072564 2 0.22396445274353027
0.444 6 0.1251625931661608 2 0.25791120529174805
0.444 7 0.10658068944785508 3 0.2900545597076416
0.444 8 0.1051452033027527 3 0.23806500434875488
0.444 9 0.14906397415027245 2 0.24356698989868164
0.446 0 0.12207993103344864 2 0.2687947750091553
0.446 1 0.09694673098308963 2 0.3042335510253906
0.446 2 0.15937495081054331 2 0.25300121307373047
0.446 3 0.18602473757834032 2 0.2759552001953125
0.446 4 0.1105004112245557 2 0.2340865135192871
0.446 5 0.10552843435189065 2 0.24234437942504883
0.446 6 0.09043879008750415 2 0.27295637130737305
0.446 7 0.10625841478161059 2 0.26746273040771484
0.446 8 0.10335705748143692 2 0.22040724754333496
0.446 9 0.19445427374956503 2 0.29839086532592773
0.448 0 0.08858108281603856 2 0.2417459487915039
0.448 1 0.0 1 0.25835084915161133
0.448 2 0.15833333019564697 2 0.32657766342163086
0.448 3 0.1125842611200819 2 0.2262885570526123
0.448 4 0.12064447614629707 2 0.253176212310791
0.448 5 0.1312281982608811 2 0.2752368450164795
0.448 6 0.06605447548240348 3 0.2804393768310547
0.448 7 0.07689574425443244 2 0.3635678291320801
0.448 8 0.0472248088670349 3 0.3085510730743408
0.448 9 0.062497237966317086 3 0.27440977096557617
0.45 0 0.07248993144344282 2 0.25231099128723145
0.45 1 0.07793399970581977 2 0.28421568870544434
0.45 2 0.09392212262686613 3 0.2773101329803467
0.45 3 0.1101634902606522 2 0.30647778511047363
0.45 4 0.06415359919199778 3 0.30029845237731934
0.45 5 0.062392224240066026 3 0.2766456604003906
0.45 6 0.13689309241144446 2 0.3042013645172119
0.45 7 0.05382274612627952 3 0.31304192543029785
0.45 8 0.060175601759559265 3 0.26146769523620605
0.45 9 0.12978122915880533 2 0.22463607788085938
0.452 0 0.0 1 0.22751927375793457
0.452 1 0.13317685728332526 2 0.297504186630249
0.452 2 0.10988419658291436 2 0.28061509132385254
0.452 3 0.11031350823064355 2 0.24872446060180664
0.452 4 0.04485650128816466 2 0.22440218925476074
0.452 5 0.11891470987485071 2 0.23408865928649902
0.452 6 0.08750601192816375 3 0.24679160118103027
0.452 7 0.12397009971955666 2 0.3015756607055664
0.452 8 0.0 1 0.25139284133911133
0.452 9 0.1360979692062826 2 0.2866520881652832
0.454 0 0.0 1 0.18461966514587402
0.454 1 0.08753059949219145 2 0.3506886959075928
0.454 2 0.11120420083407125 2 0.28983187675476074
0.454 3 0.10114092956812686 2 0.2741234302520752
0.454 4 0.11687320770533051 2 0.2724008560180664
0.454 5 0.0792656998207392 3 0.3003106117248535
0.454 6 0.0 1 0.24181795120239258
0.454 7 0.06398275713817185 3 0.309877872467041
0.454 8 0.09469750814318384 2 0.2536284923553467
0.454 9 0.08308927579640984 3 0.2873191833496094
0.456 0 0.0002006593835890546 2 0.25796031951904297
0.456 1 0.08052293579179119 2 0.24025774002075195
0.456 2 0.07058955629192208 3 0.30405449867248535
0.456 3 0.0 1 0.23601388931274414
0.456 4 0.13765224115793617 2 0.2006394863128662
0.456 5 0.058508211525639627 3 0.3163149356842041
0.456 6 0.11526869691580477 2 0.25868749618530273
0.456 7 0.04505174048290431 2 0.2824058532714844
0.456 8 0.09631323453616841 2 0.26578855514526367
0.456 9 0.10318641929448168 2 0.27495861053466797
0.458 0 0.06873053835356219 3 0.2949690818786621
0.458 1 0.08061231296718364 2 0.25052428245544434
0.458 2 0.0 1 0.23527121543884277
0.458 3 0.0 1 0.22415900230407715
0.458 4 0.08061231296718364 2 0.24943208694458008
0.458 5 0.0 1 0.3082144260406494
0.458 6 0.11862395820559934 2 0.22831320762634277
0.458 7 0.14525393806553571 2 0.31302356719970703
0.458 8 0.0976478440390732 2 0.27745985984802246
0.458 9 0.13370460195536993 2 0.24390769004821777
0.46 0 0.0 1 0.2509455680847168
0.46 1 0.04221935864476471 3 0.281597375869751
0.46 2 0.0 1 0.25628113746643066
0.46 3 -0.00023261128617018857 2 0.2824394702911377
0.46 4 0.09333730122987234 3 0.29341936111450195
0.46 5 0.0 1 0.21636199951171875
0.46 6 0.07280735782352936 2 0.25349998474121094
0.46 7 0.13980163315566407 2 0.25095224380493164
0.46 8 0.07141895262785274 2 0.25129199028015137
0.46 9 0.0 1 0.28198862075805664
0.462 0 0.0 1 0.26299262046813965
0.462 1 0.0 1 0.23024845123291016
0.462 2 0.1480444742997916 2 0.2913382053375244
0.462 3 0.08494992860886671 3 0.2720680236816406
0.462 4 0.031324696754219554 2 0.2385578155517578
0.462 5 0.1385205910275425 2 0.22842693328857422
0.462 6 0.0 1 0.19842314720153809
0.462 7 0.0 1 0.23270893096923828
0.462 8 0.021971683044574204 3 0.3180201053619385
0.462 9 0.1001304862726963 2 0.293703556060791
0.464 0 0.0075806666724452 2 0.27155447006225586
0.464 1 0.0 1 0.24826765060424805
0.464 2 0.0 1 0.262073278427124
0.464 3 0.0 1 0.24480438232421875
0.464 4 0.09075105940264086 2 0.30364298820495605
0.464 5 0.0 1 0.21793627738952637
0.464 6 0.0 1 0.23230338096618652
0.464 7 0.01112544425323803 2 0.25864672660827637
0.464 8 0.059699460610633005 3 0.3696408271789551
0.464 9 0.06603520158430874 3 0.3048379421234131
0.466 0 0.06698735691949678 2 0.23286747932434082
0.466 1 0.038978950311133354 2 0.2841982841491699
0.466 2 0.0 1 0.2860686779022217
0.466 3 0.06585854123156759 2 0.23685812950134277
0.466 4 0.0 1 0.2695274353027344
0.466 5 0.07322871316542584 2 0.22225713729858398
0.466 6 0.0 1 0.2500452995300293
0.466 7 0.0 1 0.2887296676635742
0.466 8 0.0 1 0.251788854598999
0.466 9 -0.00017777443432279253 2 0.2638823986053467
0.468 0 0.045666530617495066 2 0.2931642532348633
0.468 1 -0.00022031672646396195 2 0.3050062656402588
0.468 2 0.0 1 0.24331045150756836
0.468 3 0.07723178861620253 2 0.2535512447357178
0.468 4 0.10864561543334941 2 0.28025388717651367
0.468 5 0.05346341847488636 3 0.3482937812805176
0.468 6 0.0 1 0.22719526290893555
0.468 7 0.0 1 0.27533602714538574
0.468 8 0.02696761329604549 2 0.2893340587615967
0.468 9 -0.00020875202457924593 2 0.3680860996246338
0.47000000000000003 0 0.0 1 0.2568471431732178
0.47000000000000003 1 0.0 1 0.2367873191833496
0.47000000000000003 2 0.0 1 0.29558634757995605
0.47000000000000003 3 0.0 1 0.25304651260375977
0.47000000000000003 4 0.0 1 0.26413393020629883
0.47000000000000003 5 0.0 1 0.2896277904510498
0.47000000000000003 6 0.0 1 0.18560147285461426
0.47000000000000003 7 0.07471371396448932 2 0.3135795593261719
0.47000000000000003 8 0.05594873338973854 2 0.25337958335876465
0.47000000000000003 9 0.06309468356937606 2 0.26700711250305176
0.472 0 0.04271659775568758 3 0.25907444953918457
0.472 1 0.0 1 0.2804911136627197
0.472 2 0.0 1 0.2635383605957031
0.472 3 0.051700059737514875 2 0.2922091484069824
0.472 4 0.10565838307848849 2 0.21491479873657227
0.472 5 0.0 1 0.2351551055908203
0.472 6 0.0 1 0.21047639846801758
0.472 7 0.10136580338784784 2 0.21294617652893066
0.472 8 0.05629102151843406 2 0.2546663284301758
0.472 9 0.0357000900395207 2 0.3021080493927002
0.474 0 0.0 1 0.22510290145874023
0.474 1 0.08072367328747587 2 0.2993505001068115
0.474 2 0.0 1 0.19691061973571777
0.474 3 0.0 1 0.2705850601196289
0.474 4 0.07234331865761295 2 0.31337547302246094
0.474 5 0.05377176725671717 2 0.24657177925109863
0.474 6 0.0 1 0.2553670406341553
0.474 7 0.10172080288892267 2 0.232224702835083
0.474 8 0.022013383176466058 3 0.2646172046661377
0.474 9 0.0 1 0.22830486297607422
0.476 0 0.04164777433263212 2 0.2672383785247803
0.476 1 0.0 1 0.19347071647644043
0.476 2 0.0 1 0.24129080772399902
0.476 3 0.0 1 0.2554018497467041
0.476 4 0.059636822350464726 2 0.22166848182678223
0.476 5 0.07093269537123377 2 0.2933018207550049
0.476 6 0.04072665052871489 2 0.25719141960144043
0.476 7 0.0 1 0.25853586196899414
0.476 8 0.04581615891575242 3 0.29236650466918945
0.476 9 0.03939909198778926 3 0.28645825386047363
0.478 0 0.014116202693837563 2 0.21097350120544434
0.478 1 -0.00021476812899790443 2 0.34398484230041504
0.478 2 0.03765653731774753 2 0.3102240562438965
0.478 3 0.0 1 0.21610474586486816
0.478 4 0.01613164953361735 3 0.2469329833984375
0.478 5 0.04936679560577325 2 0.2575714588165283
0.478 6 0.03654695630847707 2 0.24447202682495117
0.478 7 0.058523188813509194 2 0.25704360008239746
0.478 8 0.0 1 0.23959684371948242
0.478 9 0.06283578221929001 2 0.2625741958618164
0.48 0 0.0 1 0.20671463012695312
0.48 1 0.07778780291814646 2 0.286236047744751
0.48 2 0.0 1 0.28740406036376953
0.48 3 0.09454870787992532 2 0.254713773727417
0.48 4 0.0 1 0.26767849922180176
0.48 5 0.04320213236680956 2 0.21085643768310547
0.48 6 0.0002227916446299131 2 0.2630758285522461
0.48 7 0.0 1 0.23340630531311035
0.48 8 0.06294047884778749 2 0.26287126541137695
0.48 9 -9.905190354187601e-05 2 0.3105905055999756
0.482 0 0.03331657679806539 2 0.2706422805786133
0.482 1 0.0403277245076938 2 0.29310154914855957
0.482 2 0.07647014960042105 2 0.275759220123291
0.482 3 -0.00022943954858907156 2 0.241058349609375
0.482 4 0.0 1 0.26781439781188965
0.482 5 -2.3802494419212904e-05 2 0.24009418487548828
0.482 6 0.0 1 0.27871084213256836
0.482 7 0.07527860892191157 2 0.310502290725708
0.482 8 0.0 1 0.2535824775695801
0.482 9 0.0 1 0.2704753875732422
0.484 0 0.0 1 0.19786548614501953
0.484 1 0.0 1 0.21636509895324707
0.484 2 0.0 1 0.2702913284301758
0.484 3 0.0 1 0.275193452835083
0.484 4 0.0 1 0.20130443572998047
0.484 5 0.034116107141369034 2 0.25261998176574707
0.484 6 0.0 1 0.23213481903076172
0.484 7 0.0 1 0.2914762496948242
0.484 8 0.06394967970317898 2 0.2800416946411133
0.484 9 0.0 1 0.18773412704467773
0.486 0 0.0 1 0.25868844985961914
0.486 1 0.0277628427195894 2 0.29009056091308594
0.486 2 0.0 1 0.26082634925842285
0.486 3 0.017317616817786735 3 0.28148412704467773
0.486 4 0.0 1 0.23058032989501953
0.486 5 0.0 1 0.20443010330200195
0.486 6 0.0 1 0.25834083557128906
0.486 7 0.04224826541370179 2 0.2722921371459961
0.486 8 0.0 1 0.24367809295654297
0.486 9 0.0 1 0.29843831062316895
0.488 0 0.0 1 0.24179530143737793
0.488 1 0.09257169701117855 2 0.24057269096374512
0.488 2 0.03902214244085834 2 0.2487940788269043
0.488 3 0.0 1 0.2844562530517578
0.488 4 0.0 1 0.23792505264282227
0.488 5 0.0 1 0.2136538028717041
0.488 6 0.0 1 0.2153317928314209
0.488 7 0.0 1 0.26303982734680176
0.488 8 -0.00024057205380681782 2 0.254913330078125
0.488 9 -2.3809526094272145e-05 2 0.2917759418487549
0.49 0 -0.00017777964713151621 2 0.2536332607269287
0.49 1 0.0 1 0.2979402542114258
0.49 2 0.0 1 0.28453731536865234
0.49 3 0.0 1 0.26449060440063477
0.49 4 -0.00011232259666148061 2 0.2687702178955078
0.49 5 -0.00022013086640808432 2 0.2499532699584961
0.49 6 0.0 1 0.21783757209777832
0.49 7 0.06705924325204486 2 0.3165395259857178
0.49 8 -0.00018659397405331653 2 0.27388596534729004
0.49 9 0.01953357063189877 3 0.27060627937316895
0.492 0 0.0 1 0.2967379093170166
0.492 1 0.061976073486788755 2 0.27295494079589844
0.492 2 0.0 1 0.22957563400268555
0.492 3 0.0 1 0.28203463554382324
0.492 4 0.0 1 0.23393487930297852
0.492 5 -0.00023262832555624288 2 0.25331854820251465
0.492 6 0.07768126767045822 2 0.25806474685668945
0.492 7 0.0 1 0.23184728622436523
0.492 8 0.004166115656269725 2 0.2813992500305176
0.492 9 0.0 1 0.28434109687805176
0.494 0 0.0 1 0.2627401351928711
0.494 1 0.0 1 0.25803661346435547
0.494 2 -0.00016845404734281306 2 0.26128172874450684
0.494 3 6.50360009662742e-05 3 0.28778672218322754
0.494 4 0.0 1 0.2746851444244385
0.494 5 0.0 1 0.19063973426818848
0.494 6 0.0 1 0.22770953178405762
0.494 7 0.0 1 0.18817687034606934
0.494 8 0.022250439942577773 2 0.3062903881072998
0.494 9 0.02652664334779457 2 0.27215003967285156
0.496 0 0.06111571913818766 2 0.2484302520751953
0.496 1 0.0 1 0.21757984161376953
0.496 2 0.0 1 0.24920082092285156
0.496 3 -0.0001585325572038598 2 0.2962989807128906
0.496 4 0.00046789357647430486 2 0.2930781841278076
0.496 5 0.021548876105991828 2 0.23926377296447754
0.496 6 0.0 1 0.24457430839538574
0.496 7 0.0 1 0.18329310417175293
0.496 8 -6.818771238392852e-06 2 0.27295565605163574
0.496 9 0.0 1 0.25104808807373047
0.498 0 0.0 1 0.25183773040771484
0.498 1 0.0 1 0.26787567138671875
0.498 2 0.0 1 0.27865099906921387
0.498 3 0.02769411339294162 2 0.2908444404602051
0.498 4 0.0 1 0.2321786880493164
0.498 5 0.0 1 0.2822561264038086
0.498 6 0.0 1 0.2206413745880127
0.498 7 0.000247233588027655 2 0.2787446975708008
0.498 8 0.0001984501408204935 2 0.24496698379516602
0.498 9 0.0 1 0.19068121910095215
0.5 0 0.0 1 0.268646240234375
0.5 1 -9.912568790646966e-05 2 0.23392629623413086
0.5 2 0.0 1 0.23435187339782715
0.5 3 0.0 1 0.2590010166168213
0.5 4 0.050715767323014485 2 0.261080265045166
0.5 5 -0.0001248074059802108 2 0.23787474632263184
0.5 6 0.053315614671370005 2 0.2872488498687744
0.5 7 0.0043827546195207255 2 0.26583290100097656
0.5 8 -0.0001479449660718165 2 0.2570657730102539
0.5 9 0.021397022724194643 2 0.23154258728027344
0.502 0 0.0005612112772870842 2 0.257127046585083
0.502 1 0.0136982994581717 3 0.31889891624450684
0.502 2 -0.0002403070270351501 2 0.31014490127563477
0.502 3 0.06335798399534479 2 0.25336241722106934
0.502 4 0.0 1 0.18745875358581543
0.502 5 0.0 1 0.20196032524108887
0.502 6 0.0 1 0.24875569343566895
0.502 7 0.0 1 0.2389388084411621
0.502 8 0.0 1 0.27907228469848633
0.502 9 0.03852530743370875 2 0.22281503677368164
0.504 0 0.04605393095203899 3 0.28272175788879395
0.504 1 0.03039743798876351 2 0.24104809761047363
0.504 2 0.008113266794746455 2 0.27866196632385254
0.504 3 0.0 1 0.2459104061126709
0.504 4 -0.00018644536950216428 2 0.2254643440246582
0.504 5 -9.911779052539552e-05 2 0.26488280296325684
0.504 6 0.0 1 0.2156682014465332
0.504 7 0.0 1 0.21475982666015625
0.504 8 0.0 1 0.2510223388671875
0.504 9 -0.0002085614409880713 2 0.28194737434387207
0.506 0 0.0 1 0.23131537437438965
0.506 1 2.9113984034033027e-05 2 0.2611062526702881
0.506 2 0.0 1 0.23028254508972168
0.506 3 -0.00011233070334287498 2 0.23717212677001953
0.506 4 -9.913320741873304e-05 2 0.3044445514678955
0.506 5 0.027294277289928327 2 0.27826523780822754
0.506 6 0.0 1 0.27321290969848633
0.506 7 0.06017744448831628 2 0.27663564682006836
0.506 8 0.0 1 0.21959733963012695
0.506 9 -0.0002354971030063349 2 0.2824537754058838
0.508 0 0.0 1 0.30935049057006836
0.508 1 0.0 1 0.22925806045532227
0.508 2 0.01438438453085275 2 0.2990691661834717
0.508 3 0.0 1 0.2874166965484619
0.508 4 0.0 1 0.24198436737060547
0.508 5 0.0 1 0.22807693481445312
0.508 6 0.0 1 0.20416498184204102
0.508 7 0.020666306632674707 2 0.2653539180755615
0.508 8 0.0452648512793699 2 0.280808687210083
0.508 9 -0.0002249149025871654 2 0.28070068359375
0.51 0 0.0 1 0.21704387664794922
0.51 1 0.00010866692645968438 2 0.2735300064086914
0.51 2 0.014667564993266831 2 0.3068833351135254
0.51 3 0.0 1 0.24198436737060547
0.51 4 0.0 1 0.23244214057922363
0.51 5 0.0 1 0.25933074951171875
0.51 6 0.0 1 0.23579645156860352
0.51 7 0.0 1 0.23718690872192383
0.51 8 0.016364200903133917 2 0.2716989517211914
0.51 9 0.0 1 0.2870016098022461
0.512 0 0.0 1 0.2399156093597412
0.512 1 -0.00017777584202587017 2 0.29259681701660156
0.512 2 0.0 1 0.33423399925231934
0.512 3 0.02389635263997606 3 0.3182096481323242
0.512 4 0.0 1 0.29103994369506836
0.512 5 0.0 1 0.23409509658813477
0.512 6 0.0 1 0.2170884609222412
0.512 7 0.0 1 0.2525761127471924
0.512 8 -0.0002377421933556946 2 0.28698015213012695
0.512 9 -7.097227201584654e-05 2 0.25483036041259766
0.514 0 0.0 1 0.21114158630371094
0.514 1 0.015244769160999105 2 0.3009209632873535
0.514 2 0.0 1 0.23473596572875977
0.514 3 0.0 1 0.26096153259277344
0.514 4 0.0 1 0.2155616283416748
0.514 5 0.0 1 0.21934199333190918
0.514 6 0.0 1 0.21491789817810059
0.514 7 0.0 1 0.24995875358581543
0.514 8 0.0 1 0.21784496307373047
0.514 9 0.0 1 0.21504926681518555
0.516 0 0.0 1 0.2701401710510254
0.516 1 0.0 1 0.25356125831604004
0.516 2 0.0 1 0.24484729766845703
0.516 3 0.011021525875379147 2 0.29814720153808594
0.516 4 0.0 1 0.2530062198638916
0.516 5 0.001422710052479974 2 0.33699870109558105
0.516 6 0.0 1 0.2540721893310547
0.516 7 0.00819911080074156 3 0.32332324981689453
0.516 8 0.0025823274879913003 2 0.26426005363464355
0.516 9 0.0 1 0.23207902908325195
0.518 0 0.0 1 0.19648122787475586
0.518 1 0.0 1 0.2136096954345703
0.518 2 0.0 1 0.27573680877685547
0.518 3 0.0 1 0.23447227478027344
0.518 4 0.0 1 0.3002309799194336
0.518 5 0.03879829963411326 3 0.2953810691833496
0.518 6 0.0 1 0.21638727188110352
0.518 7 0.0 1 0.22584176063537598
0.518 8 0.0 1 0.23088288307189941
0.518 9 -0.00023943940027675413 2 0.31956052780151367
0.52 0 0.0 1 0.1739497184753418
0.52 1 0.0 1 0.2205486297607422
0.52 2 -7.088570062611689e-05 2 0.25659918785095215
0.52 3 0.0 1 0.2200627326965332
0.52 4 0.0 1 0.16895079612731934
0.52 5 0.0 1 0.25017213821411133
0.52 6 0.0 1 0.21671080589294434
0.52 7 0.0 1 0.23450469970703125
0.52 8 -0.00024062874849128761 2 0.23648858070373535
0.52 9 -0.00012482174465410759 2 0.35439157485961914
0.522 0 0.0 1 0.2471146583557129
0.522 1 0.0004682370438877506 2 0.25663065910339355
0.522 2 0.0 1 0.25374460220336914
0.522 3 -0.00020858177704114673 2 0.28635716438293457
0.522 4 0.0 1 0.24997997283935547
0.522 5 0.0 1 0.1710796356201172
0.522 6 0.000529764498906338 2 0.23468255996704102
0.522 7 0.0 1 0.24571537971496582
0.522 8 -0.0002018255876336193 2 0.2499370574951172
0.522 9 0.0 1 0.2144911289215088
0.524 0 0.0 1 0.2176344394683838
0.524 1 0.0 1 0.251842737197876
0.524 2 0.0 1 0.34442734718322754
0.524 3 0.008738923450675335 2 0.32398104667663574
0.524 4 0.0 1 0.19021391868591309
0.524 5 4.807865682669721e-05 2 0.29074907302856445
0.524 6 0.0 1 0.1914536952972412
0.524 7 -0.00016813696660915672 3 0.340381383895874
0.524 8 0.0 1 0.2290782928466797
0.524 9 0.0 1 0.20441508293151855
0.526 0 0.0 1 0.24558210372924805
0.526 1 0.0 1 0.24676251411437988
0.526 2 0.0 1 0.25205326080322266
0.526 3 0.0 1 0.29649782180786133
0.526 4 0.001439950646371907 2 0.23523545265197754
0.526 5 0.0 1 0.2211158275604248
0.526 6 0.0 1 0.1988987922668457
0.526 7 0.0 1 0.23223042488098145
0.526 8 0.0 1 0.19622492790222168
0.526 9 0.0 1 0.21918272972106934
0.53 0 -0.00023774573660866828 2 0.28805971145629883
0.53 1 0.0 1 0.2772855758666992
0.53 2 0.0 1 0.2054455280303955
0.53 3 0.0 1 0.2314605712890625
0.53 4 0.0 1 0.2285473346710205
0.53 5 0.0 1 0.20946121215820312
0.53 6 0.0 1 0.2146892547607422
0.53 7 0.004383385982702322 2 0.26728177070617676
0.53 8 0.0 1 0.2563817501068115
0.53 9 0.0 1 0.20514297485351562
0.528 0 0.0 1 0.25893330574035645
0.528 1 0.0 1 0.28542041778564453
0.528 2 0.0 1 0.2791121006011963
0.528 3 0.0 1 0.21038556098937988
0.528 4 -0.00015844257618599953 2 0.26538562774658203
0.528 5 -0.00023278101885350016 2 0.27137255668640137
0.528 6 0.0 1 0.21772003173828125
0.528 7 0.0 1 0.26648879051208496
0.528 8 0.0 1 0.2542142868041992
0.528 9 0.0 1 0.24874043464660645
0.532 0 -0.00018643454735076142 2 0.3086862564086914
0.532 1 0.00029930517275700947 2 0.28560638427734375
0.532 2 0.0 1 0.2979891300201416
0.532 3 0.0 1 0.2588646411895752
0.532 4 0.0 1 0.22388815879821777
0.532 5 0.027087510068311598 2 0.23056459426879883
0.532 6 0.0 1 0.24337410926818848
0.532 7 0.0 1 0.2280561923980713
0.532 8 -0.00021465521784233796 2 0.27371811866760254
0.532 9 0.027467038759138532 2 0.270688533782959
0.534 0 -0.00024040677416995354 2 0.2857818603515625
0.534 1 0.0 1 0.18183541297912598
0.534 2 0.0 1 0.25284337997436523
0.534 3 0.0 1 0.1889951229095459
0.534 4 0.00793998525119243 3 0.2815976142883301
0.534 5 0.0 1 0.23028302192687988
0.534 6 0.0 1 0.28574275970458984
0.534 7 0.0 1 0.2813539505004883
0.534 8 0.0 1 0.2621777057647705
0.534 9 0.0 1 0.2699158191680908
0.538 0 0.0 1 0.22748422622680664
0.538 1 0.0 1 0.24988293647766113
0.538 2 0.0 1 0.2892885208129883
0.538 3 0.0 1 0.2607700824737549
0.538 4 0.0 1 0.23817992210388184
0.538 5 0.0 1 0.23419666290283203
0.538 6 0.0 1 0.22563624382019043
0.538 7 0.0 1 0.19575262069702148
0.538 8 0.0 1 0.24331164360046387
0.538 9 0.0 1 0.19802594184875488
0.536 0 0.0020249758207207293 2 0.24941110610961914
0.536 1 0.000381203276592256 2 0.2945244312286377
0.536 2 0.0 1 0.2563481330871582
0.536 3 0.0 1 0.26033496856689453
0.536 4 0.0 1 0.23938989639282227
0.536 5 0.0 1 0.30052733421325684
0.536 6 0.0 1 0.24262237548828125
0.536 7 0.0 1 0.19575262069702148
0.536 8 -0.00022492702980220726 2 0.31172990798950195
0.536 9 0.0 1 0.21784424781799316
0.54 0 0.000251349553088911 2 0.24569940567016602
0.54 1 0.0 1 0.20434927940368652
0.54 2 0.0 1 0.24610042572021484
0.54 3 0.004194977073932251 2 0.3091716766357422
0.54 4 0.0 1 0.18983960151672363
0.54 5 -0.0002201124952320908 2 0.2616913318634033
0.54 6 0.0 1 0.22861194610595703
0.54 7 0.013604865767999592 2 0.2546725273132324
0.54 8 0.0 1 0.26189708709716797
0.54 9 0.0 1 0.21625065803527832
0.542 0 0.002928622534610545 2 0.25757670402526855
0.542 1 -0.0002022981035652831 2 0.35250020027160645
0.542 2 0.0 1 0.23019051551818848
0.542 3 -0.00011224764199323688 2 0.2425518035888672
0.542 4 -0.00023563329995876636 2 0.2711782455444336
0.542 5 0.0 1 0.24868178367614746
0.542 6 0.0 1 0.23232054710388184
0.542 7 -0.00022925658697191481 2 0.3558835983276367
0.542 8 0.0 1 0.22932815551757812
0.542 9 0.0 1 0.22373294830322266
0.544 0 -9.911779052539529e-05 2 0.24748921394348145
0.544 1 0.0 1 0.28158068656921387
0.544 2 0.0 1 0.3209669589996338
0.544 3 -0.00020182643800498374 2 0.29683542251586914
0.544 4 0.0 1 0.2276623249053955
0.544 5 -0.00022010493760038765 2 0.22793960571289062
0.544 6 0.0 1 0.1971588134765625
0.544 7 0.0 1 0.27072763442993164
0.544 8 -6.836860768271125e-06 2 0.25368213653564453
0.544 9 0.0 1 0.25696253776550293
0.546 0 0.0 1 0.32990336418151855
0.546 1 0.009839547570992091 2 0.26840662956237793
0.546 2 0.0 1 0.20592737197875977
0.546 3 0.0 1 0.26445889472961426
0.546 4 0.0 1 0.22626471519470215
0.546 5 0.0 1 0.22335028648376465
0.546 6 0.0 1 0.23244071006774902
0.546 7 0.0 1 0.2290785312652588
0.546 8 0.0 1 0.21760320663452148
0.546 9 0.0 1 0.23094940185546875
0.548 0 0.007836454102723184 2 0.24419498443603516
0.548 1 0.0 1 0.21363162994384766
0.548 2 0.0 1 0.2798025608062744
0.548 3 0.003929566295647242 3 0.3877573013305664
0.548 4 0.003780842443382286 2 0.2457432746887207
0.548 5 0.0 1 0.20710396766662598
0.548 6 0.0051858110841473265 2 0.2300410270690918
0.548 7 0.012461307692379594 2 0.25669384002685547
0.548 8 0.0 1 0.22452187538146973
0.548 9 0.0 1 0.23154139518737793
0.55 0 0.007781537314033578 2 0.28310561180114746
0.55 1 0.0006384578565993938 3 0.3324754238128662
0.55 2 -0.00019450194225180918 2 0.31972718238830566
0.55 3 0.006552207337590833 2 0.25240421295166016
0.55 4 0.0 1 0.19977259635925293
0.55 5 0.009427948026161875 3 0.32437610626220703
0.55 6 0.0 1 0.24240469932556152
0.55 7 0.0 1 0.23980236053466797
0.55 8 -0.00015852409955312673 2 0.21503090858459473
0.55 9 -0.00023550008928569822 2 0.29499077796936035
0.552 0 0.0 1 0.22289109230041504
0.552 1 -0.00012482601897228102 2 0.2576003074645996
0.552 2 -0.000235508053226551 2 0.3050098419189453
0.552 3 0.0002984988015729981 2 0.2535378932952881
0.552 4 0.0 1 0.23359107971191406
0.552 5 -0.0001248531506245791 2 0.2926003932952881
0.552 6 0.0 1 0.21992802619934082
0.552 7 0.0 1 0.1862804889678955
0.552 8 0.0 1 0.19475340843200684
0.552 9 0.0 1 0.2226858139038086
0.554 0 0.0024191670595165022 2 0.24847102165222168
0.554 1 -0.0002327447161594668 2 0.29979658126831055
0.554 2 0.0023011938673042132 2 0.2948148250579834
0.554 3 1.0834023630177747e-05 2 0.296539306640625
0.554 4 0.006060469390802501 2 0.2542397975921631
0.554 5 0.0 1 0.21845102310180664
0.554 6 0.0 1 0.2715144157409668
0.554 7 0.0 1 0.2567472457885742
0.554 8 0.0 1 0.2527899742126465
0.554 9 0.0 1 0.2362957000732422
0.556 0 0.0 1 0.21608328819274902
0.556 1 0.001758371816009736 3 0.283980131149292
0.556 2 0.0 1 0.22179770469665527
0.556 3 0.0 1 0.23422479629516602
0.556 4 -0.0001864892855654006 2 0.2517061233520508
0.556 5 0.00013021285595275973 2 0.2572190761566162
0.556 6 0.0 1 0.23309111595153809
0.556 7 0.0 1 0.26038599014282227
0.556 8 0.0 1 0.19936704635620117
0.556 9 0.0 1 0.21779847145080566
0.558 0 0.0 1 0.21240854263305664
0.558 1 0.0004096909610531706 2 0.3049051761627197
0.558 2 0.0 1 0.24717378616333008
0.558 3 0.0 1 0.2496635913848877
0.558 4 0.0 1 0.2345433235168457
0.558 5 -0.00019445380322067682 2 0.3277254104614258
0.558 6 -0.000220247771196508 2 0.2449033260345459
0.558 7 0.0 1 0.26309680938720703
0.558 8 0.0 1 0.2566244602203369
0.558 9 0.0 1 0.2472531795501709
0.56 0 0.0 1 0.17438459396362305
0.56 1 -0.0002326618732365089 2 0.3037440776824951
0.56 2 0.0 1 0.23664569854736328
0.56 3 -2.3589008536438812e-05 2 0.25597286224365234
0.56 4 0.0 1 0.2833409309387207
0.56 5 0.003785688607071322 2 0.23062419891357422
0.56 6 -9.918391816728121e-05 2 0.27419519424438477
0.56 7 -0.00013669443659402905 2 0.26285648345947266
0.56 8 -0.0002377814728689366 2 0.3195016384124756
0.56 9 0.0 1 0.20189356803894043
0.562 0 0.0 1 0.25917887687683105
0.562 1 -0.000208570607823458 2 0.3278324604034424
0.562 2 0.0 1 0.25526881217956543
0.562 3 0.0 1 0.24074053764343262
0.562 4 0.0 1 0.21650385856628418
0.562 5 -0.000229086155819311 2 0.27806735038757324
0.562 6 0.0 1 0.21224331855773926
0.562 7 0.0 1 0.2448272705078125
0.562 8 0.0 1 0.22185087203979492
0.562 9 0.0 1 0.2281935214996338
0.5640000000000001 0 0.0 1 0.2486882209777832
0.5640000000000001 1 0.0 1 0.23102307319641113
0.5640000000000001 2 0.001377936682577615 2 0.2747640609741211
0.5640000000000001 3 0.0 1 0.23027753829956055
0.5640000000000001 4 0.0 1 0.267406702041626
0.5640000000000001 5 -8.505953885282311e-05 2 0.3185701370239258
0.5640000000000001 6 0.0 1 0.24302387237548828
0.5640000000000001 7 0.0 1 0.26934003829956055
0.5640000000000001 8 0.0 1 0.21769380569458008
0.5640000000000001 9 -0.00017777400375777676 2 0.24963736534118652
0.5660000000000001 0 -0.0001227755247975823 2 0.2248983383178711
0.5660000000000001 1 0.0 1 0.22832918167114258
0.5660000000000001 2 0.0019952637225317603 3 0.366074800491333
0.5660000000000001 3 0.0 1 0.23177528381347656
0.5660000000000001 4 0.005885716274106246 2 0.23914289474487305
0.5660000000000001 5 0.0 1 0.21242904663085938
0.5660000000000001 6 0.0 1 0.25955653190612793
0.5660000000000001 7 0.004124622885771503 3 0.32134079933166504
0.5660000000000001 8 0.0 1 0.21987009048461914
0.5660000000000001 9 0.0 1 0.19539117813110352
0.568 0 0.0 1 0.22571849822998047
0.568 1 -0.00023776434117173136 2 0.329237699508667
0.568 2 0.0004709649771126351 2 0.2664918899536133
0.568 3 0.0 1 0.20611119270324707
0.568 4 0.0 1 0.23762798309326172
0.568 5 0.0022335676153401054 2 0.2503018379211426
0.568 6 0.0 1 0.21620774269104004
0.568 7 0.0 1 0.24012255668640137
0.568 8 6.76294506562334e-05 2 0.22330594062805176
0.568 9 0.0126420955353052 3 0.2812812328338623
0.57 0 0.0 1 0.24134111404418945
0.57 1 0.006846550662490737 2 0.28363990783691406
0.57 2 0.0059697358176960405 2 0.23987317085266113
0.57 3 -0.00022011669411562573 2 0.2686281204223633
0.57 4 -0.000232622645386213 2 0.22407269477844238
0.57 5 0.0 1 0.21604394912719727
0.57 6 0.0 1 0.2513103485107422
0.57 7 0.0 1 0.2440032958984375
0.57 8 0.0 1 0.248640775680542
0.57 9 0.0 1 0.21802592277526855
0.572 0 -0.00014788918949817568 2 0.21898388862609863
0.572 1 0.0 1 0.21681714057922363
0.572 2 0.0 1 0.2333846092224121
0.572 3 0.0 1 0.17827653884887695
0.572 4 0.0 1 0.17555570602416992
0.572 5 0.0 1 0.27515363693237305
0.572 6 -0.00024031133459678276 2 0.24673795700073242
0.572 7 0.0 1 0.2573068141937256
0.572 8 -0.0002392158430272784 2 0.29135632514953613
0.572 9 0.0 1 0.28267574310302734
0.574 0 -5.320883351201488e-05 2 0.24588799476623535
0.574 1 0.0 1 0.24958276748657227
0.574 2 -0.0002201595309155355 2 0.2972526550292969
0.574 3 0.0 1 0.23625397682189941
0.574 4 0.0 1 0.19699406623840332
0.574 5 0.0 1 0.18624114990234375
0.574 6 0.0 1 0.2183527946472168
0.574 7 0.0 1 0.2249279022216797
0.574 8 -3.9567452695348244e-05 2 0.2339768409729004
0.574 9 0.0 1 0.27893662452697754
0.576 0 -0.00023934707660637673 2 0.3426063060760498
0.576 1 0.0 1 0.26759767532348633
0.576 2 0.0 1 0.25615620613098145
0.576 3 0.0 1 0.21183133125305176
0.576 4 0.005798335326061423 2 0.24407625198364258
0.576 5 0.0 1 0.1985623836517334
0.576 6 0.0 1 0.3011329174041748
0.576 7 0.0 1 0.21913647651672363
0.576 8 0.0 1 0.23664474487304688
0.576 9 0.0 1 0.23238182067871094
0.578 0 0.0 1 0.21860218048095703
0.578 1 0.0 1 0.2336118221282959
0.578 2 0.0 1 0.2893562316894531
0.578 3 0.0 1 0.19183564186096191
0.578 4 0.0 1 0.21856451034545898
0.578 5 0.0 1 0.2636904716491699
0.578 6 0.0 1 0.2182755470275879
0.578 7 -0.00011234317004986043 2 0.27225542068481445
0.578 8 -0.00016847184312947962 2 0.24104070663452148
0.578 9 0.0 1 0.21773028373718262
0.58 0 0.012499398927701902 2 0.21322345733642578
0.58 1 0.0 1 0.2360363006591797
0.58 2 0.0 1 0.314547061920166
0.58 3 0.0 1 0.22067666053771973
0.58 4 0.0 1 0.20596528053283691
0.58 5 0.0 1 0.27156901359558105
0.58 6 0.005769465455770987 2 0.2635688781738281
0.58 7 0.0 1 0.2075951099395752
0.58 8 0.0 1 0.25130462646484375
0.58 9 -8.540376088960535e-05 2 0.2674388885498047
0.582 0 0.0 1 0.24199771881103516
0.582 1 0.0 1 0.2124009132385254
0.582 2 0.004903813951041921 2 0.31990933418273926
0.582 3 0.0 1 0.21169471740722656
0.582 4 0.0 1 0.256397008895874
0.582 5 -0.0002249177010429707 2 0.32822513580322266
0.582 6 0.0 1 0.1949007511138916
0.582 7 0.0 1 0.22832155227661133
0.582 8 -6.701094711974683e-06 2 0.2930600643157959
0.582 9 -0.00020183324035337666 2 0.2731478214263916
0.584 0 0.0 1 0.2500765323638916
0.584 1 -0.00023934480392682255 2 0.30269646644592285
0.584 2 0.0026709813260291835 2 0.322711706161499
0.584 3 -0.00014793730101592953 2 0.24425745010375977
0.584 4 0.0 1 0.24959325790405273
0.584 5 0.0 1 0.18338513374328613
0.584 6 0.0 1 0.21737146377563477
0.584 7 0.0 1 0.22298765182495117
0.584 8 0.0 1 0.2101757526397705
0.584 9 0.0 1 0.2269878387451172
0.586 0 -0.000208570607823458 2 0.21954965591430664
0.586 1 0.0013156764443989918 3 0.34322333335876465
0.586 2 0.0 1 0.23097896575927734
0.586 3 0.0 1 0.24466896057128906
0.586 4 0.0 1 0.22778987884521484
0.586 5 0.0 1 0.2449939250946045
0.586 6 0.0 1 0.22206854820251465
0.586 7 0.0 1 0.23945856094360352
0.586 8 -0.00020856883610928582 2 0.25354552268981934
0.586 9 0.00013909137088219086 3 0.2881584167480469
0.588 0 -0.00021467173803909077 2 0.2493607997894287
0.588 1 0.003542229361708187 2 0.22401833534240723
0.588 2 0.0 1 0.21251463890075684
0.588 3 0.0 1 0.23552393913269043
0.588 4 0.0 1 0.2680518627166748
0.588 5 0.0 1 0.21430230140686035
0.588 6 0.0 1 0.21794605255126953
0.588 7 0.0 1 0.22799968719482422
0.588 8 0.0 1 0.2501537799835205
0.588 9 0.0 1 0.21643662452697754
0.59 0 0.0 1 0.21325325965881348
0.59 1 0.0 1 0.23479866981506348
0.59 2 0.0 1 0.3156399726867676
0.59 3 0.0 1 0.24024486541748047
0.59 4 0.0 1 0.2019805908203125
0.59 5 0.0007004036237714734 2 0.23974323272705078
0.59 6 0.0 1 0.2783212661743164
0.59 7 0.0 1 0.2910621166229248
0.59 8 0.0 1 0.25412917137145996
0.59 9 4.801392068686064e-05 2 0.24071478843688965
0.592 0 0.0 1 0.248549222946167
0.592 1 0.0 1 0.2450268268585205
0.592 2 0.0 1 0.24042391777038574
0.592 3 0.0 1 0.22769379615783691
0.592 4 0.0 1 0.21625828742980957
0.592 5 0.0 1 0.19788742065429688
0.592 6 0.0 1 0.24369311332702637
0.592 7 0.0 1 0.300095796585083
0.592 8 0.0019265358370033393 2 0.23955154418945312
0.592 9 0.0 1 0.2101907730102539
0.594 0 0.0 1 0.24489927291870117
0.594 1 0.0 1 0.2802097797393799
0.594 2 0.0 1 0.21767306327819824
0.594 3 0.0 1 0.24366068840026855
0.594 4 0.0 1 0.27130889892578125
0.594 5 0.0 1 0.20798039436340332
0.594 6 0.0 1 0.2397780418395996
0.594 7 0.0009212979788446482 2 0.2803218364715576
0.594 8 0.0 1 0.2547738552093506
0.594 9 0.00010866692645968438 2 0.28757166862487793
0.596 0 0.0008624879280297929 2 0.26005983352661133
0.596 1 -0.00023555343362010147 2 0.24080348014831543
0.596 2 0.0 1 0.213592529296875
0.596 3 0.0 1 0.26444101333618164
0.596 4 0.0 1 0.23390841484069824
0.596 5 0.0 1 0.20224976539611816
0.596 6 0.0 1 0.2404642105102539
0.596 7 0.0 1 0.23223137855529785
0.596 8 0.0 1 0.27199792861938477
0.596 9 0.00029854481380770973 2 0.2687661647796631
0.598 0 0.0 1 0.20282196998596191
0.598 1 -0.00022492702980220707 2 0.2980160713195801
0.598 2 0.0 1 0.24962329864501953
0.598 3 0.0 1 0.2320261001586914
0.598 4 0.0 1 0.24989771842956543
0.598 5 0.0002224938502775328 2 0.2388324737548828
0.598 6 0.0 1 0.26651644706726074
0.598 7 0.0 1 0.21670794486999512
0.598 8 0.0 1 0.23238825798034668
0.598 9 0.0 1 0.23147821426391602
0.6 0 0.0 1 0.19151973724365234
0.6 1 0.0 1 0.21398687362670898
0.6 2 -0.0002326202111436101 2 0.2423398494720459
0.6 3 0.0 1 0.31052255630493164
0.6 4 0.0 1 0.2533097267150879
0.6 5 -0.00013670403572918412 2 0.32102537155151367
0.6 6 0.0 1 0.29166364669799805
0.6 7 0.0 1 0.20137810707092285
0.6 8 0.0007669117113326254 2 0.25415754318237305
0.6 9 0.0 1 0.22629261016845703
