0.14 0 0.5949647749540017 3 31.09804630279541
0.14 1 0.8966391864455721 2 22.334981203079224
0.14 2 0.45844769493053095 4 22.779114723205566
0.14 3 0.5841256716234645 3 20.24846839904785
0.14 4 0.8937318583656779 2 24.824872732162476
0.14 5 0.8953873251361867 2 19.89320206642151
0.14 6 0.8906676012164307 2 27.58218026161194
0.14 7 0.893554319056881 2 18.878056526184082
0.14 8 0.8907502686756235 2 17.646170377731323
0.14 9 0.5771033889027206 3 20.247265338897705
0.14 10 0.8911024437236127 2 28.84791922569275
0.14 11 0.8941388568429761 2 24.942575216293335
0.14 12 0.5325294387273548 3 22.538827657699585
0.14 13 0.5558279585702012 3 17.31333565711975
0.14 14 0.8900602257669331 2 24.17463183403015
0.14 15 0.8880392876058663 2 18.161527156829834
0.14 16 0.8968426235796992 2 24.855597257614136
0.14 17 0.8947349685497766 2 22.16918969154358
0.14 18 0.8916344356323077 2 27.428600311279297
0.14 19 0.8941714630094061 2 23.950668573379517
0.14 20 0.5896379996477138 3 33.05830144882202
0.14 21 0.5928304869245876 3 25.197272777557373
0.14 22 0.5994913664651285 3 22.069018363952637
0.14 23 0.8931230256153088 2 22.770599126815796
0.14 24 0.4564192808533344 4 19.563242435455322
0.14 25 0.8939379552039295 2 22.275216102600098
0.14 26 0.5739661614422507 3 20.486010551452637
0.14 27 0.8990922841889137 2 25.804009437561035
0.14 28 0.889922843158491 2 23.958415031433105
0.14 29 0.8917012451910796 2 19.96519160270691
0.16 0 0.5619203086297582 3 33.91298174858093
0.16 1 0.8531786465398921 2 22.08864688873291
0.16 2 0.5603945615418852 3 31.8610258102417
0.16 3 0.8491729756706515 2 19.528798580169678
0.16 4 0.8507671280759374 2 20.944928646087646
0.16 5 0.8559878705697748 2 21.881096601486206
0.16 6 0.5257881614503236 3 29.183136463165283
0.16 7 0.506400496557886 3 24.074684381484985
0.16 8 0.8491488754325129 2 16.67652678489685
0.16 9 0.8614771808058174 2 21.770941495895386
0.16 10 0.5543339600643782 3 23.028510570526123
0.16 11 0.8619385057631936 2 23.600057125091553
0.16 12 0.8557608455353907 2 18.242514610290527
0.16 13 0.8581818966866154 2 26.078709840774536
0.16 14 0.564470342714749 3 20.6536705493927
0.16 15 0.8670642991492314 2 19.41163921356201
0.16 16 0.8553969917847144 2 24.196306467056274
0.16 17 0.5513875793696277 3 20.469524145126343
0.16 18 0.8580120817111415 2 34.58909630775452
0.16 19 0.850089026597589 2 32.523427963256836
0.16 20 0.5496892200798013 3 22.183135986328125
0.16 21 0.8531786465398921 2 25.984492778778076
0.16 22 0.8562072675211656 2 21.89622664451599
0.16 23 0.8527989704997773 2 21.041388511657715
0.16 24 0.848490411269003 2 21.926426887512207
0.16 25 0.8581832981991827 2 23.081254720687866
0.16 26 0.8593210946228315 2 20.714138746261597
0.16 27 0.8566960365357675 2 22.13265609741211
0.16 28 0.8540995904614017 2 32.299763202667236
0.16 29 0.8502155499656525 2 17.562172651290894
0.1 0 0.9510533469412802 2 29.242403745651245
0.1 1 0.9550998026523659 2 23.014330863952637
0.1 2 0.6562146851456364 3 23.211747646331787
0.1 3 0.6650561812916364 3 26.90469789505005
0.1 4 0.659829492499351 3 19.964239597320557
0.1 5 0.6643475375568209 3 20.31379270553589
0.1 6 0.9463770172014797 2 21.637914180755615
0.1 7 0.6551768647747075 3 20.011664152145386
0.1 8 0.956896892851512 2 17.325982093811035
0.1 9 0.9505516850616801 2 29.089715480804443
0.1 10 0.6467664658958127 3 27.276262760162354
0.1 11 0.9483191714078023 2 23.14509153366089
0.1 12 0.9566318700621692 2 23.89466667175293
0.1 13 0.9580313179398573 2 18.001319885253906
0.1 14 0.9542182666103298 2 30.803874254226685
0.1 15 0.9520759143424826 2 22.030675411224365
0.1 16 0.9498148903851318 2 21.29643678665161
0.1 17 0.9463508816962021 2 24.129611253738403
0.1 18 0.9535691508232933 2 31.987851858139038
0.1 19 0.9503131915891273 2 18.517298460006714
0.1 20 0.6681898167468705 3 25.12429714202881
0.1 21 0.9592563136582571 2 21.57690143585205
0.1 22 0.6645708237755833 3 22.440346479415894
0.1 23 0.9569787348039501 2 19.115336656570435
0.1 24 0.9516112733625526 2 22.497716665267944
0.1 25 0.9493233331837009 2 30.17647933959961
0.1 26 0.5744755715133201 3 24.824926137924194
0.1 27 0.9549099594715634 2 27.57093596458435
0.1 28 0.9523073240521576 2 22.736363649368286
0.1 29 0.9535784713722623 2 31.4831223487854
0.12000000000000001 0 0.933052779816931 2 22.381089448928833
0.12000000000000001 1 0.9243769953180753 2 26.227322578430176
0.12000000000000001 2 0.922316144621592 2 27.25863242149353
0.12000000000000001 3 0.6364322112753673 3 21.812779188156128
0.12000000000000001 4 0.9234335573487449 2 28.58100986480713
0.12000000000000001 5 0.9252575497347681 2 18.999837398529053
0.12000000000000001 6 0.9263623937025884 2 25.97694754600525
0.12000000000000001 7 0.6332295231860997 3 21.09892702102661
0.12000000000000001 8 0.9243508409164224 2 20.85353112220764
0.12000000000000001 9 0.9275014074287078 2 21.314146995544434
0.12000000000000001 10 0.9238863198554341 2 24.005154848098755
0.12000000000000001 11 0.9230887224737078 2 21.401763439178467
0.12000000000000001 12 0.49089474531423766 4 21.698118209838867
0.12000000000000001 13 0.928885419731878 2 29.83301329612732
0.12000000000000001 14 0.9311707295383155 2 26.04115104675293
0.12000000000000001 15 0.9288668771803273 2 25.104038953781128
0.12000000000000001 16 0.6326045850988052 3 26.58859133720398
0.12000000000000001 17 0.9254863620513637 2 24.848026752471924
0.12000000000000001 18 0.9330112448814356 2 22.13603115081787
0.12000000000000001 19 0.6324668476273637 3 26.826180934906006
0.12000000000000001 20 0.9277608201124686 2 16.822877407073975
0.12000000000000001 21 0.9203126012036995 2 23.563680410385132
0.12000000000000001 22 0.6280037810640741 3 28.77024793624878
0.12000000000000001 23 0.9293901350454633 2 20.456312656402588
0.12000000000000001 24 0.9234342345990609 2 26.895649194717407
0.12000000000000001 25 0.6323284184192816 3 28.467297554016113
0.12000000000000001 26 0.3995112512717335 5 26.409735679626465
0.12000000000000001 27 0.9227701407650347 2 25.40960168838501
0.12000000000000001 28 0.9259790657048629 2 22.50064492225647
0.12000000000000001 29 0.4994012583517361 4 28.895580291748047
0.18 0 0.5185872060960223 3 19.883439540863037
0.18 1 0.8063059654034603 2 24.904677152633667
0.18 2 0.8150540891482025 2 28.1568706035614
0.18 3 0.5246098599262068 3 27.484126329421997
0.18 4 0.5020567129144079 3 18.188620805740356
0.18 5 0.5233602210563095 3 20.560450792312622
0.18 6 0.4767276098233558 3 22.314955949783325
0.18 7 0.7976698057888753 2 20.4775173664093
0.18 8 0.8054094217560609 2 26.18507719039917
0.18 9 0.8157790760837924 2 22.09623074531555
0.18 10 0.8083120133827852 2 21.228940963745117
0.18 11 0.8021182084333045 2 26.93330430984497
0.18 12 0.4686154196232141 3 19.99709129333496
0.18 13 0.8055583282914015 2 22.649407148361206
0.18 14 0.4009621699115513 4 20.784062385559082
0.18 15 0.4026588924632214 4 22.06852436065674
0.18 16 0.48365879169785814 3 21.765552282333374
0.18 17 0.5110937362857788 3 24.013985872268677
0.18 18 0.7940337130268085 2 23.421521186828613
0.18 19 0.8099174155935573 2 21.16356587409973
0.18 20 0.8029458383816969 2 17.236279010772705
0.18 21 0.8116645685130665 2 32.134523153305054
0.18 22 0.5001687710563772 3 22.960758924484253
0.18 23 0.8120236839457857 2 25.848354816436768
0.18 24 0.8092972544282527 2 21.870504140853882
0.18 25 0.4759563907663867 3 19.549266815185547
0.18 26 0.47532830045695257 3 16.029771327972412
0.18 27 0.8076471758688691 2 23.517241716384888
0.18 28 0.5183253477933735 3 26.0918231010437
0.18 29 0.8019750667676814 2 24.17961812019348
0.22 0 0.7015611856648183 2 26.187635898590088
0.22 1 0.7125285920664247 2 19.967045783996582
0.22 2 0.4194833899906183 3 17.217369079589844
0.22 3 0.410863350510857 3 27.83075261116028
0.22 4 0.7068447236851353 2 22.733129501342773
0.22 5 0.7096575425728651 2 26.359211921691895
0.22 6 0.707542384285636 2 20.322733640670776
0.22 7 0.7064676353490139 2 25.571167707443237
0.22 8 0.6944261797979725 2 22.843002319335938
0.22 9 0.7071225171008036 2 21.562702655792236
0.22 10 0.7091274796581589 2 18.746997117996216
0.22 11 0.4100932139212801 3 23.198455333709717
0.22 12 0.7024121209522872 2 18.944851398468018
0.22 13 0.7037656351193986 2 19.62942934036255
0.22 14 0.7082581671396873 2 24.600552558898926
0.22 15 0.7033613629003819 2 21.71074104309082
0.22 16 0.42554630981960884 3 19.44402050971985
0.22 17 0.43100997580798683 3 19.712992668151855
0.22 18 0.7120788067019055 2 19.664875030517578
0.22 19 0.7032289614832458 2 20.324806690216064
0.22 20 0.703459241589504 2 23.380481958389282
0.22 21 0.6963731407425966 2 21.835522413253784
0.22 22 0.7067065947741409 2 20.34818959236145
0.22 23 0.4229425402499949 3 22.03729557991028
0.22 24 0.6979865997472533 2 24.517000675201416
0.22 25 0.4166665461324677 3 20.670786142349243
0.22 26 0.6970262223884685 2 27.21112060546875
0.22 27 0.7085223031725356 2 18.69166326522827
0.22 28 0.7087910501420654 2 25.188939332962036
0.22 29 0.7061646514043114 2 24.17653751373291
0.2 0 0.7558710263438261 2 20.72120213508606
0.2 1 0.7634253210060012 2 21.94589924812317
0.2 2 0.44643129361633593 3 19.88445734977722
0.2 3 0.7578580351089003 2 29.176955938339233
0.2 4 0.7460741584794325 2 21.61702013015747
0.2 5 0.7635465264218948 2 26.67209792137146
0.2 6 0.4503049348703877 3 16.071967840194702
0.2 7 0.7587760707271349 2 22.673722982406616
0.2 8 0.7630957803252666 2 19.32969880104065
0.2 9 0.751389269807522 2 26.760246515274048
0.2 10 0.4675437599510749 3 22.923537731170654
0.2 11 0.758466856596408 2 17.907920837402344
0.2 12 0.44799048471558595 3 23.44611144065857
0.2 13 0.7659355406826208 2 21.548351764678955
0.2 14 0.4471088132779046 3 24.411407232284546
0.2 15 0.3770104238531345 4 19.942703008651733
0.2 16 0.7563016429138018 2 22.71337628364563
0.2 17 0.7558817122883923 2 24.035933256149292
0.2 18 0.75419790340399 2 20.5080623626709
0.2 19 0.7568074334939086 2 18.629953622817993
0.2 20 0.7674154088537852 2 25.31618571281433
0.2 21 0.76205025812315 2 19.5466148853302
0.2 22 0.7524483181393807 2 22.679729461669922
0.2 23 0.7600851971212497 2 29.542540788650513
0.2 24 0.7646776563159386 2 20.71623706817627
0.2 25 0.7519364094814441 2 20.600679874420166
0.2 26 0.7518648268743205 2 25.882869005203247
0.2 27 0.7571018127716053 2 23.234023809432983
0.2 28 0.7547030451940142 2 22.676544427871704
0.2 29 0.759901568995604 2 21.760591506958008
0.24000000000000002 0 0.6611534664793157 2 27.735796213150024
0.24000000000000002 1 0.37957390941645014 3 28.424593210220337
0.24000000000000002 2 0.647265338529135 2 24.74605131149292
0.24000000000000002 3 0.6406658047206798 2 20.78248119354248
0.24000000000000002 4 0.648166713267011 2 28.638190507888794
0.24000000000000002 5 0.6461558829344787 2 22.52702260017395
0.24000000000000002 6 0.6451125726844535 2 21.86301827430725
0.24000000000000002 7 0.6444710460768752 2 25.87810754776001
0.24000000000000002 8 0.6498742747349916 2 18.763204097747803
0.24000000000000002 9 0.6493055194513495 2 15.703831195831299
0.24000000000000002 10 0.6507070934935627 2 19.86706018447876
0.24000000000000002 11 0.6499480496404372 2 19.308826446533203
0.24000000000000002 12 0.6527652653725718 2 19.875300407409668
0.24000000000000002 13 0.639977752608403 2 28.787121772766113
0.24000000000000002 14 0.6427861824586598 2 19.462576866149902
0.24000000000000002 15 0.6442623110982885 2 22.92136812210083
0.24000000000000002 16 0.6494305512685816 2 22.607945680618286
0.24000000000000002 17 0.3077342963562 4 28.12018322944641
0.24000000000000002 18 0.6502070771985728 2 16.84242010116577
0.24000000000000002 19 0.6517569167213841 2 17.389037609100342
0.24000000000000002 20 0.6499417854675209 2 16.971649408340454
0.24000000000000002 21 0.3796627076955235 3 22.23858618736267
0.24000000000000002 22 0.6536598535001312 2 22.677027702331543
0.24000000000000002 23 0.6463480898317374 2 26.571434497833252
0.24000000000000002 24 0.6395700071936801 2 18.807442903518677
0.24000000000000002 25 0.39145069522398396 3 23.351829767227173
0.24000000000000002 26 0.6482040015582482 2 26.234378337860107
0.24000000000000002 27 0.6477559815878352 2 18.772313833236694
0.24000000000000002 28 0.6536549861597424 2 17.127328872680664
0.24000000000000002 29 0.3867941535486658 3 23.787354469299316
0.28 0 0.5220755795024477 2 23.00335931777954
0.28 1 0.5313102154728522 2 21.554690837860107
0.28 2 0.3123512812089243 3 21.43782067298889
0.28 3 0.5293076299321906 2 22.32855200767517
0.28 4 0.5249016367137767 2 29.76225185394287
0.28 5 0.5242379081454669 2 20.356557369232178
0.28 6 0.5273741501716955 2 24.619463443756104
0.28 7 0.5284904924308605 2 21.05074167251587
0.28 8 0.31392901707226745 3 22.66733717918396
0.28 9 0.31347254502083083 3 21.41221857070923
0.28 10 0.3117489061887046 3 21.874870538711548
0.28 11 0.31887415087287696 3 28.351385593414307
0.28 12 0.527906575911369 2 23.980220556259155
0.28 13 0.5379527123817751 2 21.46647334098816
0.28 14 0.23577651007545777 4 20.890665292739868
0.28 15 0.5309490954850196 2 25.060688734054565
0.28 16 0.5369412330201431 2 26.079190731048584
0.28 17 0.5167505085346682 2 21.147950410842896
0.28 18 0.534280893280339 2 25.18776035308838
0.28 19 0.5280373966070179 2 23.266109943389893
0.28 20 0.526676019371982 2 24.12200665473938
0.28 21 0.31225942265868545 3 29.24349617958069
0.28 22 0.3131968160619561 3 23.58696675300598
0.28 23 0.5360231562743674 2 18.86770725250244
0.28 24 0.31903049676988254 3 24.40257477760315
0.28 25 0.5244140712821453 2 25.947177410125732
0.28 26 0.5442391217404419 2 25.24432396888733
0.28 27 0.5220780564019922 2 27.85331630706787
0.28 28 0.32941728239834206 3 30.055701971054077
0.28 29 0.5322645465157214 2 20.98914361000061
0.30000000000000004 0 0.22361554951849644 4 21.75160551071167
0.30000000000000004 1 0.2893164738754771 3 25.22187852859497
0.30000000000000004 2 0.46680611710508363 2 25.81812334060669
0.30000000000000004 3 0.4791548364236079 2 16.30774974822998
0.30000000000000004 4 0.4732052365346892 2 24.43202543258667
0.30000000000000004 5 0.46590283080199607 2 17.990414142608643
0.30000000000000004 6 0.4600258644188536 2 23.653552770614624
0.30000000000000004 7 0.28252166104008325 3 20.962038040161133
0.30000000000000004 8 0.4733165203207523 2 20.17685055732727
0.30000000000000004 9 0.46873268039423804 2 25.770140647888184
0.30000000000000004 10 0.2718451809618487 3 21.95441699028015
0.30000000000000004 11 0.47056771107940754 2 27.0801420211792
0.30000000000000004 12 0.47187481510800705 2 24.010358333587646
0.30000000000000004 13 0.27722005922905624 3 21.900513172149658
0.30000000000000004 14 0.46756830854623166 2 22.391606092453003
0.30000000000000004 15 0.4723173584823151 2 22.735278367996216
0.30000000000000004 16 0.46810527646920824 2 24.33394503593445
0.30000000000000004 17 0.46161483350436017 2 21.82998776435852
0.30000000000000004 18 0.4590725419550513 2 19.870923042297363
0.30000000000000004 19 0.2805952211777789 3 23.255629301071167
0.30000000000000004 20 0.45933727111416683 2 25.100234508514404
0.30000000000000004 21 0.4623556550736133 2 25.82191824913025
0.30000000000000004 22 0.28454070278318305 3 28.143436908721924
0.30000000000000004 23 0.461791457414666 2 27.691851139068604
0.30000000000000004 24 0.47338761390950784 2 20.21646285057068
0.30000000000000004 25 0.4648138390180739 2 23.793925046920776
0.30000000000000004 26 0.46628388149223227 2 26.52341055870056
0.30000000000000004 27 0.2799159884717829 3 39.80106258392334
0.30000000000000004 28 0.4633041738318511 2 23.5029935836792
0.30000000000000004 29 0.46319990392560334 2 28.40726327896118
0.26 0 0.5875588157034483 2 24.58908176422119
0.26 1 0.6032500164611958 2 18.759358644485474
0.26 2 0.5864086180429231 2 24.365529537200928
0.26 3 0.5875650051201077 2 26.881348848342896
0.26 4 0.35229833490438056 3 17.120301961898804
0.26 5 0.5951771641396112 2 25.009469747543335
0.26 6 0.353892702024047 3 23.32963752746582
0.26 7 0.359867599481575 3 24.023106813430786
0.26 8 0.5977818432644018 2 21.870468139648438
0.26 9 0.6013636233248638 2 21.381019592285156
0.26 10 0.5874316166936601 2 27.480175495147705
0.26 11 0.5964555226440647 2 21.921342372894287
0.26 12 0.5851751932935642 2 28.974157094955444
0.26 13 0.35047062837019977 3 18.92550754547119
0.26 14 0.5891257497148465 2 14.427903413772583
0.26 15 0.5793716122692879 2 32.545756101608276
0.26 16 0.3532924167113815 3 26.546908378601074
0.26 17 0.3555605136209623 3 23.98096513748169
0.26 18 0.34679083666849003 3 25.099076747894287
0.26 19 0.5762485613703857 2 22.774909734725952
0.26 20 0.3557382548971602 3 29.825111865997314
0.26 21 0.5819225816979476 2 27.72914433479309
0.26 22 0.6001254939719146 2 18.90532922744751
0.26 23 0.5837624836401326 2 27.09095549583435
0.26 24 0.598776780759343 2 21.993349075317383
0.26 25 0.5862889297006642 2 22.424779891967773
0.26 26 0.34884259281146873 3 29.29784870147705
0.26 27 0.5972260760461345 2 36.097007513046265
0.26 28 0.5891797600933821 2 27.045149087905884
0.26 29 0.5857816081273882 2 27.222615003585815
0.32 0 0.39746954892612046 2 24.081069231033325
0.32 1 0.24028102322524517 3 21.825979471206665
0.32 2 0.39832255345145884 2 20.603717803955078
0.32 3 0.2452671662679692 3 21.8298442363739
0.32 4 0.3925777377511013 2 16.86167073249817
0.32 5 0.40654780391146417 2 23.886992931365967
0.32 6 0.3989100464078712 2 16.42371964454651
0.32 7 0.24147293635720748 3 22.067978620529175
0.32 8 0.39939462768560824 2 23.78193473815918
0.32 9 0.4078637836957155 2 22.35450053215027
0.32 10 0.23787173316920163 3 18.84849739074707
0.32 11 0.4002499464802214 2 23.95570135116577
0.32 12 0.24452765443132776 3 20.861931085586548
0.32 13 0.24708014731397251 3 28.884337902069092
0.32 14 0.39545155135048793 2 25.174910068511963
0.32 15 0.40564823249912724 2 26.2963969707489
0.32 16 0.39934161664576573 2 19.84351110458374
0.32 17 0.4071067687435576 2 26.080039739608765
0.32 18 0.39359693590079814 2 29.083823919296265
0.32 19 0.24154527828938216 3 25.14862585067749
0.32 20 0.24280959781358405 3 26.07969093322754
0.32 21 0.4043342834545311 2 33.98959279060364
0.32 22 0.4079454198670567 2 22.769360780715942
0.32 23 0.24457967490819815 3 18.85848569869995
0.32 24 0.25128330413020533 3 33.6356999874115
0.32 25 0.408172524496771 2 20.67937684059143
0.32 26 0.24817595838095016 3 28.352516651153564
0.32 27 0.4027153049107548 2 22.118236541748047
0.32 28 0.41413595337049197 2 25.2688946723938
0.32 29 0.40524986159769066 2 24.907747507095337
0.4 0 0.0975601357212607 3 21.34347939491272
0.4 1 0.178565366650497 2 32.95343542098999
0.4 2 0.17166043581653265 2 22.74396300315857
0.4 3 0.15185131859135392 2 22.871244430541992
0.4 4 0.17042135275722903 2 21.16984987258911
0.4 5 0.10435620198531691 3 23.599443912506104
0.4 6 0.1624762595162223 2 25.52141547203064
0.4 7 0.1512975333244423 2 29.66895890235901
0.4 8 0.1553151285210318 2 21.251084804534912
0.4 9 0.07545062267478443 4 18.301315307617188
0.4 10 0.16767606365251603 2 21.23896026611328
0.4 11 0.1072553857172868 3 20.73227095603943
0.4 12 0.1647076766479091 2 19.8999342918396
0.4 13 0.16022572503526633 2 30.002657651901245
0.4 14 0.10191878727906249 3 19.18609094619751
0.4 15 0.1642831091529638 2 18.048779726028442
0.4 16 0.1561172301287861 2 19.632380723953247
0.4 17 0.1599802985885744 2 17.47903037071228
0.4 18 0.1719386526764069 2 21.67691659927368
0.4 19 0.1649492345785372 2 17.744954347610474
0.4 20 0.1633979167977797 2 23.029880046844482
0.4 21 0.10573595995483027 3 17.96910834312439
0.4 22 0.16338784918806062 2 23.36514711380005
0.4 23 0.15088071195696376 2 20.457748651504517
0.4 24 0.17817427180314063 2 20.73385524749756
0.4 25 0.17502503028148528 2 15.415702104568481
0.4 26 0.16032227849667513 2 21.602792024612427
0.4 27 0.15438521043014344 2 15.935692310333252
0.4 28 0.1638144257484369 2 21.189613103866577
0.4 29 0.16183546320221256 2 23.522417783737183
0.33999999999999997 0 0.332974956042766 2 18.8666410446167
0.33999999999999997 1 0.3381808591491921 2 24.140455961227417
0.33999999999999997 2 0.35089439721099486 2 22.415448427200317
0.33999999999999997 3 0.3298005981267665 2 31.209577560424805
0.33999999999999997 4 0.3371173404182784 2 30.93293309211731
0.33999999999999997 5 0.34628174175833226 2 30.09389019012451
0.33999999999999997 6 0.15229581783917923 4 25.963386058807373
0.33999999999999997 7 0.34872627579063914 2 29.826770067214966
0.33999999999999997 8 0.3379679934218178 2 30.890121459960938
0.33999999999999997 9 0.33835147307939173 2 21.19479727745056
0.33999999999999997 10 0.3419788385652785 2 24.905184268951416
0.33999999999999997 11 0.34204844356081293 2 21.435335397720337
0.33999999999999997 12 0.343384836916791 2 21.401888847351074
0.33999999999999997 13 0.3431962601851364 2 20.814131498336792
0.33999999999999997 14 0.21577179576216993 3 17.899823904037476
0.33999999999999997 15 0.3447112357942099 2 16.017451524734497
0.33999999999999997 16 0.3440562539109728 2 20.89306879043579
0.33999999999999997 17 0.20934910179184987 3 18.19965887069702
0.33999999999999997 18 0.34811294592331726 2 19.09549570083618
0.33999999999999997 19 0.20477355599259092 3 18.521461486816406
0.33999999999999997 20 0.3506909971690807 2 20.849690675735474
0.33999999999999997 21 0.34213001320470915 2 17.28234601020813
0.33999999999999997 22 0.34153055496649704 2 18.47076988220215
0.33999999999999997 23 0.3379570506942735 2 21.321444272994995
0.33999999999999997 24 0.3347363202578424 2 20.7561776638031
0.33999999999999997 25 0.33360392357996904 2 25.838956594467163
0.33999999999999997 26 0.34665122307136936 2 21.143789529800415
0.33999999999999997 27 0.33760184323080566 2 21.26261615753174
0.33999999999999997 28 0.20721695275800198 3 18.422197818756104
0.33999999999999997 29 0.2025182298806107 3 22.807501792907715
0.38 0 0.22127784554793536 2 27.640031337738037
0.38 1 0.222430795648156 2 23.127638339996338
0.38 2 0.14206927440269831 3 35.81810545921326
0.38 3 0.22733407442185985 2 19.605016946792603
0.38 4 0.23043602509518457 2 37.599462032318115
0.38 5 0.1328818049061412 3 21.733749866485596
0.38 6 0.13712258739265712 3 25.4931378364563
0.38 7 0.2231339838088408 2 26.279333353042603
0.38 8 0.11002568106036476 4 21.27973985671997
0.38 9 0.2136395967012453 2 13.458295822143555
0.38 10 0.13166980061021002 3 20.07158327102661
0.38 11 0.223740896657642 2 26.93574070930481
0.38 12 0.13360138702824742 3 19.6274254322052
0.38 13 0.21605730245426283 2 22.34870409965515
0.38 14 0.13359707254937486 3 22.130841732025146
0.38 15 0.14237094724725324 3 17.04790210723877
0.38 16 0.21810618197869444 2 17.0802321434021
0.38 17 0.13212065379623267 3 20.544698238372803
0.38 18 0.13282215648940118 3 20.89099407196045
0.38 19 0.22546065187883937 2 16.971017122268677
0.38 20 0.2147643550572452 2 17.454084634780884
0.38 21 0.2158399920084544 2 19.98815941810608
0.38 22 0.2223824284256725 2 20.97998356819153
0.38 23 0.23324251390092712 2 16.38343906402588
0.38 24 0.22017602375245765 2 21.571101903915405
0.38 25 0.23276003522115596 2 26.329796314239502
0.38 26 0.22216355926866527 2 17.397869110107422
0.38 27 0.21370887152992363 2 22.348925828933716
0.38 28 0.2264157978771535 2 22.030629634857178
0.38 29 0.21850461129287632 2 21.495037317276
0.36 0 0.28546037383474543 2 27.09265637397766
0.36 1 0.27124100046889305 2 19.26052713394165
0.36 2 0.17216888193854343 3 27.82307744026184
0.36 3 0.27759350063305166 2 18.194716215133667
0.36 4 0.2826245002782502 2 24.232478141784668
0.36 5 0.1742342270358982 3 22.669951677322388
0.36 6 0.2810004317289468 2 19.13163685798645
0.36 7 0.2841016825148124 2 24.059109449386597
0.36 8 0.16943590529513836 3 21.474923610687256
0.36 9 0.2776640591146439 2 15.910453081130981
0.36 10 0.13183675357364064 4 21.27390766143799
0.36 11 0.27958461709286164 2 19.27176785469055
0.36 12 0.17085139669342098 3 17.608341693878174
0.36 13 0.1678642602395651 3 19.767257928848267
0.36 14 0.1774202400444754 3 26.446280002593994
0.36 15 0.2844685243616413 2 30.34695816040039
0.36 16 0.1701149819365248 3 22.26752257347107
0.36 17 0.28218181836097866 2 18.313021898269653
0.36 18 0.17202667069110258 3 29.890329599380493
0.36 19 0.28907309930385466 2 24.14857053756714
0.36 20 0.2828122503414953 2 19.573889017105103
0.36 21 0.28817411785845803 2 27.529616594314575
0.36 22 0.2861461850272361 2 21.291043996810913
0.36 23 0.1732959085044923 3 22.311049222946167
0.36 24 0.28439186160187524 2 19.698854684829712
0.36 25 0.2768726765904548 2 22.372746467590332
0.36 26 0.28603347622765957 2 25.62458872795105
0.36 27 0.27197385346446984 2 17.60643243789673
0.36 28 0.2843732142014534 2 23.660480976104736
0.36 29 0.29021841638402146 2 21.391239166259766
0.44000000000000006 0 0.08128788289705113 2 17.206827878952026
0.44000000000000006 1 0.0722601335992878 2 23.758822917938232
0.44000000000000006 2 0.046918718536555444 2 24.57010507583618
0.44000000000000006 3 0.04350708358016608 2 21.094645977020264
0.44000000000000006 4 0.07272791253566781 2 19.247356414794922
0.44000000000000006 5 0.047817236847752895 2 18.07787799835205
0.44000000000000006 6 0.07430146106124685 2 21.63282322883606
0.44000000000000006 7 0.06525628525810315 2 20.658870458602905
0.44000000000000006 8 0.057714831497112484 2 24.47887921333313
0.44000000000000006 9 0.06044649788342962 2 20.40743923187256
0.44000000000000006 10 0.04473793388630444 2 23.06664204597473
0.44000000000000006 11 0.04933053610043082 2 15.864254474639893
0.44000000000000006 12 0.06438744693750716 2 17.38301944732666
0.44000000000000006 13 0.05030974042132228 2 20.395118713378906
0.44000000000000006 14 0.060813718891357935 2 26.36289358139038
0.44000000000000006 15 0.07136709485219399 2 17.934053659439087
0.44000000000000006 16 0.05212878402634749 2 23.695956707000732
0.44000000000000006 17 0.08108542042395392 2 18.25477623939514
0.44000000000000006 18 0.061010581175802235 2 15.3677396774292
0.44000000000000006 19 0.05748388822683843 2 17.940377473831177
0.44000000000000006 20 0.06726018011123802 2 29.648415327072144
0.44000000000000006 21 0.042637469984951396 3 21.71329355239868
0.44000000000000006 22 0.0 1 15.762338638305664
0.44000000000000006 23 0.07484811372569375 2 19.289166688919067
0.44000000000000006 24 0.06669070713942447 2 16.61547875404358
0.44000000000000006 25 0.06725897755570184 2 17.085190534591675
0.44000000000000006 26 0.059334503842892995 2 17.16569185256958
0.44000000000000006 27 0.06437414473436273 2 16.62098503112793
0.44000000000000006 28 0.06659608349914835 2 21.853304624557495
0.44000000000000006 29 0.022376454094639158 4 21.22992181777954
0.45999999999999996 0 -9.654427000670595e-06 2 20.282845735549927
0.45999999999999996 1 -3.320805797321926e-07 2 28.01605987548828
0.45999999999999996 2 0.0344152701051926 2 19.887730360031128
0.45999999999999996 3 0.014738716434928394 3 15.610880613327026
0.45999999999999996 4 0.01528450222360542 2 19.440916538238525
0.45999999999999996 5 -1.2113967805687532e-05 2 21.931899785995483
0.45999999999999996 6 0.025156817429074933 2 20.826740026474
0.45999999999999996 7 0.02815539181009637 2 17.78336453437805
0.45999999999999996 8 0.025831516118701207 2 20.60372543334961
0.45999999999999996 9 0.02598126337029388 2 23.64755892753601
0.45999999999999996 10 0.0018193283065687342 2 23.206889867782593
0.45999999999999996 11 -1.6031506398709454e-05 2 15.95419454574585
0.45999999999999996 12 0.0 1 17.226160049438477
0.45999999999999996 13 0.0 1 20.270142555236816
0.45999999999999996 14 0.03984607570301187 2 23.67307186126709
0.45999999999999996 15 0.0 1 16.662120819091797
0.45999999999999996 16 0.04429962818493016 2 18.101788759231567
0.45999999999999996 17 0.0 1 18.09209942817688
0.45999999999999996 18 0.010060653102402254 2 23.71123170852661
0.45999999999999996 19 -2.39669659686818e-05 2 20.08198571205139
0.45999999999999996 20 0.012264547661931819 2 18.266419649124146
0.45999999999999996 21 0.0 1 15.920489072799683
0.45999999999999996 22 0.013022933018960852 2 19.279764652252197
0.45999999999999996 23 0.0 1 20.932518482208252
0.45999999999999996 24 0.015380842645171129 2 19.441730737686157
0.45999999999999996 25 0.0 1 21.71337628364563
0.45999999999999996 26 0.0 1 21.01448678970337
0.45999999999999996 27 0.03163686253956096 2 20.224749326705933
0.45999999999999996 28 0.025973136251359948 2 22.117438793182373
0.45999999999999996 29 0.015508045689327253 3 20.548600435256958
0.42000000000000004 0 0.1026934579888598 2 20.38164472579956
0.42000000000000004 1 0.05609956142418504 3 23.017438650131226
0.42000000000000004 2 0.0993283531315625 2 20.48688292503357
0.42000000000000004 3 0.10014554341129642 2 23.997934579849243
0.42000000000000004 4 0.07032111117618356 3 17.751256465911865
0.42000000000000004 5 0.12136805057921117 2 19.759891271591187
0.42000000000000004 6 0.06982036124787504 3 22.130913496017456
0.42000000000000004 7 0.07429468341683942 3 20.378621101379395
0.42000000000000004 8 0.07068316275570709 3 18.631314754486084
0.42000000000000004 9 0.0665124801989975 3 23.851362705230713
0.42000000000000004 10 0.12189169634432477 2 22.974409818649292
0.42000000000000004 11 0.11737294521399516 2 19.375839471817017
0.42000000000000004 12 0.06496593859151312 3 20.41026210784912
0.42000000000000004 13 0.137115957448749 2 17.958853006362915
0.42000000000000004 14 0.11453949748877067 2 21.211770057678223
0.42000000000000004 15 0.07731826551690059 3 19.675814867019653
0.42000000000000004 16 0.12389851177198458 2 18.969539165496826
0.42000000000000004 17 0.10899106494666806 2 16.984047889709473
0.42000000000000004 18 0.10734751843598402 2 24.616304636001587
0.42000000000000004 19 0.0752225162676806 3 21.555318593978882
0.42000000000000004 20 0.10432242550644402 2 17.286100149154663
0.42000000000000004 21 0.052521285646270226 4 17.10212993621826
0.42000000000000004 22 0.1151266867405705 2 21.941170692443848
0.42000000000000004 23 0.06473375960473134 3 17.63408851623535
0.42000000000000004 24 0.11168004801537043 2 18.533196687698364
0.42000000000000004 25 0.11415946696072564 2 23.315874099731445
0.42000000000000004 26 0.10940104096441283 2 22.464336395263672
0.42000000000000004 27 0.0713933448528944 3 28.262776613235474
0.42000000000000004 28 0.07038500649582852 3 20.833566427230835
0.42000000000000004 29 0.08714550054453761 2 19.432770252227783
0.48 0 0.0 1 24.848068952560425
0.48 1 0.0 1 23.260239124298096
0.48 2 0.0 1 20.138561964035034
0.48 3 0.0 1 14.965455770492554
0.48 4 0.0 1 17.374269008636475
0.48 5 0.0 1 19.15340256690979
0.48 6 0.007533539296324476 2 19.80473494529724
0.48 7 0.0 1 28.374653100967407
0.48 8 0.0010259904900940457 3 21.076966524124146
0.48 9 -3.518456599809306e-06 2 25.04619526863098
0.48 10 0.0 1 18.090219259262085
0.48 11 0.0 1 18.980443716049194
0.48 12 0.0018829471269234514 2 22.69454336166382
0.48 13 0.0 1 24.1755633354187
0.48 14 0.0 1 19.34815263748169
0.48 15 0.0 1 18.99620747566223
0.48 16 0.0 1 19.906485557556152
0.48 17 0.0 1 24.83568501472473
0.48 18 0.0 1 22.518728494644165
0.48 19 0.005097580427149204 2 23.26366662979126
0.48 20 -1.7839802436181944e-05 2 18.843889236450195
0.48 21 0.0 1 15.020662784576416
0.48 22 -2.2633009546230114e-05 2 21.787598371505737
0.48 23 0.004741441156281951 3 29.592005729675293
0.48 24 0.0 1 21.539971113204956
0.48 25 0.0 1 23.598804712295532
0.48 26 0.0 1 15.738533973693848
0.48 27 0.0001861472559148118 2 17.198773860931396
0.48 28 0.0 1 17.53943157196045
0.48 29 0.002726834887972612 2 23.82718563079834
0.52 0 0.0 1 22.07518696784973
0.52 1 -2.2632841042587878e-05 2 18.77465295791626
0.52 2 0.0 1 20.121519804000854
0.52 3 -2.3327662447206982e-05 2 18.542502880096436
0.52 4 -1.6031306399156717e-05 2 17.991344928741455
0.52 5 0.0 1 18.74325656890869
0.52 6 0.0 1 16.90947723388672
0.52 7 0.0 1 17.895309686660767
0.52 8 0.0 1 22.760117769241333
0.52 9 0.0004489105580967188 2 23.95778250694275
0.52 10 0.0 1 21.753241300582886
0.52 11 0.0 1 19.910069942474365
0.52 12 0.0 1 16.06681227684021
0.52 13 3.439004834132843e-05 2 20.012279272079468
0.52 14 0.0 1 23.124451637268066
0.52 15 0.0004031274879395586 2 21.49521803855896
0.52 16 0.0 1 19.07927417755127
0.52 17 0.0005045058958727815 2 21.131937980651855
0.52 18 -1.8392107349495764e-05 2 20.923362493515015
0.52 19 0.0 1 21.630199432373047
0.52 20 0.0 1 23.689400911331177
0.52 21 0.0 1 28.198628187179565
0.52 22 0.0 1 23.715041875839233
0.52 23 0.0 1 23.515043258666992
0.52 24 -6.4877672271425715e-06 2 20.246812105178833
0.52 25 0.0 1 24.401516675949097
0.52 26 0.0 1 19.20712113380432
0.52 27 1.3499208752681393e-06 2 23.720908403396606
0.52 28 -1.424573901322101e-06 2 16.566718339920044
0.52 29 0.0 1 18.283397436141968
0.54 0 0.0 1 20.489104747772217
0.54 1 -2.034075511941784e-05 2 16.802897214889526
0.54 2 -2.3120417471992257e-05 2 25.120632886886597
0.54 3 0.0 1 18.910351037979126
0.54 4 0.0 1 21.87906289100647
0.54 5 7.764726298599248e-05 2 18.622931003570557
0.54 6 -8.827456293092838e-07 2 17.72424602508545
0.54 7 6.744865605186492e-06 2 17.858277559280396
0.54 8 0.0 1 27.213335037231445
0.54 9 0.0 1 16.727909803390503
0.54 10 0.0 1 23.94666576385498
0.54 11 0.0 1 25.088585376739502
0.54 12 0.0 1 20.435226440429688
0.54 13 -3.011149222123041e-06 2 21.5719633102417
0.54 14 0.0 1 23.598413705825806
0.54 15 0.0 1 30.20520305633545
0.54 16 -2.3585170812354623e-05 2 20.029784679412842
0.54 17 0.0 1 25.055747747421265
0.54 18 -1.8917090969011273e-05 2 18.603832960128784
0.54 19 0.0 1 23.060760974884033
0.54 20 0.0 1 22.720656633377075
0.54 21 0.0 1 19.585227251052856
0.54 22 0.0 1 16.521457195281982
0.54 23 0.0 1 26.709846019744873
0.54 24 0.0 1 15.196267127990723
0.54 25 0.0 1 22.031010150909424
0.54 26 0.0 1 19.657927989959717
0.54 27 0.0 1 26.864171028137207
0.54 28 0.0 1 20.88956618309021
0.54 29 -2.322601590006016e-05 2 17.50881838798523
0.5 0 0.000541898424629522 2 21.793349266052246
0.5 1 0.0 1 17.560706853866577
0.5 2 0.0 1 19.658670902252197
0.5 3 -2.220347450807381e-05 2 19.67245101928711
0.5 4 0.0 1 20.2986900806427
0.5 5 -1.6031300563954635e-05 2 15.981921195983887
0.5 6 0.0 1 18.000520944595337
0.5 7 0.0 1 23.377901792526245
0.5 8 0.0 1 23.812472820281982
0.5 9 0.0 1 22.94645667076111
0.5 10 0.0 1 26.156131505966187
0.5 11 0.0002822265720768099 2 30.93444037437439
0.5 12 -2.0966536423645766e-05 2 20.937952756881714
0.5 13 0.0 1 23.008989095687866
0.5 14 0.0 1 24.209129571914673
0.5 15 -2.0965685343962425e-05 2 17.57216477394104
0.5 16 0.0 1 17.956746101379395
0.5 17 0.0 1 31.76924180984497
0.5 18 0.0 1 20.138129234313965
0.5 19 -1.917026699545178e-05 2 33.149190187454224
0.5 20 0.0 1 26.066922426223755
0.5 21 0.0 1 22.642428636550903
0.5 22 0.0 1 15.287281513214111
0.5 23 0.0018792554479483158 2 20.23604679107666
0.5 24 -2.3790913923082562e-05 2 23.422441005706787
0.5 25 0.0 1 19.465977668762207
0.5 26 -1.9171343982553507e-05 2 26.64741325378418
0.5 27 0.0 1 28.603435039520264
0.5 28 0.0 1 22.67757248878479
0.5 29 0.0 1 25.99334144592285
0.56 0 0.0 1 20.69210147857666
0.56 1 -1.9417417449266707e-05 2 21.936280965805054
0.56 2 1.7619759254899615e-05 2 24.125959873199463
0.56 3 0.00050199069972633 2 20.765095472335815
0.56 4 0.0 1 18.290786027908325
0.56 5 0.0 1 23.415101766586304
0.56 6 0.0 1 17.167802095413208
0.56 7 0.0 1 21.348446369171143
0.56 8 1.6895007668750966e-05 2 20.023910522460938
0.56 9 0.0 1 24.67687726020813
0.56 10 0.00010955537621077907 2 25.509274005889893
0.56 11 0.0 1 21.387998580932617
0.56 12 0.0 1 19.808306217193604
0.56 13 0.00034443768639066225 2 19.015122890472412
0.56 14 0.0 1 25.332226037979126
0.56 15 0.0012087935057047165 2 19.564908266067505
0.56 16 -6.012184564331713e-06 2 26.814387321472168
0.56 17 -1.9418083297358468e-05 2 18.174563884735107
0.56 18 0.0 1 22.16619038581848
0.56 19 0.0 1 21.62822198867798
0.56 20 -2.404680214038608e-05 2 20.59030818939209
0.56 21 0.0 1 22.141046047210693
0.56 22 0.0 1 29.23305583000183
0.56 23 0.0 1 18.31454086303711
0.56 24 0.0 1 21.480568885803223
0.56 25 0.0 1 22.854996919631958
0.56 26 0.0 1 15.138078212738037
0.56 27 0.0 1 18.540393352508545
0.56 28 0.0003665601612384459 2 19.3276948928833
0.56 29 0.0 1 28.146270990371704
0.58 0 0.0 1 16.722750902175903
0.58 1 0.0 1 14.87592339515686
0.58 2 0.0 1 17.45532751083374
0.58 3 -1.9891633129327174e-05 2 20.027761936187744
0.58 4 0.0 1 25.14296007156372
0.58 5 -2.3122177338891635e-05 3 17.42011284828186
0.58 6 0.0 1 20.18751096725464
0.58 7 0.0007523995081589145 2 25.949892044067383
0.58 8 0.0 1 21.95023488998413
0.58 9 0.0 1 26.80284810066223
0.58 10 0.0 1 21.699990272521973
0.58 11 2.4459430608275756e-05 2 25.70105242729187
0.58 12 0.0 1 21.79000234603882
0.58 13 0.0 1 20.09665560722351
0.58 14 0.0 1 17.022913694381714
0.58 15 -1.8657520727799626e-05 2 15.853994131088257
0.58 16 0.0 1 17.864593029022217
0.58 17 0.0 1 15.726363182067871
0.58 18 0.0 1 23.13081669807434
0.58 19 0.0 1 22.63281559944153
0.58 20 -1.726231086282435e-05 2 17.07366442680359
0.58 21 -2.358620902332006e-05 2 15.786166191101074
0.58 22 0.0 1 24.79928183555603
0.58 23 0.0 1 17.254796981811523
0.58 24 0.0 1 21.849645614624023
0.58 25 0.0002941617634429423 2 17.962835550308228
0.58 26 0.0 1 21.355736255645752
0.58 27 0.0 1 21.547046184539795
0.58 28 -2.3326913596476916e-05 2 20.269441604614258
0.58 29 0.0 1 21.606553077697754
0.6 0 -1.8391268084622403e-05 2 20.08469009399414
0.6 1 0.0 1 23.805716037750244
0.6 2 0.0 1 19.013524055480957
0.6 3 -1.4223070443500565e-06 2 17.01068902015686
0.6 4 -5.029061898547568e-06 2 19.893051862716675
0.6 5 0.0 1 25.83613109588623
0.6 6 0.0 1 18.701883792877197
0.6 7 0.0 1 21.237500429153442
0.6 8 0.0 1 17.941878080368042
0.6 9 0.0 1 18.428609132766724
0.6 10 0.0 1 22.211267709732056
0.6 11 -1.288419501846615e-05 2 23.853612899780273
0.6 12 0.0 1 22.005783081054688
0.6 13 -1.3260354470048291e-05 2 21.26975154876709
0.6 14 0.0 1 20.32970690727234
0.6 15 0.0 1 20.671011924743652
0.6 16 0.0004268620569302293 2 19.805686712265015
0.6 17 4.888341317676487e-06 2 21.28638219833374
0.6 18 0.0 1 21.435909271240234
0.6 19 0.00010293983030851046 2 16.10236954689026
0.6 20 0.0 1 18.211918592453003
0.6 21 0.0 1 14.87058162689209
0.6 22 -8.336916209889118e-06 2 22.944885730743408
0.6 23 0.0 1 19.292646884918213
0.6 24 0.0 1 19.24066138267517
0.6 25 0.0 1 17.709469079971313
0.6 26 0.0 1 18.364035606384277
0.6 27 -2.3226294311068888e-05 2 17.447988271713257
0.6 28 0.0 1 18.696244716644287
0.6 29 0.0 1 16.668659210205078
0.62 0 0.0 1 22.143064975738525
0.62 1 0.0 1 17.334466695785522
0.62 2 0.0 1 24.08130693435669
0.62 3 0.00011616662702386577 2 22.486501693725586
0.62 4 -1.7262442747871485e-05 2 22.085276126861572
0.62 5 -1.3992172208206824e-05 2 19.82343602180481
0.62 6 0.0 1 19.367675065994263
0.62 7 -3.5264196553174727e-06 2 18.95457410812378
0.62 8 0.0 1 20.344444513320923
0.62 9 0.0 1 22.055173635482788
0.62 10 5.8032267141058314e-05 2 22.658032655715942
0.62 11 0.0 1 20.664571285247803
0.62 12 -2.4886492853213572e-06 2 21.6062970161438
0.62 13 0.0 1 17.4264178276062
0.62 14 -2.249653157053607e-05 2 20.58627486228943
0.62 15 0.0 1 21.810754776000977
0.62 16 0.0 1 20.694564819335938
0.62 17 0.0 1 23.18723201751709
0.62 18 -2.3120310708612914e-05 2 18.68781352043152
0.62 19 -2.096622181361551e-05 2 19.04346013069153
0.62 20 0.0 1 25.117236852645874
0.62 21 0.0 1 26.94296097755432
0.62 22 0.0 1 27.113439083099365
0.62 23 1.6902158992378052e-05 2 18.366730213165283
0.62 24 0.0 1 14.222676515579224
0.62 25 0.0 1 22.865620374679565
0.62 26 -2.2890008321775424e-05 2 16.97184109687805
0.62 27 -2.116237247001993e-05 2 15.918506622314453
0.62 28 0.0 1 18.059999465942383
0.62 29 -1.783975875099674e-05 2 24.36246156692505
0.64 0 0.0 1 20.651052713394165
0.64 1 -1.959209131671228e-06 2 23.194106101989746
0.64 2 0.0 1 25.768551111221313
0.64 3 0.0 1 23.01091980934143
0.64 4 0.0 1 26.70603036880493
0.64 5 0.0 1 27.24680781364441
0.64 6 0.0 1 20.97534203529358
0.64 7 -2.404732959728022e-05 2 19.327804565429688
0.64 8 0.0 1 16.748027324676514
0.64 9 0.0 1 20.577913999557495
0.64 10 0.0 1 21.202595472335815
0.64 11 -1.603120349475457e-05 2 19.639865159988403
0.64 12 -1.4203254319723405e-06 2 21.84350061416626
0.64 13 -1.4697485057474333e-05 2 22.119497060775757
0.64 14 0.0 1 23.70815873146057
0.64 15 0.0 1 22.51064443588257
0.64 16 0.0 1 17.6533100605011
0.64 17 0.0 1 21.004323720932007
0.64 18 0.0 1 25.662917613983154
0.64 19 0.00015004765612112054 2 20.47195053100586
0.64 20 0.0 1 19.84519910812378
0.64 21 -2.1161317627373553e-05 2 22.3974449634552
0.64 22 0.0 1 21.27803087234497
0.64 23 -2.403389224525736e-05 2 18.7592990398407
0.64 24 0.0 1 18.41873049736023
0.64 25 0.0 1 19.447354316711426
0.64 26 0.0 1 19.520549774169922
0.64 27 0.0 1 21.089466333389282
0.64 28 0.0 1 22.512065887451172
0.64 29 0.0 1 20.55712103843689
0.6799999999999999 0 0.0 1 18.97812294960022
0.6799999999999999 1 0.0 1 18.30907130241394
0.6799999999999999 2 -9.221574990641441e-06 2 17.46354055404663
0.6799999999999999 3 0.0 1 19.88490390777588
0.6799999999999999 4 0.0 1 16.21144676208496
0.6799999999999999 5 -4.037486917469688e-06 2 15.836367130279541
0.6799999999999999 6 0.0 1 18.21062994003296
0.6799999999999999 7 0.0 1 19.981735706329346
0.6799999999999999 8 0.0 1 21.329745054244995
0.6799999999999999 9 0.0 1 22.17076826095581
0.6799999999999999 10 -3.0115953570045177e-06 2 17.21019959449768
0.6799999999999999 11 0.0 1 19.951415538787842
0.6799999999999999 12 0.0 1 17.66032314300537
0.6799999999999999 13 0.0 1 22.61074662208557
0.6799999999999999 14 0.0 1 21.55972671508789
0.6799999999999999 15 0.0 1 17.783621072769165
0.6799999999999999 16 0.0 1 23.969237565994263
0.6799999999999999 17 0.0 1 22.14718794822693
0.6799999999999999 18 0.0 1 20.30540704727173
0.6799999999999999 19 0.0 1 13.540655136108398
0.6799999999999999 20 0.0 1 24.343543529510498
0.6799999999999999 21 0.0 1 24.542519569396973
0.6799999999999999 22 0.0 1 15.922377824783325
0.6799999999999999 23 0.0 1 15.020251989364624
0.6799999999999999 24 1.1230685363099783e-05 3 20.59682297706604
0.6799999999999999 25 0.0 1 19.00940990447998
0.6799999999999999 26 0.0 1 17.477569580078125
0.6799999999999999 27 0.0 1 14.488145589828491
0.6799999999999999 28 0.0 1 18.31947422027588
0.6799999999999999 29 0.0 1 20.320863008499146
0.66 0 0.0 1 20.527297735214233
0.66 1 0.0 1 18.01877498626709
0.66 2 0.0 1 24.611945867538452
0.66 3 0.0 1 18.362256050109863
0.66 4 0.0 1 19.649531364440918
0.66 5 0.0 1 21.05316162109375
0.66 6 -1.7554387298900892e-05 2 18.58202624320984
0.66 7 0.0 1 18.17442512512207
0.66 8 -1.891718865175946e-05 2 18.17713499069214
0.66 9 -2.096662168803769e-05 2 18.79226279258728
0.66 10 0.0 1 20.779394149780273
0.66 11 0.0 1 18.724408388137817
0.66 12 0.0 1 16.40698266029358
0.66 13 -7.881362256063601e-06 2 17.67130732536316
0.66 14 0.0 1 25.705342054367065
0.66 15 0.0 1 18.364659786224365
0.66 16 0.0 1 21.270538568496704
0.66 17 0.0 1 21.264270305633545
0.66 18 0.0 1 18.8386709690094
0.66 19 7.840774636839149e-07 2 20.092588663101196
0.66 20 0.0 1 21.185797929763794
0.66 21 0.0 1 18.79134702682495
0.66 22 0.0 1 22.981431245803833
0.66 23 0.0 1 24.84977698326111
0.66 24 0.0 1 18.205610275268555
0.66 25 -1.537617737247909e-05 2 15.868489265441895
0.66 26 -1.1316885376450064e-05 2 17.728942394256592
0.66 27 0.0 1 20.82955026626587
0.66 28 0.0 1 22.43937063217163
0.66 29 -2.1879839556921273e-05 2 18.0651216506958
0.7 0 1.4045200113981979e-05 2 16.053738355636597
0.7 1 0.0 1 19.12911033630371
0.7 2 0.0 1 17.937883853912354
0.7 3 -2.055528997388619e-05 2 19.53595995903015
0.7 4 0.0 1 16.53726887702942
0.7 5 0.0 1 20.97806215286255
0.7 6 0.0 1 23.641744136810303
0.7 7 -1.4245381356313305e-06 2 26.515159368515015
0.7 8 -1.8917318166650844e-05 2 15.701479434967041
0.7 9 0.0 1 17.3216495513916
0.7 10 0.0 1 19.484323740005493
0.7 11 -1.3261398067500151e-05 2 25.044358253479004
0.7 12 0.0 1 18.416887044906616
0.7 13 0.0 1 25.052878379821777
0.7 14 0.0 1 22.124788522720337
0.7 15 -1.7839745136208242e-05 2 26.847931385040283
0.7 16 0.00010041411001904303 2 18.74744439125061
0.7 17 0.0 1 23.242318391799927
0.7 18 -1.6348357215207907e-05 2 15.65585732460022
0.7 19 0.0 1 17.81926941871643
0.7 20 0.0 1 19.634308576583862
0.7 21 0.0 1 15.75236701965332
0.7 22 0.0 1 16.856137990951538
0.7 23 0.0 1 21.74483299255371
0.7 24 0.0 1 19.048614978790283
0.7 25 0.0 1 20.65855646133423
0.7 26 0.0 1 18.560707807540894
0.7 27 -1.665925744289036e-05 2 18.86503577232361
0.7 28 0.0 1 17.787487506866455
0.7 29 0.0 1 18.370219230651855
0.72 0 0.0 1 25.916587352752686
0.72 1 -2.0555367410957773e-05 2 20.965359926223755
0.72 2 0.0 1 13.452617406845093
0.72 3 0.0 1 15.409515857696533
0.72 4 -1.6659901978254308e-05 2 22.22410297393799
0.72 5 1.4767897885807207e-05 2 21.050108432769775
0.72 6 0.0 1 23.253159284591675
0.72 7 0.0 1 21.251882076263428
0.72 8 0.0 1 14.564925909042358
0.72 9 -1.9417460510067844e-05 2 20.90362048149109
0.72 10 0.0 1 20.871349811553955
0.72 11 0.0 1 17.888298988342285
0.72 12 0.0 1 17.51656699180603
0.72 13 9.310514939543523e-06 2 19.749424934387207
0.72 14 0.0 1 14.445090055465698
0.72 15 0.0 1 21.344502925872803
0.72 16 0.0 1 29.126498222351074
0.72 17 -1.6964330226004547e-05 2 21.599867582321167
0.72 18 0.0 1 21.352473974227905
0.72 19 0.0 1 17.849517345428467
0.72 20 0.00016217662454257834 2 19.654143810272217
0.72 21 0.0 1 17.44986605644226
0.72 22 0.0 1 25.137620449066162
0.72 23 0.0 1 23.642271757125854
0.72 24 2.0596659558976117e-05 2 19.09801459312439
0.72 25 0.0 1 19.32190728187561
0.72 26 5.007267651046371e-05 2 20.364160776138306
0.72 27 0.0 1 14.393946647644043
0.72 28 0.0 1 16.998138904571533
0.72 29 -8.782227974746143e-06 2 18.988333702087402
0.74 0 0.0 1 23.43174910545349
0.74 1 0.0 1 28.521276712417603
0.74 2 0.0 1 19.430113792419434
0.74 3 0.0 1 18.66858196258545
0.74 4 1.474720301788481e-05 2 22.43013286590576
0.74 5 0.0 1 18.524490356445312
0.74 6 0.0 1 19.8358633518219
0.74 7 0.0 1 19.618093013763428
0.74 8 0.0 1 16.28656506538391
0.74 9 0.0 1 21.97431969642639
0.74 10 0.0 1 20.40355348587036
0.74 11 0.0 1 17.30010724067688
0.74 12 0.0 1 14.953867673873901
0.74 13 0.0 1 20.83987593650818
0.74 14 -1.4697384311033379e-05 2 20.887256860733032
0.74 15 -1.3629096176283254e-05 2 26.849486351013184
0.74 16 0.0 1 19.025062561035156
0.74 17 8.332474866240563e-05 2 17.414408445358276
0.74 18 4.429498157768854e-05 2 21.08478856086731
0.74 19 0.0 1 17.16033172607422
0.74 20 0.0 1 24.22313141822815
0.74 21 -2.1350394845239746e-05 2 14.900300979614258
0.74 22 0.0 1 18.841551542282104
0.74 23 0.0 1 24.24103569984436
0.74 24 2.930631242401054e-05 2 23.345569849014282
0.74 25 0.0 1 15.439011335372925
0.74 26 0.0 1 17.03900146484375
0.74 27 0.0 1 23.86833667755127
0.74 28 0.0 1 18.061833143234253
0.74 29 0.0 1 20.17156171798706
0.76 0 -1.2885039724741345e-05 2 26.583925485610962
0.76 1 0.0 1 17.932281970977783
0.76 2 0.0 1 17.287139654159546
0.76 3 0.0 1 16.90771985054016
0.76 4 -2.1533161648995874e-05 2 18.138574361801147
0.76 5 -2.0119566092221193e-05 2 20.97036576271057
0.76 6 -2.13527737976853e-05 2 27.45322275161743
0.76 7 0.0 1 27.22833800315857
0.76 8 0.0 1 19.433077335357666
0.76 9 0.0 1 18.926766872406006
0.76 10 0.0 1 15.420021533966064
0.76 11 6.218964098467686e-05 2 19.726874351501465
0.76 12 7.949005985206492e-07 2 19.056386470794678
0.76 13 0.0 1 21.016920566558838
0.76 14 -3.2850800834761155e-05 3 16.9412522315979
0.76 15 0.0 1 18.920842170715332
0.76 16 0.0 1 27.657509326934814
0.76 17 0.0 1 16.221169471740723
0.76 18 -2.312041747199204e-05 2 20.774942636489868
0.76 19 0.0 1 18.344773769378662
0.76 20 0.0 1 20.23997688293457
0.76 21 0.0 1 17.92947816848755
0.76 22 0.0 1 21.34521508216858
0.76 23 0.0 1 22.24985980987549
0.76 24 0.0 1 16.876043558120728
0.76 25 0.0 1 19.02680468559265
0.76 26 0.0 1 18.528837203979492
0.76 27 0.0 1 24.12143874168396
0.76 28 0.0 1 21.214025735855103
0.76 29 0.0 1 21.942686796188354
0.78 0 0.0 1 15.9927659034729
0.78 1 -1.4346148623310273e-05 2 26.128092527389526
0.78 2 0.0 1 22.59984040260315
0.78 3 0.0 1 17.59997820854187
0.78 4 4.715184077741118e-05 2 27.266061782836914
0.78 5 -2.0555382059380246e-05 2 17.500513553619385
0.78 6 0.0 1 19.811543464660645
0.78 7 0.0 1 19.92432689666748
0.78 8 -2.288937162548343e-05 2 22.009640216827393
0.78 9 0.0 1 18.165034532546997
0.78 10 0.0 1 20.421698570251465
0.78 11 0.0 1 21.484229803085327
0.78 12 4.889093369175519e-06 2 12.162384986877441
0.78 13 -1.0913227630787345e-05 2 17.674244165420532
0.78 14 -1.755436955340367e-05 2 19.710443019866943
0.78 15 -1.696433022600481e-05 2 20.17863154411316
0.78 16 0.0 1 23.072546005249023
0.78 17 0.0 1 21.619123458862305
0.78 18 -1.6659880761412256e-05 2 21.011135816574097
0.78 19 0.0 1 17.656365871429443
0.78 20 9.664565613025464e-05 2 16.38512921333313
0.78 21 7.758945306789204e-06 3 23.323532581329346
0.78 22 0.0 1 23.29049253463745
0.78 23 0.0 1 25.173118114471436
0.78 24 0.0 1 17.645387172698975
0.78 25 -2.36596338253352e-05 2 27.05088782310486
0.78 26 0.0 1 20.380156993865967
0.78 27 0.0 1 22.6336989402771
0.78 28 0.0 1 16.86646342277527
0.78 29 -1.3260173400497112e-05 2 16.737648963928223
0.8 0 0.0 1 27.768781185150146
0.8 1 -2.1533167624952186e-05 2 16.65454363822937
0.8 2 0.0 1 23.868247032165527
0.8 3 0.0 1 19.84399151802063
0.8 4 0.0 1 21.951857089996338
0.8 5 0.0 1 20.40832281112671
0.8 6 2.9321008541392734e-05 2 26.071543216705322
0.8 7 0.0 1 19.462685108184814
0.8 8 0.0 1 19.051284313201904
0.8 9 -5.528080218602106e-06 2 18.6682608127594
0.8 10 4.155630178134934e-05 2 19.42542028427124
0.8 11 0.0 1 17.876322984695435
0.8 12 0.0 1 18.017598390579224
0.8 13 0.0 1 18.90284490585327
0.8 14 0.0 1 20.7661030292511
0.8 15 0.0 1 26.99539017677307
0.8 16 -2.3121321740795923e-05 2 19.588648319244385
0.8 17 0.0 1 18.962209701538086
0.8 18 0.0 1 20.269113063812256
0.8 19 0.0 1 15.70741081237793
0.8 20 0.0 1 22.28543257713318
0.8 21 5.507895796228477e-06 2 16.187052488327026
0.8 22 3.8804422953663896e-05 2 18.344348430633545
0.8 23 0.0 1 16.419703245162964
0.8 24 0.0 1 16.044488430023193
0.8 25 0.0 1 20.348723649978638
0.8 26 8.24774306989967e-07 2 21.205188989639282
0.8 27 0.0 1 21.04798436164856
0.8 28 0.0 1 18.497567892074585
0.8 29 -2.3997023945592234e-05 2 21.113837957382202
0.84 0 0.0 1 19.022295713424683
0.84 1 0.0 1 18.82519268989563
0.84 2 0.0 1 23.18255591392517
0.84 3 0.0 1 24.91557264328003
0.84 4 0.0 1 26.194016218185425
0.84 5 0.0 1 17.257896661758423
0.84 6 0.0 1 17.85918641090393
0.84 7 -2.220052461177885e-05 2 16.32015371322632
0.84 8 0.0 1 15.72139286994934
0.84 9 0.0 1 22.060903072357178
0.84 10 0.0 1 18.05808448791504
0.84 11 0.0 1 22.326743125915527
0.84 12 0.0 1 23.736979484558105
0.84 13 0.0 1 21.761997938156128
0.84 14 0.0 1 15.968170166015625
0.84 15 0.0 1 20.204031467437744
0.84 16 0.0 1 19.268898010253906
0.84 17 -2.3973168878388937e-05 2 19.073103666305542
0.84 18 0.0 1 19.656168460845947
0.84 19 0.0 1 25.87371277809143
0.84 20 -1.4229167622062034e-06 2 20.745246410369873
0.84 21 0.0 1 19.604284286499023
0.84 22 0.0 1 22.08541178703308
0.84 23 0.0 1 17.41365957260132
0.84 24 0.0 1 18.662657499313354
0.84 25 0.0 1 19.02924156188965
0.84 26 0.0 1 22.16437840461731
0.84 27 0.0 1 18.610210180282593
0.84 28 -1.603150199611604e-05 2 19.20729351043701
0.84 29 0.0 1 22.784330129623413
0.82 0 0.0 1 15.447525024414062
0.82 1 0.0 1 26.5150363445282
0.82 2 0.0 1 24.334632635116577
0.82 3 0.0 1 19.86579656600952
0.82 4 0.0 1 22.14834690093994
0.82 5 4.28237710581223e-06 2 26.650375366210938
0.82 6 0.0 1 17.929065227508545
0.82 7 0.0 1 23.365994930267334
0.82 8 -2.393197973913676e-05 2 19.43169116973877
0.82 9 -3.137193004106375e-07 3 23.98643970489502
0.82 10 0.0 1 20.50605297088623
0.82 11 0.0 1 15.673599481582642
0.82 12 0.0 1 27.826905012130737
0.82 13 0.0 1 17.034564971923828
0.82 14 0.0 1 16.51369547843933
0.82 15 -2.2496586185910968e-05 2 21.049663066864014
0.82 16 -2.3726182796587884e-05 2 18.5191593170166
0.82 17 0.0 1 21.34737753868103
0.82 18 7.080583124321735e-05 2 22.43455958366394
0.82 19 0.0 1 15.61250901222229
0.82 20 2.607045319137757e-05 2 23.78488540649414
0.82 21 0.0 1 23.24812364578247
0.82 22 0.0 1 20.210940837860107
0.82 23 0.0 1 27.22605538368225
0.82 24 0.0 1 17.761595964431763
0.82 25 0.0 1 20.530999898910522
0.82 26 0.0 1 21.012422800064087
0.82 27 0.0 1 23.660064935684204
0.82 28 0.0 1 25.841296195983887
0.82 29 0.0 1 19.67265295982361
0.88 0 0.0 1 16.469513416290283
0.88 1 0.0 1 20.975282669067383
0.88 2 0.0 1 27.986397743225098
0.88 3 0.0 1 20.59854483604431
0.88 4 0.0 1 17.983370542526245
0.88 5 0.0 1 18.912506580352783
0.88 6 0.0 1 19.04967451095581
0.88 7 0.0 1 22.788984537124634
0.88 8 0.0 1 20.88493323326111
0.88 9 0.0 1 19.341604232788086
0.88 10 0.0 1 17.879969596862793
0.88 11 0.0 1 18.636635065078735
0.88 12 0.0 1 22.258203506469727
0.88 13 0.0 1 20.345911026000977
0.88 14 -1.288376404472327e-05 2 13.418720722198486
0.88 15 3.886172145143282e-05 2 22.88666343688965
0.88 16 0.0 1 25.58093285560608
0.88 17 0.0 1 16.997713804244995
0.88 18 0.0 1 18.948497533798218
0.88 19 0.0 1 19.6566104888916
0.88 20 -2.1709543058929702e-05 2 13.990518808364868
0.88 21 -2.3890080838432736e-05 2 23.225802898406982
0.88 22 0.0 1 21.481718063354492
0.88 23 0.0 1 23.578135013580322
0.88 24 0.0 1 22.20577883720398
0.88 25 -2.350489837403497e-05 2 16.804648399353027
0.88 26 0.0 1 19.609720468521118
0.88 27 0.0 1 19.30238389968872
0.88 28 0.0 1 17.407121658325195
0.88 29 0.0 1 18.122344493865967
0.86 0 0.0 1 18.180163621902466
0.86 1 0.0 1 19.297102689743042
0.86 2 0.0 1 25.12985610961914
0.86 3 0.0 1 21.330860376358032
0.86 4 0.0 1 18.556015968322754
0.86 5 0.0 1 26.267391204833984
0.86 6 0.0 1 26.494565725326538
0.86 7 0.0 1 19.176663875579834
0.86 8 0.0 1 16.315040349960327
0.86 9 0.0 1 19.475699186325073
0.86 10 0.0 1 21.128371715545654
0.86 11 0.0 1 22.62140655517578
0.86 12 0.0 1 26.158982753753662
0.86 13 -4.756376448727624e-06 3 16.8531231880188
0.86 14 0.0 1 20.000236749649048
0.86 15 -1.5040834955996516e-05 2 24.704832077026367
0.86 16 0.0 1 21.189927101135254
0.86 17 1.6897638707346087e-05 2 17.850507259368896
0.86 18 0.0 1 24.218299627304077
0.86 19 0.0 1 19.205323457717896
0.86 20 0.0 1 19.644420862197876
0.86 21 0.0 1 20.908671140670776
0.86 22 0.0 1 15.655889987945557
0.86 23 -2.481061671379918e-06 2 26.849369525909424
0.86 24 0.0 1 21.78992462158203
0.86 25 0.0 1 26.010321140289307
0.86 26 0.0 1 19.89388942718506
0.86 27 0.0 1 17.44294810295105
0.86 28 2.685465084697675e-05 2 21.147337913513184
0.86 29 0.0 1 19.120898246765137
0.9 0 4.338861140993873e-05 2 19.582660913467407
0.9 1 0.0 1 28.083872318267822
0.9 2 0.0 1 17.376067399978638
0.9 3 0.0 1 16.40019965171814
0.9 4 0.0 1 19.557042837142944
0.9 5 -2.2889377433528354e-05 2 23.22106170654297
0.9 6 2.059510154162968e-05 2 21.43595051765442
0.9 7 0.0 1 19.319920301437378
0.9 8 0.0 1 20.74543046951294
0.9 9 0.0 1 22.625086545944214
0.9 10 0.0 1 22.47169804573059
0.9 11 -7.88057367592616e-06 2 20.9452383518219
0.9 12 0.0 1 18.30064868927002
0.9 13 0.0 1 15.722530603408813
0.9 14 0.0 1 17.69966149330139
0.9 15 -2.8986471621089943e-05 3 21.434839248657227
0.9 16 0.0 1 22.695763111114502
0.9 17 0.0 1 21.95784091949463
0.9 18 8.014275519584688e-06 2 21.569435119628906
0.9 19 -1.726265045570173e-05 2 20.645243883132935
0.9 20 0.0 1 27.99330425262451
0.9 21 -2.1846847441752013e-05 3 21.171306133270264
0.9 22 -1.4697788379175184e-05 2 18.12101912498474
0.9 23 -1.755439180566672e-05 2 16.92109775543213
0.9 24 0.00010169487758597242 2 21.62800145149231
0.9 25 0.0 1 19.041572093963623
0.9 26 0.0 1 22.256747722625732
0.9 27 -1.7262483826557304e-05 2 25.175408124923706
0.9 28 0.0 1 17.004180431365967
0.9 29 -1.4242909219845638e-06 2 18.720677375793457
0.92 0 0.0 1 16.390952587127686
0.92 1 0.0 1 16.066015005111694
0.92 2 -9.654105047031786e-06 2 20.490536212921143
0.92 3 -2.288944105043166e-05 2 20.918517351150513
0.92 4 0.0 1 19.126724004745483
0.92 5 0.0 1 20.25483775138855
0.92 6 0.0 1 19.386632442474365
0.92 7 0.0 1 19.618913173675537
0.92 8 -2.276545435032193e-05 2 19.257617473602295
0.92 9 2.137713629780192e-05 2 21.0662944316864
0.92 10 0.0 1 22.909884214401245
0.92 11 0.0 1 17.007503986358643
0.92 12 0.0 1 19.42981266975403
0.92 13 -9.651563631810315e-06 2 18.984952449798584
0.92 14 0.0 1 16.204394817352295
0.92 15 0.0 1 20.094268321990967
0.92 16 0.0 1 24.475693702697754
0.92 17 0.0 1 17.622191667556763
0.92 18 0.0 1 21.39725399017334
0.92 19 -7.426220006052847e-06 2 17.511712789535522
0.92 20 -1.2114239052234586e-05 2 22.582749128341675
0.92 21 0.00014263974516453597 2 19.890071392059326
0.92 22 0.0 1 29.621553421020508
0.92 23 -1.7554353380898167e-05 2 20.857952117919922
0.92 24 0.0 1 22.123132467269897
0.92 25 0.0 1 22.176372528076172
0.92 26 0.0 1 24.91480040550232
0.92 27 0.0 1 19.40270686149597
0.92 28 0.0 1 20.702929973602295
0.92 29 0.0 1 18.068892002105713
0.94 0 0.0 1 21.849689483642578
0.94 1 0.0 1 18.824629306793213
0.94 2 0.0 1 30.805100202560425
0.94 3 0.0 1 16.04534673690796
0.94 4 0.0 1 18.335151433944702
0.94 5 0.0 1 20.588414669036865
0.94 6 0.0 1 17.42150592803955
0.94 7 0.0 1 18.1894371509552
0.94 8 0.0 1 17.298340320587158
0.94 9 5.501597595975819e-06 2 16.586443424224854
0.94 10 0.0 1 19.57155704498291
0.94 11 0.0 1 19.178372383117676
0.94 12 0.0 1 18.909271955490112
0.94 13 0.0 1 19.891124963760376
0.94 14 0.0 1 23.122478485107422
0.94 15 -2.4018584873134407e-05 2 18.158613443374634
0.94 16 0.0 1 19.16734004020691
0.94 17 0.0 1 19.77644371986389
0.94 18 0.0 1 20.69472336769104
0.94 19 0.0 1 20.888354063034058
0.94 20 0.0 1 24.036739110946655
0.94 21 -1.726262469537903e-05 2 20.60121464729309
0.94 22 3.6827463915222447e-06 2 16.212137460708618
0.94 23 0.0 1 27.86653470993042
0.94 24 0.0 1 21.605481147766113
0.94 25 -3.5260527988009163e-06 2 19.089208602905273
0.94 26 -1.5039804336605912e-05 2 18.503510236740112
0.94 27 -1.5377182078091213e-05 2 21.297739267349243
0.94 28 0.0 1 21.847346305847168
0.94 29 0.0 1 17.538077354431152
0.96 0 0.0 1 18.953670978546143
0.96 1 0.0 1 15.928615808486938
0.96 2 0.0 1 22.043109893798828
0.96 3 0.0 1 19.218443870544434
0.96 4 0.0 1 26.750367879867554
0.96 5 0.0 1 19.537395238876343
0.96 6 0.0 1 17.630860567092896
0.96 7 -4.54087223013288e-06 2 16.43140459060669
0.96 8 0.0 1 23.888644695281982
0.96 9 3.0978505889481545e-05 2 22.10180139541626
0.96 10 0.0 1 22.189973831176758
0.96 11 -2.1533694501695345e-05 2 19.96255397796631
0.96 12 0.0 1 18.651894569396973
0.96 13 0.0 1 29.8020236492157
0.96 14 0.0 1 19.341710805892944
0.96 15 -2.300806442462836e-05 2 18.37469792366028
0.96 16 0.0 1 19.29705834388733
0.96 17 0.0 1 15.984782218933105
0.96 18 0.0 1 21.951712131500244
0.96 19 0.0 1 17.906433582305908
0.96 20 0.0 1 22.209224939346313
0.96 21 0.0 1 16.714295148849487
0.96 22 0.0 1 17.400933027267456
0.96 23 0.0 1 19.532121658325195
0.96 24 -2.17095907267331e-05 2 17.668057918548584
0.96 25 -2.3325354272658096e-05 2 15.430144786834717
0.96 26 0.0 1 19.67950940132141
0.96 27 -2.3932981128385296e-05 2 17.720834493637085
0.96 28 2.6074180660693523e-05 3 18.537312984466553
0.96 29 -2.8534416053642527e-06 3 17.603999853134155
1.0 0 0.0 1 16.39708685874939
1.0 1 0.0 1 18.097291707992554
1.0 2 0.0 1 15.742202758789062
1.0 3 -1.362962145711543e-05 2 20.355055570602417
1.0 4 2.067248483970035e-05 2 27.2417573928833
1.0 5 0.0 1 22.31516695022583
1.0 6 0.0 1 18.83465337753296
1.0 7 -2.932395971610547e-05 3 14.911307334899902
1.0 8 0.0 1 17.342285633087158
1.0 9 0.0 1 24.0307137966156
1.0 10 0.0 1 17.131908178329468
1.0 11 2.8482166363335552e-05 2 17.57816743850708
1.0 12 0.0 1 19.78671407699585
1.0 13 0.0 1 17.019253253936768
1.0 14 0.0 1 19.070262670516968
1.0 15 0.0 1 21.10185408592224
1.0 16 0.0 1 20.55731987953186
1.0 17 0.0 1 17.631011962890625
1.0 18 0.0 1 15.854551076889038
1.0 19 -2.055545321347247e-05 2 16.181272745132446
1.0 20 0.0 1 17.45033860206604
1.0 21 0.0 1 17.00195074081421
1.0 22 0.0 1 22.760982036590576
1.0 23 0.0 1 17.17285442352295
1.0 24 -1.3260798825650484e-05 2 17.830262660980225
1.0 25 0.0 1 17.27518129348755
1.0 26 0.0 1 17.162800073623657
1.0 27 0.00019441057252690398 2 14.902879476547241
1.0 28 0.0 1 23.598975658416748
1.0 29 0.0 1 16.83822751045227
0.98 0 0.0 1 16.422384023666382
0.98 1 0.0 1 18.022306203842163
0.98 2 5.8087069372912345e-06 3 18.46739387512207
0.98 3 0.0 1 18.12208104133606
0.98 4 3.6952431018462564e-06 2 18.962941646575928
0.98 5 0.0 1 18.14303684234619
0.98 6 0.0 1 16.732100009918213
0.98 7 -2.4047563145798743e-05 2 13.6656494140625
0.98 8 -5.601642254932889e-07 3 19.689796924591064
0.98 9 -2.1711867100852887e-05 2 18.324169635772705
0.98 10 0.0 1 21.768795013427734
0.98 11 -2.4033929189015754e-05 2 25.215692281723022
0.98 12 0.0 1 22.707385301589966
0.98 13 -2.322670065653201e-05 2 26.971975088119507
0.98 14 0.0 1 18.976516723632812
0.98 15 0.0 1 16.46410298347473
0.98 16 -1.570767545276116e-05 2 25.783843755722046
0.98 17 -2.235140370704923e-05 2 16.862913608551025
0.98 18 0.0 1 14.732476949691772
0.98 19 -2.4047038565283486e-05 2 18.403996229171753
0.98 20 0.0 1 17.394322156906128
0.98 21 -1.839119837250331e-05 2 16.113086938858032
0.98 22 0.0 1 17.280402660369873
0.98 23 0.0 1 15.434774160385132
0.98 24 0.0 1 16.42487120628357
0.98 25 0.0 1 24.55984330177307
0.98 26 0.0 1 18.642415046691895
0.98 27 1.4747755128737717e-05 2 19.297407388687134
0.98 28 0.0 1 16.880650281906128
0.98 29 0.0 1 19.645399570465088
