0.1 0 0.9493940656297263 2 24.80594038963318
0.1 1 0.9546071986376484 2 21.593014001846313
0.1 2 0.9523061211257229 2 15.538113594055176
0.1 3 0.9525602879598668 2 23.910523653030396
0.1 4 0.9503338372453056 2 15.807823419570923
0.1 5 0.6678733583266715 3 19.263333320617676
0.1 6 0.660271943381201 3 21.739773273468018
0.1 7 0.953618952340975 2 17.698278427124023
0.1 8 0.947083647222201 2 23.361693859100342
0.1 9 0.9525675549077133 2 17.751917362213135
0.1 10 0.9506210002988436 2 22.16358709335327
0.1 11 0.5944533812194953 3 18.483524799346924
0.1 12 0.6650037048520435 3 17.295620441436768
0.1 13 0.9478330324773583 2 30.129326105117798
0.1 14 0.9516374067057553 2 21.95425581932068
0.1 15 0.6615563480813489 3 16.203418970108032
0.1 16 0.6646405657129631 3 21.376819133758545
0.1 17 0.9452409824480706 2 18.003278732299805
0.1 18 0.9480774795956526 2 21.136276483535767
0.1 19 0.9493300518369652 2 32.13210940361023
0.14 0 0.8912944675941513 2 22.962547302246094
0.14 1 0.8939379552039295 2 21.63464617729187
0.14 2 0.8939637059851792 2 22.429931640625
0.14 3 0.890679769577876 2 16.396089792251587
0.14 4 0.8856328455747183 2 19.424058198928833
0.14 5 0.8940143704670287 2 23.215142726898193
0.14 6 0.8925550533224972 2 17.558560371398926
0.14 7 0.8882433892599174 2 25.196302890777588
0.14 8 0.596468884401461 3 19.114718675613403
0.14 9 0.5158719788324907 3 22.38439917564392
0.14 10 0.8874367097385369 2 22.957037210464478
0.14 11 0.8856821371711977 2 15.204250574111938
0.14 12 0.8961911977025947 2 23.8201425075531
0.14 13 0.8884595821784664 2 23.474297761917114
0.14 14 0.8904681750722246 2 24.1017849445343
0.14 15 0.8927115584583334 2 21.844942808151245
0.14 16 0.8933371835626955 2 20.969459295272827
0.14 17 0.8849195601106211 2 28.034037590026855
0.14 18 0.894653371628998 2 30.878340005874634
0.14 19 0.5316198582658797 3 20.539482593536377
0.12000000000000001 0 0.4966195981841449 4 30.081501245498657
0.12000000000000001 1 0.6287404116182641 3 20.26741337776184
0.12000000000000001 2 0.4982294009932375 4 27.0361647605896
0.12000000000000001 3 0.9225569893990114 2 21.41930913925171
0.12000000000000001 4 0.6356291614278824 3 18.63298773765564
0.12000000000000001 5 0.9241344834002644 2 18.095308303833008
0.12000000000000001 6 0.9264424920059402 2 17.022249937057495
0.12000000000000001 7 0.929787678658376 2 18.255722284317017
0.12000000000000001 8 0.9337968485352318 2 20.46904969215393
0.12000000000000001 9 0.6285009907455869 3 21.667207717895508
0.12000000000000001 10 0.9225422934548149 2 20.576045513153076
0.12000000000000001 11 0.9247858113255838 2 23.05260443687439
0.12000000000000001 12 0.9220936657178681 2 32.05796480178833
0.12000000000000001 13 0.9192252135935892 2 27.857701539993286
0.12000000000000001 14 0.928891357352957 2 18.22860336303711
0.12000000000000001 15 0.55341155879378 3 17.98590326309204
0.12000000000000001 16 0.9239067993128265 2 20.316339015960693
0.12000000000000001 17 0.9299389989493096 2 20.674671173095703
0.12000000000000001 18 0.9275231494427666 2 30.04165816307068
0.12000000000000001 19 0.9223551022288649 2 23.061657428741455
0.16 0 0.5530051655259437 3 25.146589994430542
0.16 1 0.8467713565941347 2 26.89306402206421
0.16 2 0.8540898346167889 2 22.106053352355957
0.16 3 0.5521186823613176 3 26.375966787338257
0.16 4 0.5556182404767778 3 21.778199672698975
0.16 5 0.8497618316349206 2 20.07747983932495
0.16 6 0.55939043772582 3 18.72561264038086
0.16 7 0.852434166124369 2 25.6061909198761
0.16 8 0.8548726884980687 2 21.40491533279419
0.16 9 0.511430456852322 3 17.829885244369507
0.16 10 0.519115732087587 3 25.918397188186646
0.16 11 0.5006521606913147 3 20.116084098815918
0.16 12 0.8449616057256185 2 26.03877091407776
0.16 13 0.8463844427318432 2 18.99709391593933
0.16 14 0.8559988697542107 2 20.58993625640869
0.16 15 0.8496240283794322 2 24.377867698669434
0.16 16 0.8509526495640015 2 19.478195667266846
0.16 17 0.8568795541462317 2 26.333613395690918
0.16 18 0.5542187869502448 3 21.71659255027771
0.16 19 0.8581818966866154 2 31.356579065322876
0.18 0 0.4751701874599766 3 24.379257202148438
0.18 1 0.8113246818229353 2 22.806689739227295
0.18 2 0.8022879578837531 2 19.596903562545776
0.18 3 0.8149163325100351 2 26.68983244895935
0.18 4 0.488535475099322 3 27.48230242729187
0.18 5 0.8119963251959302 2 20.756351470947266
0.18 6 0.8135320982637397 2 27.7827467918396
0.18 7 0.5015864325661211 3 24.045363426208496
0.18 8 0.521810613601256 3 20.769221305847168
0.18 9 0.8079530119460681 2 24.285258531570435
0.18 10 0.8192037947608569 2 22.685822248458862
0.18 11 0.8064406471557346 2 23.366456031799316
0.18 12 0.8073328189208439 2 26.033132076263428
0.18 13 0.8058540885300668 2 31.94566297531128
0.18 14 0.47391248113920836 3 29.21918272972107
0.18 15 0.5229159691496359 3 22.15343689918518
0.18 16 0.8072783371958947 2 29.459275722503662
0.18 17 0.7999764245253045 2 19.76976776123047
0.18 18 0.5077261106813183 3 32.65517210960388
0.18 19 0.46884181642396844 3 28.89475655555725
0.22 0 0.4228532077359392 3 27.337912559509277
0.22 1 0.7001576368507663 2 30.388928413391113
0.22 2 0.7015981321679685 2 23.26855492591858
0.22 3 0.7025220289963794 2 25.443230867385864
0.22 4 0.42892504393719266 3 24.70031762123108
0.22 5 0.7012691521276457 2 21.347803115844727
0.22 6 0.7134570732693523 2 24.611844301223755
0.22 7 0.7120347804083674 2 22.997095584869385
0.22 8 0.42298466709480276 3 24.998950958251953
0.22 9 0.7071239700876326 2 20.13830852508545
0.22 10 0.411003735998579 3 25.91277265548706
0.22 11 0.7117879018708251 2 23.63184094429016
0.22 12 0.7081717836445143 2 20.52989172935486
0.22 13 0.7075434180214083 2 23.357162952423096
0.22 14 0.7043230511509229 2 23.53022789955139
0.22 15 0.7022588425829249 2 25.417011499404907
0.22 16 0.7054072144063835 2 24.868737936019897
0.22 17 0.7071660802256344 2 25.6495144367218
0.22 18 0.412900614698166 3 18.42972683906555
0.22 19 0.42264942205355044 3 21.128848791122437
0.24000000000000002 0 0.3857112319837273 3 24.521674633026123
0.24000000000000002 1 0.37869054048099743 3 22.20901608467102
0.24000000000000002 2 0.38518278150419316 3 28.301835536956787
0.24000000000000002 3 0.6544282398982106 2 23.507753372192383
0.24000000000000002 4 0.3820523663816796 3 27.39253282546997
0.24000000000000002 5 0.6415407103938826 2 19.158376932144165
0.24000000000000002 6 0.3719017025550606 3 24.508383989334106
0.24000000000000002 7 0.6437217023358774 2 22.76926565170288
0.24000000000000002 8 0.6458807086143812 2 23.940919399261475
0.24000000000000002 9 0.6467827746693916 2 29.026138067245483
0.24000000000000002 10 0.6453182564775279 2 26.805602312088013
0.24000000000000002 11 0.6472888213014123 2 18.72090792655945
0.24000000000000002 12 0.6467693962965312 2 19.985511541366577
0.24000000000000002 13 0.6384389087554194 2 23.556612968444824
0.24000000000000002 14 0.39253258190814116 3 22.60600185394287
0.24000000000000002 15 0.38260960316303283 3 26.13650393486023
0.24000000000000002 16 0.6497993243071893 2 26.595308780670166
0.24000000000000002 17 0.6561081643346067 2 27.909580945968628
0.24000000000000002 18 0.6494515580082002 2 28.065091609954834
0.24000000000000002 19 0.6522837871886691 2 21.592907428741455
0.2 0 0.44965571861724735 3 28.743257522583008
0.2 1 0.7569563931362476 2 29.80490469932556
0.2 2 0.4446085132579193 3 24.654478073120117
0.2 3 0.7655682901289547 2 28.90168571472168
0.2 4 0.4415640483718232 3 19.317084312438965
0.2 5 0.7531402562182533 2 21.512944221496582
0.2 6 0.7725746772442714 2 29.338545322418213
0.2 7 0.4853335090620761 3 16.37481141090393
0.2 8 0.44511761469592875 3 33.46298933029175
0.2 9 0.7657146034104453 2 20.161014795303345
0.2 10 0.7560242256558581 2 20.25542187690735
0.2 11 0.4426726257083313 3 21.371518850326538
0.2 12 0.761083856040396 2 23.613611221313477
0.2 13 0.7660976056529337 2 27.754597902297974
0.2 14 0.7577111237291785 2 34.51647901535034
0.2 15 0.3685528213884542 4 28.204646825790405
0.2 16 0.7613840727094874 2 24.37910294532776
0.2 17 0.4492151393210842 3 26.14901375770569
0.2 18 0.4551845791480609 3 23.078280687332153
0.2 19 0.7633064166540342 2 26.379955053329468
0.26 0 0.5914277489596373 2 29.716285705566406
0.26 1 0.5859828818876347 2 34.261414527893066
0.26 2 0.5939573520847413 2 23.455940008163452
0.26 3 0.3512967378192534 3 23.9746675491333
0.26 4 0.5885079741935129 2 17.767001152038574
0.26 5 0.5932069229150772 2 23.271281719207764
0.26 6 0.5904547733863257 2 22.081985235214233
0.26 7 0.5879385072777049 2 24.262236833572388
0.26 8 0.5852197700944752 2 27.2372829914093
0.26 9 0.5848377339896711 2 24.1226167678833
0.26 10 0.3564320557722001 3 22.37376832962036
0.26 11 0.5896433935045314 2 21.14200735092163
0.26 12 0.34887755153208055 3 25.04568338394165
0.26 13 0.3496136791335263 3 26.039955377578735
0.26 14 0.3450413598261126 3 21.254823207855225
0.26 15 0.3500129034615822 3 27.395004510879517
0.26 16 0.5918745746733405 2 21.508416414260864
0.26 17 0.5924352125916061 2 18.912631511688232
0.26 18 0.5930665586155166 2 29.957800149917603
0.26 19 0.5908619601328003 2 22.02784299850464
0.28 0 0.5242813974183869 2 27.586312294006348
0.28 1 0.5179223157389863 2 29.879260301589966
0.28 2 0.5295270250108395 2 22.925840377807617
0.28 3 0.533358980962054 2 23.49326491355896
0.28 4 0.5318899465861094 2 23.774115800857544
0.28 5 0.527831351751822 2 22.84470009803772
0.28 6 0.3160384990031376 3 24.331794261932373
0.28 7 0.527562469720134 2 29.08511996269226
0.28 8 0.5315415452852236 2 24.143228769302368
0.28 9 0.31666595094491856 3 23.63580870628357
0.28 10 0.3216368868784664 3 27.180211067199707
0.28 11 0.5222069879734713 2 18.018912076950073
0.28 12 0.5342837613481535 2 21.272258520126343
0.28 13 0.5245587608503145 2 24.088194847106934
0.28 14 0.31901676264559153 3 28.944310426712036
0.28 15 0.529044881538401 2 24.706321477890015
0.28 16 0.32109299439064215 3 21.08313798904419
0.28 17 0.5297483350086694 2 26.1633141040802
0.28 18 0.31177781384442727 3 21.62552261352539
0.28 19 0.5170015361879347 2 21.816222667694092
0.30000000000000004 0 0.4669526639776363 2 27.291825771331787
0.30000000000000004 1 0.46663240706541675 2 21.368571758270264
0.30000000000000004 2 0.45995789598018944 2 22.339321613311768
0.30000000000000004 3 0.2885091235752266 3 33.212095737457275
0.30000000000000004 4 0.4612451232645613 2 24.918095111846924
0.30000000000000004 5 0.46348394385733194 2 18.60576891899109
0.30000000000000004 6 0.45939106655032186 2 27.383527278900146
0.30000000000000004 7 0.46726471612866605 2 22.94798994064331
0.30000000000000004 8 0.47354017035629575 2 26.814915895462036
0.30000000000000004 9 0.4684303135921745 2 20.810230016708374
0.30000000000000004 10 0.46334612935155767 2 27.214465618133545
0.30000000000000004 11 0.27494860649815234 3 24.299119472503662
0.30000000000000004 12 0.4638700369159246 2 21.416379690170288
0.30000000000000004 13 0.4741900190202802 2 21.27130627632141
0.30000000000000004 14 0.4657595992059576 2 30.196691036224365
0.30000000000000004 15 0.2808292496379257 3 20.707890272140503
0.30000000000000004 16 0.4711068432547223 2 26.40566372871399
0.30000000000000004 17 0.4696703149638874 2 27.63310194015503
0.30000000000000004 18 0.47190237444331995 2 18.730536699295044
0.30000000000000004 19 0.46349173371597874 2 19.976175785064697
0.32 0 0.4033128295193647 2 26.431710720062256
0.32 1 0.4008366796702543 2 31.65838599205017
0.32 2 0.40187599035520805 2 28.452441930770874
0.32 3 0.24571866406036105 3 32.753546714782715
0.32 4 0.3997496517450172 2 22.407556533813477
0.32 5 0.40515609822958704 2 27.503713846206665
0.32 6 0.24719856415248376 3 19.642885208129883
0.32 7 0.39902819041915144 2 21.101075887680054
0.32 8 0.406187149085641 2 29.616180419921875
0.32 9 0.39503795145972026 2 21.884928703308105
0.32 10 0.4096576829972062 2 23.653095722198486
0.32 11 0.24408628557729295 3 28.210111141204834
0.32 12 0.2431093475705477 3 20.454306840896606
0.32 13 0.24719897312059744 3 24.40118646621704
0.32 14 0.24352198134571948 3 20.4067804813385
0.32 15 0.237783817798885 3 28.258517503738403
0.32 16 0.4070163052094373 2 17.898496389389038
0.32 17 0.24367764918061846 3 32.41271948814392
0.32 18 0.4035322225019741 2 22.366914749145508
0.32 19 0.40468730848264506 2 18.1409113407135
0.33999999999999997 0 0.20205774227748222 3 25.951228141784668
0.33999999999999997 1 0.3428134920507019 2 21.63040280342102
0.33999999999999997 2 0.3431333382720524 2 21.554344654083252
0.33999999999999997 3 0.33924356239902437 2 23.990012645721436
0.33999999999999997 4 0.34657403519654195 2 27.723268508911133
0.33999999999999997 5 0.34822203659817946 2 34.31247138977051
0.33999999999999997 6 0.15383162930608027 4 21.137186288833618
0.33999999999999997 7 0.34966687725920426 2 24.374934434890747
0.33999999999999997 8 0.21089036903161815 3 22.50179958343506
0.33999999999999997 9 0.34604970748490016 2 23.180118799209595
0.33999999999999997 10 0.3398455031420231 2 24.878071308135986
0.33999999999999997 11 0.3301788864580537 2 34.35550498962402
0.33999999999999997 12 0.3373343306863536 2 26.40503191947937
0.33999999999999997 13 0.34258474487806484 2 24.79721188545227
0.33999999999999997 14 0.34576732146133304 2 27.294384479522705
0.33999999999999997 15 0.33649135770152433 2 24.542893886566162
0.33999999999999997 16 0.3453308717962034 2 20.18188738822937
0.33999999999999997 17 0.3297835336270365 2 24.834803342819214
0.33999999999999997 18 0.3521834409470026 2 18.011462450027466
0.33999999999999997 19 0.34304786851286934 2 21.875096321105957
0.38 0 0.21149130499040758 2 23.954824447631836
0.38 1 0.21573014958989467 2 23.312949180603027
0.38 2 0.22725793223843485 2 25.288188934326172
0.38 3 0.2284170441546331 2 26.15162181854248
0.38 4 0.2119481006661056 2 18.35798215866089
0.38 5 0.2207529087888571 2 22.563312768936157
0.38 6 0.22717908720442295 2 25.25122332572937
0.38 7 0.1351017213629672 3 23.986976385116577
0.38 8 0.23147288430739052 2 21.798012256622314
0.38 9 0.21930733963958013 2 22.22501254081726
0.38 10 0.21962615068423802 2 26.049909114837646
0.38 11 0.21857453275579772 2 25.18226957321167
0.38 12 0.21915856592734972 2 19.020020246505737
0.38 13 0.21827405126564983 2 27.75558614730835
0.38 14 0.2201775490200272 2 24.565396547317505
0.38 15 0.225934135919669 2 24.221644163131714
0.38 16 0.22265664285732173 2 23.363646268844604
0.38 17 0.22636917825716568 2 23.029982328414917
0.38 18 0.13816249593646504 3 25.685065507888794
0.38 19 0.23415105950503687 2 27.47926163673401
0.36 0 0.17264959280859926 3 25.110589504241943
0.36 1 0.28490968084739104 2 16.952614784240723
0.36 2 0.2783520797695836 2 20.300845623016357
0.36 3 0.16690569621830895 3 27.26312780380249
0.36 4 0.2671404725653545 2 22.067585945129395
0.36 5 0.2830181776646919 2 28.65859079360962
0.36 6 0.17493994670695565 3 25.899648427963257
0.36 7 0.17113813826338614 3 28.421913146972656
0.36 8 0.28342690699263867 2 24.194010496139526
0.36 9 0.2793901423710381 2 22.744125604629517
0.36 10 0.27705727914793643 2 39.90449523925781
0.36 11 0.2762595430597307 2 28.26224160194397
0.36 12 0.29488361322628515 2 19.484673500061035
0.36 13 0.27879988169131653 2 29.778421878814697
0.36 14 0.1709291117306944 3 27.929180145263672
0.36 15 0.2758450090074665 2 21.543705224990845
0.36 16 0.29543706712895856 2 30.34272289276123
0.36 17 0.28200563985310667 2 23.845590114593506
0.36 18 0.2699374651557136 2 18.32932710647583
0.36 19 0.2851790460911206 2 27.891109228134155
0.4 0 0.16509589143967668 2 30.35805583000183
0.4 1 0.16576028414803712 2 27.664602756500244
0.4 2 0.1673316206229614 2 23.61131525039673
0.4 3 0.10209619449272155 3 21.64883303642273
0.4 4 0.1000005623560981 3 24.24052858352661
0.4 5 0.16989221529627666 2 25.659666299819946
0.4 6 0.15662929643377754 2 27.084373235702515
0.4 7 0.16344310266670664 2 23.849905729293823
0.4 8 0.09967851355555063 3 18.134885787963867
0.4 9 0.16271609516327717 2 25.38225030899048
0.4 10 0.16270745278214546 2 30.747578859329224
0.4 11 0.15491171328051687 2 18.27773118019104
0.4 12 0.1554096117794685 2 20.9798104763031
0.4 13 0.17088740251891696 2 30.62226438522339
0.4 14 0.16179669569875108 2 20.00074338912964
0.4 15 0.15873587558263655 2 16.33054208755493
0.4 16 0.1640361057533845 2 25.09780979156494
0.4 17 0.16396838165771996 2 20.498817205429077
0.4 18 0.16749918062286775 2 24.886898279190063
0.4 19 0.16002822636571445 2 21.745957136154175
0.45999999999999996 0 0.02516904203849995 2 27.69821000099182
0.45999999999999996 1 0.0 1 24.346662998199463
0.45999999999999996 2 0.027775066521422774 2 20.055643796920776
0.45999999999999996 3 0.0 1 24.98659586906433
0.45999999999999996 4 0.020199127996118577 3 28.88777780532837
0.45999999999999996 5 0.014752730232264403 2 22.99366545677185
0.45999999999999996 6 7.416199091675728e-05 2 22.89741539955139
0.45999999999999996 7 0.0 1 22.80524444580078
0.45999999999999996 8 0.007832488166433085 2 22.930060625076294
0.45999999999999996 9 0.01862374116978316 2 20.47104573249817
0.45999999999999996 10 0.0 1 24.159316062927246
0.45999999999999996 11 0.019262254113036944 2 27.671205043792725
0.45999999999999996 12 0.012819483002588472 2 20.785158157348633
0.45999999999999996 13 0.0065894590548680005 2 24.9183349609375
0.45999999999999996 14 -2.153344413911918e-05 2 22.174234628677368
0.45999999999999996 15 0.02119143020712903 2 18.447513103485107
0.45999999999999996 16 0.0 1 22.032615423202515
0.45999999999999996 17 0.0 1 24.88283061981201
0.45999999999999996 18 0.013945249040541572 3 21.831178665161133
0.45999999999999996 19 0.0 1 21.289336442947388
0.42000000000000004 0 0.12402619470637397 2 24.224096536636353
0.42000000000000004 1 0.10460126464060576 2 20.822407722473145
0.42000000000000004 2 0.12239286398621191 2 19.633134603500366
0.42000000000000004 3 0.06673373122022319 3 26.92214560508728
0.42000000000000004 4 0.12440819152396812 2 21.674262762069702
0.42000000000000004 5 0.107830847303097 2 24.463346004486084
0.42000000000000004 6 0.06352832740753706 3 24.504457712173462
0.42000000000000004 7 0.06883666636684735 3 30.865865468978882
0.42000000000000004 8 0.11573372013594854 2 23.706401586532593
0.42000000000000004 9 0.11519472517738698 2 19.517460346221924
0.42000000000000004 10 0.07211176092178495 3 23.052866458892822
0.42000000000000004 11 0.10208919105921012 2 26.40656590461731
0.42000000000000004 12 0.06302778538862655 3 26.667452335357666
0.42000000000000004 13 0.11917928102257216 2 25.005266427993774
0.42000000000000004 14 0.12189423146937144 2 26.955573320388794
0.42000000000000004 15 0.07194219402192016 3 22.15032434463501
0.42000000000000004 16 0.11664479155327646 2 20.12554621696472
0.42000000000000004 17 0.09307814014053716 2 29.087003469467163
0.42000000000000004 18 0.11015521325619498 2 28.845954656600952
0.42000000000000004 19 0.10108160226080196 2 24.1866397857666
0.44000000000000006 0 0.06175306510043642 2 21.316169023513794
0.44000000000000006 1 0.051383732599061684 3 20.52276611328125
0.44000000000000006 2 0.0 1 26.2699191570282
0.44000000000000006 3 0.07341543964208573 2 25.232640266418457
0.44000000000000006 4 0.0508030485026969 2 18.827995538711548
0.44000000000000006 5 0.06022374221947433 2 27.381932497024536
0.44000000000000006 6 0.0 1 24.24794363975525
0.44000000000000006 7 -1.9574087458547985e-06 2 15.885977745056152
0.44000000000000006 8 0.06690161812203736 2 24.342586040496826
0.44000000000000006 9 0.021366400945982928 3 23.68074655532837
0.44000000000000006 10 0.04245923006927942 2 26.23945927619934
0.44000000000000006 11 0.043175144822181 2 21.72184729576111
0.44000000000000006 12 0.06759255150109014 2 25.38455104827881
0.44000000000000006 13 0.05001078718323048 2 26.434934377670288
0.44000000000000006 14 0.06134133942589968 2 28.11643362045288
0.44000000000000006 15 0.04486405654851281 2 23.595110654830933
0.44000000000000006 16 0.020897543589973436 3 31.399380445480347
0.44000000000000006 17 0.04144499581948906 3 28.802748680114746
0.44000000000000006 18 0.034568984838303486 3 20.284810543060303
0.44000000000000006 19 0.04804155303042183 2 36.60550355911255
0.48 0 0.0 1 23.374793529510498
0.48 1 -2.3225983649500992e-05 2 22.077358961105347
0.48 2 0.0007364994002589398 2 21.397128343582153
0.48 3 0.0 1 26.175703525543213
0.48 4 -1.9170285921377182e-05 2 21.691701889038086
0.48 5 0.0 1 23.21248435974121
0.48 6 0.0 1 19.228535175323486
0.48 7 0.014937245906112168 2 22.103156566619873
0.48 8 0.0 1 23.83821129798889
0.48 9 0.006653095215679526 3 24.06985068321228
0.48 10 0.0 1 23.047608613967896
0.48 11 -2.4046747857239552e-05 2 27.381917238235474
0.48 12 0.0 1 21.740469694137573
0.48 13 0.0 1 22.82501482963562
0.48 14 0.001629812417739175 2 30.029126167297363
0.48 15 0.0 1 22.858237981796265
0.48 16 0.0 1 25.570050716400146
0.48 17 0.004520950765697065 2 25.608079433441162
0.48 18 0.008473790657764827 2 33.45388674736023
0.48 19 4.284743297815816e-06 2 25.401057243347168
0.52 0 0.0 1 24.226781368255615
0.52 1 0.0 1 20.242510080337524
0.52 2 0.0 1 33.452972173690796
0.52 3 0.0 1 20.62000060081482
0.52 4 0.0 1 28.03538680076599
0.52 5 0.0 1 24.151813983917236
0.52 6 0.0 1 23.339137315750122
0.52 7 0.0 1 28.655524730682373
0.52 8 0.0014634912067487652 2 28.249830961227417
0.52 9 -2.365876389711262e-05 2 18.677460432052612
0.52 10 7.302550387234341e-05 2 28.01853895187378
0.52 11 0.0 1 21.23007869720459
0.52 12 0.0 1 20.18639850616455
0.52 13 3.525710931037928e-05 2 31.817237854003906
0.52 14 0.0 1 20.37436056137085
0.52 15 0.000471195406734241 2 18.683495044708252
0.52 16 0.0 1 24.962506532669067
0.52 17 0.0 1 17.894341707229614
0.52 18 0.0 1 19.070017337799072
0.52 19 2.9339549420928615e-05 4 30.104467630386353
0.5 0 0.0 1 26.89618754386902
0.5 1 0.0 1 25.630325317382812
0.5 2 0.0 1 24.62465214729309
0.5 3 0.00035343461597428733 2 19.811464548110962
0.5 4 0.0 1 24.115923404693604
0.5 5 0.0 1 35.185182332992554
0.5 6 0.0 1 26.404611825942993
0.5 7 0.0 1 23.93818759918213
0.5 8 0.0 1 30.581590175628662
0.5 9 0.0 1 21.476922512054443
0.5 10 -2.220065257099877e-05 2 27.123748540878296
0.5 11 0.0 1 21.18187642097473
0.5 12 0.0 1 25.1386079788208
0.5 13 0.0 1 25.38011908531189
0.5 14 0.0 1 21.396390199661255
0.5 15 0.0 1 22.59063696861267
0.5 16 0.006351058575743268 2 30.39024806022644
0.5 17 0.0 1 24.40073871612549
0.5 18 0.0 1 28.61646032333374
0.5 19 0.0 1 26.943031311035156
0.54 0 0.0 1 30.871267080307007
0.54 1 0.0 1 21.934154272079468
0.54 2 0.0 1 30.48420214653015
0.54 3 0.0 1 20.194063663482666
0.54 4 -2.3969301495907887e-05 2 21.818722248077393
0.54 5 0.0007181107526489735 2 24.333449363708496
0.54 6 0.0 1 27.078991174697876
0.54 7 0.0 1 25.249849796295166
0.54 8 0.0 1 27.107564210891724
0.54 9 0.0 1 20.319204807281494
0.54 10 0.0 1 28.47166609764099
0.54 11 0.0 1 21.741019248962402
0.54 12 0.0 1 22.217334032058716
0.54 13 0.0 1 30.712957620620728
0.54 14 0.0 1 28.243289947509766
0.54 15 0.0 1 21.579679250717163
0.54 16 0.0 1 20.053663969039917
0.54 17 0.0 1 22.29553771018982
0.54 18 0.0 1 22.7370924949646
0.54 19 6.123025966120812e-06 2 23.126600742340088
0.56 0 0.0 1 21.939682483673096
0.56 1 0.0 1 26.124002695083618
0.56 2 0.0 1 26.790532112121582
0.56 3 -1.7554392914026217e-05 2 25.295950651168823
0.56 4 0.0006754302628133223 2 26.99626874923706
0.56 5 0.0 1 23.01158833503723
0.56 6 0.0 1 23.91341996192932
0.56 7 0.0 1 23.72390651702881
0.56 8 0.0 1 26.305447101593018
0.56 9 0.00010945211124277483 2 31.280446529388428
0.56 10 -2.3419266604881828e-05 2 28.923071146011353
0.56 11 -2.0764104503301686e-05 2 23.05915379524231
0.56 12 0.0 1 24.32243037223816
0.56 13 0.0 1 27.296427011489868
0.56 14 0.0 1 27.738670110702515
0.56 15 -1.5377076806657363e-05 2 27.029094457626343
0.56 16 0.0 1 28.300177812576294
0.56 17 0.0 1 27.111860990524292
0.56 18 0.0 1 21.002175092697144
0.56 19 0.0 1 36.891167402267456
0.58 0 0.0 1 27.55412459373474
0.58 1 0.0 1 27.82620644569397
0.58 2 -2.263410804260052e-05 2 21.674303770065308
0.58 3 0.0 1 25.362813711166382
0.58 4 0.0 1 24.27399468421936
0.58 5 0.0 1 26.728862524032593
0.58 6 0.0 1 20.883058786392212
0.58 7 0.0 1 20.302391052246094
0.58 8 0.0 1 21.886136770248413
0.58 9 -2.2494961353523313e-05 2 26.809036254882812
0.58 10 0.0 1 19.887730836868286
0.58 11 0.0 1 17.177542448043823
0.58 12 0.0 1 25.517361402511597
0.58 13 0.0 1 15.4631028175354
0.58 14 0.0 1 21.24156427383423
0.58 15 2.2125597637003365e-05 2 14.562214374542236
0.58 16 -2.4018350890322616e-05 2 20.751201152801514
0.58 17 0.0 1 17.621487855911255
0.58 18 0.0 1 13.957820892333984
0.58 19 0.0 1 22.502854824066162
0.6 0 0.0 1 26.313981533050537
0.6 1 -1.0495800309851297e-05 2 24.30967116355896
0.6 2 0.0 1 24.803761959075928
0.6 3 4.286035220876188e-06 2 26.545593976974487
0.6 4 0.0 1 21.966734170913696
0.6 5 0.0 1 24.946978092193604
0.6 6 0.0002782028580693585 2 25.04489541053772
0.6 7 -1.3630163930635324e-05 2 18.832326889038086
0.6 8 0.0 1 22.102213144302368
0.6 9 0.0 1 28.013056755065918
0.6 10 -2.4020662477998075e-05 2 20.49935221672058
0.6 11 0.0 1 17.81509757041931
0.6 12 0.0 1 12.711976766586304
0.6 13 3.969451538042711e-05 2 15.476220607757568
0.6 14 -1.6659664161766783e-05 2 18.28595232963562
0.6 15 0.0 1 17.005841493606567
0.6 16 -1.2109364053059067e-05 2 18.292134284973145
0.6 17 0.0 1 21.670287609100342
0.6 18 0.0 1 19.989272594451904
0.6 19 0.0 1 17.827220678329468
0.62 0 0.0 1 26.810335636138916
0.62 1 0.0003470411433980074 2 20.11855983734131
0.62 2 0.0 1 24.420689582824707
0.62 3 0.0 1 23.471280574798584
0.62 4 0.0 1 21.045384407043457
0.62 5 0.0 1 25.95993709564209
0.62 6 0.0 1 25.190592527389526
0.62 7 0.0 1 26.665607690811157
0.62 8 0.0 1 29.64367365837097
0.62 9 0.0 1 23.475872039794922
0.62 10 0.0 1 21.663584232330322
0.62 11 0.0 1 16.272730588912964
0.62 12 0.0 1 14.6395423412323
0.62 13 0.0 1 20.631153106689453
0.62 14 0.0 1 20.069818258285522
0.62 15 0.0 1 15.087745904922485
0.62 16 0.0 1 24.20810842514038
0.62 17 0.0 1 19.832058906555176
0.62 18 0.0 1 18.563709259033203
0.62 19 0.0 1 19.967674493789673
0.64 0 0.0 1 33.40117263793945
0.64 1 -2.1879853092833847e-05 2 22.118759632110596
0.64 2 -1.839170990174634e-05 2 25.028419256210327
0.64 3 0.0 1 21.57901096343994
0.64 4 0.0 1 25.392608642578125
0.64 5 0.0 1 27.233088970184326
0.64 6 0.0 1 37.04597806930542
0.64 7 0.0 1 21.27918839454651
0.64 8 0.0 1 28.713069915771484
0.64 9 1.0636570735292161e-05 2 14.108913660049438
0.64 10 -2.170948522879973e-05 2 18.78459596633911
0.64 11 0.0 1 16.14717745780945
0.64 12 0.0 1 16.99567198753357
0.64 13 -2.2764330707157352e-05 2 19.019667148590088
0.64 14 0.0 1 18.107335329055786
0.64 15 0.0 1 18.448020219802856
0.64 16 0.0 1 15.109804153442383
0.64 17 0.0 1 20.645880699157715
0.64 18 0.0 1 21.766367197036743
0.64 19 0.0 1 26.934921503067017
0.66 0 0.0 1 19.724667072296143
0.66 1 -1.8391324710100256e-05 2 20.06285262107849
0.66 2 0.0 1 16.825702905654907
0.66 3 0.0 1 20.289888620376587
0.66 4 -1.9657671730744398e-05 2 21.072057485580444
0.66 5 0.0 1 25.38647150993347
0.66 6 0.0 1 21.858772039413452
0.66 7 0.0 1 21.11431622505188
0.66 8 -2.4048956130393952e-05 2 22.783004999160767
0.66 9 0.0 1 19.281683683395386
0.66 10 0.0 1 19.589180946350098
0.66 11 0.0 1 18.920784950256348
0.66 12 0.0 1 19.124184131622314
0.66 13 4.3625358690081336e-05 3 21.276456832885742
0.66 14 -2.055545321347247e-05 2 19.685542345046997
0.66 15 -3.0114322242837964e-06 2 23.397364616394043
0.66 16 0.0 1 19.468866109848022
0.66 17 -9.220767070033556e-06 2 21.917577981948853
0.66 18 0.0 1 22.826263904571533
0.66 19 4.283460556106431e-06 2 22.715683698654175
0.6799999999999999 0 0.0 1 21.703995943069458
0.6799999999999999 1 0.0 1 22.45487666130066
0.6799999999999999 2 0.0 1 15.362518548965454
0.6799999999999999 3 0.0 1 19.794697999954224
0.6799999999999999 4 -9.654200082530255e-06 2 19.759990692138672
0.6799999999999999 5 4.9061574088363074e-05 2 18.48254680633545
0.6799999999999999 6 0.0 1 24.029446840286255
0.6799999999999999 7 -1.865729544990459e-05 2 17.84506368637085
0.6799999999999999 8 2.2015238266831406e-07 2 17.76944589614868
0.6799999999999999 9 -2.2632835521242768e-05 2 26.62635087966919
0.6799999999999999 10 0.0 1 22.64981174468994
0.6799999999999999 11 0.0 1 23.251938581466675
0.6799999999999999 12 0.0 1 15.75638198852539
0.6799999999999999 13 0.0 1 19.148183345794678
0.6799999999999999 14 0.0 1 15.744078874588013
0.6799999999999999 15 0.0 1 17.98541784286499
0.6799999999999999 16 -1.0499573782224821e-05 2 18.241486072540283
0.6799999999999999 17 6.655475418209682e-05 2 25.621037244796753
0.6799999999999999 18 0.0 1 20.44175124168396
0.6799999999999999 19 1.922699766427515e-06 2 18.57063913345337
0.7 0 -1.8917183744345397e-05 2 19.10629105567932
0.7 1 0.0 1 17.131653785705566
0.7 2 0.0 1 15.868905305862427
0.7 3 -2.1533185841540103e-05 2 17.44903302192688
0.7 4 -2.301079866758035e-05 2 19.834851264953613
0.7 5 0.0 1 17.945013999938965
0.7 6 -1.2885466659390336e-05 2 17.990623950958252
0.7 7 -1.7554400579441913e-05 2 26.694098234176636
0.7 8 0.0 1 22.20553684234619
0.7 9 0.0 1 20.871793031692505
0.7 10 -1.6659903546488864e-05 2 26.914729118347168
0.7 11 -2.4048149072980974e-05 2 19.600993871688843
0.7 12 -1.2504234120915448e-05 2 25.987897872924805
0.7 13 -2.384162666693986e-05 2 16.55549907684326
0.7 14 0.0 1 16.619481086730957
0.7 15 0.0 1 20.34672260284424
0.7 16 0.0 1 23.790326595306396
0.7 17 0.0 1 22.100160598754883
0.7 18 -2.2495549570710497e-05 2 27.5826313495636
0.7 19 0.0 1 18.84455180168152
0.72 0 0.0 1 24.04555344581604
0.72 1 0.0 1 20.09183144569397
0.72 2 0.0 1 18.442984342575073
0.72 3 -2.2043332073542077e-05 2 20.32093834877014
0.72 4 0.0 1 17.520766019821167
0.72 5 2.0605234891459605e-05 2 23.857589721679688
0.72 6 1.7627282892454073e-05 2 18.332380294799805
0.72 7 0.0 1 19.984530925750732
0.72 8 -2.0340487563938484e-05 2 19.316360235214233
0.72 9 0.0 1 24.258557558059692
0.72 10 0.0 1 20.505708932876587
0.72 11 0.0 1 15.69356393814087
0.72 12 0.0 1 19.26275897026062
0.72 13 0.0 1 18.061581134796143
0.72 14 0.0 1 16.02296018600464
0.72 15 0.0 1 19.43827986717224
0.72 16 0.0 1 19.80928349494934
0.72 17 0.0 1 16.222002744674683
0.72 18 0.0 1 24.640955448150635
0.72 19 0.0 1 23.401504278182983
0.76 0 0.0 1 19.28808879852295
0.76 1 1.5459815419404923e-05 2 21.123579740524292
0.76 2 0.0 1 23.847729682922363
0.76 3 2.6365122481782748e-05 3 17.96554446220398
0.76 4 0.0 1 17.261869430541992
0.76 5 0.0 1 21.513118505477905
0.76 6 -1.0079763849369542e-05 2 20.644290447235107
0.76 7 -2.0340807803524083e-05 2 21.812028408050537
0.76 8 0.0 1 16.34497904777527
0.76 9 -5.036802687260704e-06 2 14.660935878753662
0.76 10 0.0 1 18.77871012687683
0.76 11 0.0 1 19.95965027809143
0.76 12 0.0 1 17.489632844924927
0.76 13 0.0 1 20.807329893112183
0.76 14 0.0 1 21.168567895889282
0.76 15 0.0 1 19.876704454421997
0.76 16 0.0 1 19.171346187591553
0.76 17 0.0 1 14.061288595199585
0.76 18 -8.813086290752015e-07 2 15.808311223983765
0.76 19 0.0 1 15.99861216545105
0.74 0 0.0 1 19.760375499725342
0.74 1 -1.9595170118958483e-06 2 18.322286128997803
0.74 2 0.0 1 16.60336709022522
0.74 3 0.0 1 22.278381824493408
0.74 4 -1.4199066326351458e-06 2 18.95049285888672
0.74 5 0.0 1 19.777976274490356
0.74 6 1.6172615408242646e-05 2 22.18387722969055
0.74 7 -1.1351130006425822e-05 3 23.655587673187256
0.74 8 0.0 1 19.002705574035645
0.74 9 -1.5038526379272403e-05 2 21.25726294517517
0.74 10 0.0 1 17.324700355529785
0.74 11 0.0 1 18.05852460861206
0.74 12 0.0 1 25.61776041984558
0.74 13 0.0 1 18.16008234024048
0.74 14 0.0 1 18.077634572982788
0.74 15 -3.5255325977121607e-06 2 15.649215459823608
0.74 16 0.0 1 20.13921022415161
0.74 17 0.0 1 19.986489295959473
0.74 18 0.0 1 13.19025182723999
0.74 19 0.0 1 17.663225412368774
0.78 0 0.0 1 19.980098247528076
0.78 1 -1.8917324522993556e-05 2 17.292508363723755
0.78 2 0.0 1 23.65781021118164
0.78 3 0.0 1 19.82921028137207
0.78 4 7.378550904028412e-06 2 18.23860216140747
0.78 5 0.0 1 19.440392017364502
0.78 6 0.0 1 21.145180225372314
0.78 7 0.0 1 24.831430912017822
0.78 8 0.0 1 22.305581092834473
0.78 9 0.0 1 21.02153754234314
0.78 10 -1.1719433052827334e-05 2 16.346102237701416
0.78 11 0.0 1 18.40134596824646
0.78 12 0.0 1 16.771213054656982
0.78 13 0.0 1 18.958430528640747
0.78 14 0.0 1 17.92855739593506
0.78 15 -1.7262425041136546e-05 2 19.946444034576416
0.78 16 0.0 1 23.799534797668457
0.78 17 0.0 1 22.474735021591187
0.78 18 0.0 1 16.196657419204712
0.78 19 6.431788693575759e-05 2 21.28145980834961
0.8 0 3.8795999990479545e-05 2 19.650498867034912
0.8 1 0.0 1 23.292085647583008
0.8 2 0.0 1 21.21539878845215
0.8 3 -9.427896304823982e-06 3 17.74349308013916
0.8 4 0.0 1 20.502501010894775
0.8 5 -2.3325337041204622e-05 2 20.577072143554688
0.8 6 0.0 1 22.494093894958496
0.8 7 8.662357294234527e-06 2 18.492564916610718
0.8 8 0.0 1 17.73489499092102
0.8 9 0.0 1 16.617598295211792
0.8 10 -1.1321659469440567e-05 2 15.430419445037842
0.8 11 0.0 1 14.722870111465454
0.8 12 -2.893023243262749e-05 3 17.74832010269165
0.8 13 0.0 1 17.324777364730835
0.8 14 1.4045332079581398e-05 2 23.665801286697388
0.8 15 -2.276427218991473e-05 2 18.840338945388794
0.8 16 0.0 1 18.040249347686768
0.8 17 0.0 1 17.758269548416138
0.8 18 -4.03700603335496e-06 2 17.421940565109253
0.8 19 0.0 1 18.35252332687378
0.82 0 0.0 1 17.427496671676636
0.82 1 0.0 1 20.81481695175171
0.82 2 0.0 1 19.532637357711792
0.82 3 0.0 1 17.21756339073181
0.82 4 0.0 1 16.651075839996338
0.82 5 0.0 1 18.12102699279785
0.82 6 0.0 1 25.056384801864624
0.82 7 0.0 1 22.428007125854492
0.82 8 0.0 1 21.350012063980103
0.82 9 0.0 1 22.266916751861572
0.82 10 -2.0341028799010628e-05 2 23.768530130386353
0.82 11 5.701512791546907e-05 2 26.739739656448364
0.82 12 0.0 1 17.384219646453857
0.82 13 0.0 1 22.334641218185425
0.82 14 0.0 1 17.650321006774902
0.82 15 0.0 1 18.28219747543335
0.82 16 0.0 1 19.20726203918457
0.82 17 0.0 1 18.5466091632843
0.82 18 0.0 1 17.486457586288452
0.82 19 0.0 1 17.137277603149414
0.84 0 0.0 1 17.942582607269287
0.84 1 0.0 1 15.153587579727173
0.84 2 0.0 1 21.001477241516113
0.84 3 0.0 1 23.219517707824707
0.84 4 0.0 1 17.842854976654053
0.84 5 4.336205393173809e-05 2 21.46716284751892
0.84 6 0.0 1 22.117305517196655
0.84 7 -1.959309478131533e-06 2 28.612786769866943
0.84 8 0.0 1 18.451997756958008
0.84 9 0.0 1 13.156507015228271
0.84 10 8.569910548788005e-05 2 25.212246894836426
0.84 11 0.0 1 19.846678018569946
0.84 12 0.0 1 19.211599111557007
0.84 13 0.0 1 21.771928310394287
0.84 14 5.101148586377226e-05 2 26.474942207336426
0.84 15 -3.5271450961680854e-06 2 20.797925233840942
0.84 16 0.0 1 27.33752727508545
0.84 17 0.0 1 24.91619348526001
0.84 18 0.0 1 20.4974684715271
0.84 19 -2.2764909759756306e-05 2 24.230360507965088
0.88 0 -5.527139812532017e-06 2 17.39653992652893
0.88 1 -2.403476265278391e-05 2 17.29195475578308
0.88 2 1.545590745344108e-05 2 21.347429990768433
0.88 3 0.0 1 19.278703927993774
0.88 4 0.0 1 22.26293921470642
0.88 5 0.0 1 16.975756883621216
0.88 6 0.0 1 17.967913389205933
0.88 7 -1.326146207705835e-05 2 24.50816559791565
0.88 8 0.0 1 23.681201219558716
0.88 9 0.0 1 16.999016761779785
0.88 10 5.599372618120162e-05 2 20.29122519493103
0.88 11 0.0 1 17.726653337478638
0.88 12 2.4459430608275393e-05 2 26.039934158325195
0.88 13 0.0 1 20.22703766822815
0.88 14 0.0 1 23.111719131469727
0.88 15 0.0 1 20.55714249610901
0.88 16 -1.8657520727799626e-05 2 22.43564748764038
0.88 17 0.0 1 19.418017625808716
0.88 18 0.0 1 21.322434663772583
0.88 19 0.0 1 17.3617045879364
0.86 0 1.766897543511885e-05 2 16.172028303146362
0.86 1 0.0 1 18.142568826675415
0.86 2 0.0 1 24.919529676437378
0.86 3 0.0 1 28.34997057914734
0.86 4 0.0 1 19.63288164138794
0.86 5 3.0976422682149714e-05 2 30.618103504180908
0.86 6 9.980885332027368e-06 2 18.61690902709961
0.86 7 0.0 1 21.363237857818604
0.86 8 0.0 1 17.367855072021484
0.86 9 -3.500134807083305e-05 3 22.377460718154907
0.86 10 0.0 1 16.664576530456543
0.86 11 0.0 1 18.70541739463806
0.86 12 -6.0065270700207965e-06 2 19.28660297393799
0.86 13 1.5507582919401536e-05 2 25.585819721221924
0.86 14 0.0 1 16.818440914154053
0.86 15 0.0 1 22.291942358016968
0.86 16 0.0 1 19.302556037902832
0.86 17 -2.27655031411467e-05 2 21.99867582321167
0.86 18 0.0 1 19.781090021133423
0.86 19 -2.1350506802748633e-05 2 23.270273685455322
0.9 0 0.0 1 21.562786102294922
0.9 1 0.0 1 17.175661087036133
0.9 2 0.0 1 16.620342016220093
0.9 3 0.0 1 15.898480415344238
0.9 4 0.0 1 25.577192544937134
0.9 5 0.0 1 16.325844049453735
0.9 6 0.0 1 15.90034031867981
0.9 7 0.0 1 21.536568641662598
0.9 8 0.00012142179488557238 2 16.036622524261475
0.9 9 0.0 1 20.009732484817505
0.9 10 -1.989195901215493e-05 2 20.122223615646362
0.9 11 0.0 1 19.618825912475586
0.9 12 0.0 1 16.729778289794922
0.9 13 0.0 1 29.033879280090332
0.9 14 0.0 1 20.563780069351196
0.9 15 -1.570697885338651e-05 2 21.261160373687744
0.9 16 0.0 1 19.09933876991272
0.9 17 0.0 1 24.608182907104492
0.9 18 0.0 1 18.748820781707764
0.9 19 7.385883439467885e-06 2 23.454772233963013
0.92 0 0.0 1 18.6917245388031
0.92 1 0.0 1 17.156129360198975
0.92 2 4.7839479752262616e-05 3 22.26811456680298
0.92 3 0.0 1 15.34511685371399
0.92 4 -3.4364887880527244e-05 3 18.973595142364502
0.92 5 0.0 1 25.18988871574402
0.92 6 0.0 1 22.40089726448059
0.92 7 -2.096623520067234e-05 2 25.793105602264404
0.92 8 0.0 1 18.114969491958618
0.92 9 0.0 1 26.422314405441284
0.92 10 -1.5038809042193984e-05 2 19.00029993057251
0.92 11 0.0 1 21.371437072753906
0.92 12 3.3522340097825406e-05 2 20.712368726730347
0.92 13 0.0 1 24.458534002304077
0.92 14 0.0 1 18.61836290359497
0.92 15 0.0 1 24.243499279022217
0.92 16 -2.389200804981677e-05 2 20.564951419830322
0.92 17 0.0 1 20.720296382904053
0.92 18 0.0 1 20.800764083862305
0.92 19 0.0 1 17.12461256980896
0.96 0 0.0 1 22.863746881484985
0.96 1 0.0 1 16.299486875534058
0.96 2 0.0 1 19.564212560653687
0.96 3 0.0 1 20.28600525856018
0.96 4 0.0 1 23.150373458862305
0.96 5 0.0 1 16.13938808441162
0.96 6 0.0 1 20.241084337234497
0.96 7 0.0 1 18.2418954372406
0.96 8 0.0 1 29.023297548294067
0.96 9 2.2123552711599512e-05 2 20.388674020767212
0.96 10 -6.011991638913876e-06 2 22.403541326522827
0.96 11 1.3225575642331575e-05 3 20.25117325782776
0.96 12 0.0 1 24.134730339050293
0.96 13 0.0 1 17.57378053665161
0.96 14 0.0 1 14.621368885040283
0.96 15 0.0 1 23.605596780776978
0.96 16 0.0 1 24.05025053024292
0.96 17 0.0 1 19.158334493637085
0.96 18 0.0 1 22.441649675369263
0.96 19 0.0 1 19.771992444992065
0.94 0 0.0 1 20.717104196548462
0.94 1 0.0 1 16.638902187347412
0.94 2 0.0 1 24.290123462677002
0.94 3 0.0 1 24.989854335784912
0.94 4 0.0 1 24.611711263656616
0.94 5 0.0 1 18.996140480041504
0.94 6 -2.388960519719095e-05 2 18.206013441085815
0.94 7 0.0 1 27.1892409324646
0.94 8 0.0 1 21.730557441711426
0.94 9 0.0 1 19.517265796661377
0.94 10 0.0 1 23.473209619522095
0.94 11 0.0 1 22.955578804016113
0.94 12 0.0 1 26.991265773773193
0.94 13 0.0 1 17.25815486907959
0.94 14 -2.3325616054990466e-05 2 16.038947343826294
0.94 15 0.0 1 20.885592699050903
0.94 16 0.0 1 23.984898328781128
0.94 17 0.0 1 20.217238426208496
0.94 18 0.0 1 20.375868558883667
0.94 19 0.0 1 19.3769314289093
0.98 0 0.0 1 19.8208589553833
0.98 1 0.0 1 19.37385368347168
0.98 2 1.3551635734105866e-06 2 18.25058102607727
0.98 3 0.0 1 19.561177253723145
0.98 4 0.0 1 16.49834132194519
0.98 5 0.0 1 25.977097034454346
0.98 6 0.0 1 15.14420223236084
0.98 7 -1.4242469024564876e-06 2 17.708137035369873
0.98 8 0.0 1 16.550987243652344
0.98 9 0.0 1 24.1523756980896
0.98 10 0.0 1 17.611326932907104
0.98 11 -1.585353283789053e-05 3 15.202532768249512
0.98 12 0.0 1 17.364786386489868
0.98 13 0.0 1 19.14555287361145
0.98 14 -2.263315309276393e-05 2 17.548615217208862
0.98 15 -2.263447943443164e-05 2 16.506876707077026
0.98 16 0.0 1 19.429776430130005
0.98 17 0.0 1 17.00460124015808
0.98 18 0.0 1 16.39331316947937
0.98 19 0.0 1 22.12166714668274
1.0 0 0.0 1 16.283230781555176
1.0 1 0.0 1 24.310298919677734
1.0 2 4.12808118388025e-05 3 13.722802877426147
1.0 3 0.0 1 15.639208316802979
1.0 4 0.0 1 16.38226056098938
1.0 5 1.8359042111851622e-05 2 18.26916217803955
1.0 6 0.0 1 15.136102199554443
1.0 7 -2.3423542575398526e-05 2 20.1340389251709
1.0 8 0.0 1 16.322327613830566
1.0 9 1.6173615140432247e-05 2 19.167584896087646
1.0 10 0.0 1 21.02819561958313
1.0 11 0.0 1 15.887123107910156
1.0 12 0.0 1 14.357576847076416
1.0 13 0.0 1 20.099039316177368
1.0 14 -2.0555415126579364e-05 2 21.691740036010742
1.0 15 7.6534692974074e-05 2 24.5653657913208
1.0 16 0.0 1 14.938999891281128
1.0 17 -6.961470083095048e-06 2 24.77402925491333
1.0 18 0.0 1 22.08814549446106
1.0 19 0.0 1 16.82712483406067
