0.402 0 0.015094155629034475 22 44.80825924873352
0.402 1 0.02414014173256274 20 45.10506987571716
0.402 2 0.010170003624384564 20 51.55159854888916
0.402 3 0.009209148770462675 21 50.57387018203735
0.402 4 0.012891762076487559 24 47.91386604309082
0.402 5 0.014350226786258231 23 45.94011044502258
0.402 6 0.010281842575757413 20 46.68870830535889
0.402 7 0.007532058840418611 22 46.09196352958679
0.402 8 0.017262171896961165 20 45.56798768043518
0.402 9 0.010108792943145458 20 48.1672728061676
0.4 0 0.011998734204146091 22 48.92224073410034
0.4 1 0.010132060136113546 21 47.7447714805603
0.4 2 0.010141214591426466 21 45.466278314590454
0.4 3 0.011062575288128068 20 53.964077949523926
0.4 4 0.015637947542537937 19 46.99925446510315
0.4 5 0.012519825549763457 17 53.52959108352661
0.4 6 0.008598496502247699 20 44.247705698013306
0.4 7 0.011219002390165624 20 47.49293875694275
0.4 8 0.010213934235003 20 58.288814067840576
0.4 9 0.009971222608879417 23 48.91736388206482
0.404 0 0.007594249620986256 21 44.57568120956421
0.404 1 0.010131491639596236 20 46.66011023521423
0.404 2 0.007515650723701559 20 43.142045736312866
0.404 3 0.007421728809261139 19 40.48935389518738
0.404 4 0.010538111890278739 20 47.261444330215454
0.404 5 0.012204894596687074 21 46.33358955383301
0.404 6 0.011491344714468887 22 44.102107763290405
0.404 7 0.01620166322598828 21 38.97461175918579
0.404 8 0.015874527852712348 20 42.773029088974
0.404 9 0.010079384449838946 20 45.94646596908569
0.406 0 0.013455012912522765 20 47.072569370269775
0.406 1 0.007850078656905719 17 40.68834185600281
0.406 2 0.014761563388738167 21 44.278018951416016
0.406 3 0.014875215825255595 21 49.05643343925476
0.406 4 0.011190661088580254 21 40.5460262298584
0.406 5 0.0038721683289048878 20 44.265883922576904
0.406 6 0.011221167083993846 19 40.84234118461609
0.406 7 0.007596640694902752 20 52.113720178604126
0.406 8 0.012831640367530915 20 46.205769300460815
0.406 9 0.010051784523698934 21 44.60477924346924
0.40800000000000003 0 0.014024336686860968 24 44.74473428726196
0.40800000000000003 1 0.013806045864636742 20 39.15158486366272
0.40800000000000003 2 0.012748962054339997 23 48.299193382263184
0.40800000000000003 3 0.00939529109308522 23 54.06681776046753
0.40800000000000003 4 0.01263213101202108 21 49.29920959472656
0.40800000000000003 5 0.013823602140026274 21 41.43271040916443
0.40800000000000003 6 0.005573499249547369 23 49.54025101661682
0.40800000000000003 7 0.00860279506648692 23 49.126553773880005
0.40800000000000003 8 0.01620524926741029 24 48.165393590927124
0.40800000000000003 9 0.008049668555110202 19 44.94456648826599
0.41000000000000003 0 0.012195789434497607 22 43.4338493347168
0.41000000000000003 1 0.006186334600035922 23 42.926931858062744
0.41000000000000003 2 0.006919683063302533 18 49.932602643966675
0.41000000000000003 3 0.008527599359440963 22 47.67125153541565
0.41000000000000003 4 0.01031471308630421 22 47.46201753616333
0.41000000000000003 5 0.008738416841937081 19 50.748011350631714
0.41000000000000003 6 0.006186232302830693 21 51.713356494903564
0.41000000000000003 7 0.011332675712381902 20 44.706463098526
0.41000000000000003 8 0.008853225525621386 21 47.15433692932129
0.41000000000000003 9 0.011177237749944337 22 45.97373557090759
0.41200000000000003 0 0.015498778320146903 21 45.59132409095764
0.41200000000000003 1 0.019316319112818142 21 44.77867937088013
0.41200000000000003 2 0.014374106164025725 19 52.10307717323303
0.41200000000000003 3 0.005195358321829973 21 47.01754832267761
0.41200000000000003 4 0.0040951829191046745 20 47.22041463851929
0.41200000000000003 5 0.006689227012801066 19 44.35273456573486
0.41200000000000003 6 0.020598636092027597 20 46.955159425735474
0.41200000000000003 7 0.007316460725052077 19 42.64270615577698
0.41200000000000003 8 0.02017890635016608 20 44.686769247055054
0.41200000000000003 9 0.003452575617699664 20 48.392019510269165
0.41400000000000003 0 0.010477835199152899 20 49.677870750427246
0.41400000000000003 1 0.005779186263194673 20 47.41172409057617
0.41400000000000003 2 0.012776592590194901 22 46.86176562309265
0.41400000000000003 3 0.009355633300877039 21 46.69471788406372
0.41400000000000003 4 0.010197266167983002 18 48.93694853782654
0.41400000000000003 5 0.010136607236436388 21 45.825313329696655
0.41400000000000003 6 0.013825803942159048 20 54.935718059539795
0.41400000000000003 7 0.012299976441929256 19 44.301918745040894
0.41400000000000003 8 0.00405048505426724 20 52.79430556297302
0.41400000000000003 9 0.005260087498055705 23 50.29268932342529
0.41600000000000004 0 0.013082466578695358 18 45.092610120773315
0.41600000000000004 1 0.0097645844878272 21 54.935909032821655
0.41600000000000004 2 0.011217583195090499 22 54.51651334762573
0.41600000000000004 3 0.0048528141778063525 22 45.36239981651306
0.41600000000000004 4 0.017228985723349258 21 44.140071630477905
0.41600000000000004 5 0.012658173929729975 22 43.05656147003174
0.41600000000000004 6 0.006342029600496792 18 44.15961480140686
0.41600000000000004 7 0.006586221649227195 22 42.43363356590271
0.41600000000000004 8 0.015127510635377928 24 46.27034664154053
0.41600000000000004 9 0.0034777438971252215 21 44.61429500579834
0.41800000000000004 0 0.009535523713021408 22 59.694822788238525
0.41800000000000004 1 0.014803890233123613 20 44.264586448669434
0.41800000000000004 2 0.008116850421086353 23 53.35249876976013
0.41800000000000004 3 0.005602754741651353 21 45.7135226726532
0.41800000000000004 4 0.00862011143087002 19 41.677897214889526
0.41800000000000004 5 0.010755305782678307 23 44.57792901992798
0.41800000000000004 6 0.006668949748467134 21 46.679888010025024
0.41800000000000004 7 0.007960207416083564 23 46.142388343811035
0.41800000000000004 8 0.01307271646736867 21 51.4354248046875
0.41800000000000004 9 0.015662986447948647 22 53.937917709350586
0.42000000000000004 0 0.005233515000317629 24 45.424643993377686
0.42000000000000004 1 0.012283207539036167 18 48.3332200050354
0.42000000000000004 2 0.004702381093629319 21 44.22624588012695
0.42000000000000004 3 0.009399382325639048 21 41.33024525642395
0.42000000000000004 4 0.01055346034975207 24 42.24045944213867
0.42000000000000004 5 0.0077267478392141166 20 47.002445936203
0.42000000000000004 6 0.007503023637124812 21 48.91554093360901
0.42000000000000004 7 0.005787022608306085 23 44.794010400772095
0.42000000000000004 8 0.0077451906610123845 21 45.61573624610901
0.42000000000000004 9 0.009988934249287224 22 43.35724759101868
0.42200000000000004 0 0.0063247121611872655 22 46.099878787994385
0.42200000000000004 1 0.009729915361487733 22 44.67413353919983
0.42200000000000004 2 0.01189447408777627 19 43.99587845802307
0.42200000000000004 3 0.008445311312874827 18 45.99820399284363
0.42200000000000004 4 0.008345507140318483 21 43.83537530899048
0.42200000000000004 5 0.00980050701838881 20 43.068901777267456
0.42200000000000004 6 0.008551967046956157 23 44.12929821014404
0.42200000000000004 7 0.00794733542619274 21 44.275978565216064
0.42200000000000004 8 0.011026170819490668 19 46.664124727249146
0.42200000000000004 9 0.009020250025243403 23 45.96483111381531
0.42400000000000004 0 0.010938324569270646 22 47.07468819618225
0.42400000000000004 1 0.012468267243294445 22 46.505417585372925
0.42400000000000004 2 0.011090380328652444 22 50.64696764945984
0.42400000000000004 3 0.011570045518918416 20 49.072428703308105
0.42400000000000004 4 0.005089662889006713 20 41.78530716896057
0.42400000000000004 5 0.012216563925601873 21 51.97642159461975
0.42400000000000004 6 0.008374954738059916 22 44.26010227203369
0.42400000000000004 7 0.005822783035734862 19 43.1400351524353
0.42400000000000004 8 0.010417346897791346 24 46.12889242172241
0.42400000000000004 9 0.011346858030715027 20 53.04289793968201
0.42600000000000005 0 0.005046834528690027 23 46.969897508621216
0.42600000000000005 1 0.004565999886479887 22 50.34817957878113
0.42600000000000005 2 0.012676517983681392 21 46.32547998428345
0.42600000000000005 3 0.006783815639989294 21 53.319265842437744
0.42600000000000005 4 0.011742069706518308 20 49.820021629333496
0.42600000000000005 5 0.013357039927930551 24 46.40989542007446
0.42600000000000005 6 0.006192167463094823 21 47.57550072669983
0.42600000000000005 7 0.007496563542291408 20 47.74289298057556
0.42600000000000005 8 0.014973255572641703 19 51.54098391532898
0.42600000000000005 9 0.006580337065175295 20 55.184502601623535
0.428 0 0.004270494560234795 22 49.8317449092865
0.428 1 0.007433673206304458 18 46.009254455566406
0.428 2 0.007613907267021897 20 43.90871620178223
0.428 3 0.005308412889279757 22 58.978153705596924
0.428 4 0.011433675965054138 22 49.375075578689575
0.428 5 0.016352262176147523 22 46.22610640525818
0.428 6 0.006895508452318014 20 43.042415142059326
0.428 7 0.006100570880916314 19 47.98124027252197
0.428 8 0.007605917286637018 21 48.09075140953064
0.428 9 0.00701585141653925 19 48.2416512966156
0.43 0 0.007487348465545855 22 47.495715856552124
0.43 1 0.015058166646085487 22 54.45151948928833
0.43 2 0.008312857710427491 20 40.86851358413696
0.43 3 0.00845773035352629 22 42.411194801330566
0.43 4 0.010067495028449308 19 44.45422887802124
0.43 5 0.006071985477578111 21 43.38166165351868
0.43 6 0.008885506568940023 21 46.96254110336304
0.43 7 0.010408130452869896 24 46.18439507484436
0.43 8 0.008755764088898166 20 47.39503788948059
0.43 9 0.00446510317509005 20 48.13846731185913
0.432 0 0.009791238196190722 21 48.07831621170044
0.432 1 0.010673546592141443 20 46.5657274723053
0.432 2 0.007458536791191433 18 47.141942739486694
0.432 3 0.010936224233435711 19 46.05019402503967
0.432 4 0.006655401311561783 17 41.767606019973755
0.432 5 0.010235245244264252 20 45.44337749481201
0.432 6 0.0055388643920106775 19 57.69655632972717
0.432 7 0.01063875869077006 20 43.871203660964966
0.432 8 0.01191197616181866 20 47.9139404296875
0.432 9 0.006694264102982312 19 47.96526837348938
0.434 0 0.010075709317931636 22 46.14530563354492
0.434 1 0.010060011129649084 22 47.438950300216675
0.434 2 0.008149202249453239 20 45.61793303489685
0.434 3 0.008639262248225834 19 45.019657611846924
0.434 4 0.010712546684814356 21 50.81166887283325
0.434 5 0.0031079867223379157 23 54.6264443397522
0.434 6 0.006049013356630222 19 51.043901443481445
0.434 7 0.008129237184212055 22 44.427162647247314
0.434 8 0.007829943707786653 21 45.30828905105591
0.434 9 0.009025294580398184 22 50.746649503707886
0.436 0 0.0069846820581516865 21 42.50037479400635
0.436 1 0.0064586463753146415 20 52.82174491882324
0.436 2 0.004907717045016569 19 51.67022132873535
0.436 3 0.005720134956377307 22 44.856759548187256
0.436 4 0.008713176688432732 20 46.94324493408203
0.436 5 0.008078984944829738 20 57.08178424835205
0.436 6 0.005379384170922747 19 54.81107211112976
0.436 7 0.010910256108710381 20 45.476869344711304
0.436 8 0.008210374967854959 20 42.09051322937012
0.436 9 0.0036335954783946957 21 45.25658297538757
0.438 0 0.006254089360396517 21 46.73109722137451
0.438 1 0.0160770603087901 21 43.78575325012207
0.438 2 0.002910547934884504 21 51.868491649627686
0.438 3 0.010882034266210205 20 47.93819808959961
0.438 4 0.009105648042117814 21 46.70830845832825
0.438 5 0.007149981964944468 22 46.15026664733887
0.438 6 0.003519731114205069 22 42.82692313194275
0.438 7 0.009386183021221225 20 43.72247004508972
0.438 8 0.014418160057835418 20 49.337371826171875
0.438 9 0.001336195392380741 18 41.40439963340759
0.44 0 0.012061970167756253 23 44.00940656661987
0.44 1 0.007142928343112208 21 44.786489486694336
0.44 2 0.008885406580207755 20 50.46560192108154
0.44 3 0.0039038994885965796 21 48.15146827697754
0.44 4 0.008414637340980668 20 51.175353050231934
0.44 5 0.007804224158853357 19 40.11095952987671
0.44 6 0.008698459092172307 23 46.14487648010254
0.44 7 0.00551940213816174 22 40.79826879501343
0.44 8 0.005950527008770343 21 46.66245102882385
0.44 9 0.01798957527788168 22 49.522207498550415
0.442 0 0.01393509332712425 20 45.097047328948975
0.442 1 0.011466365430229363 21 48.28143262863159
0.442 2 0.0022448099399380896 18 51.16910171508789
0.442 3 0.003574755055592751 23 47.31872892379761
0.442 4 0.004693372059851232 16 49.75788402557373
0.442 5 0.006912123452279403 22 51.27466940879822
0.442 6 0.00881039296832902 21 50.560667276382446
0.442 7 0.003359260098765714 20 47.00254821777344
0.442 8 0.016135879118748118 21 53.42014122009277
0.442 9 0.007562527540840233 23 45.5877902507782
0.444 0 0.00598013261279301 18 48.845516204833984
0.444 1 0.007127885215514339 20 45.53616976737976
0.444 2 0.013656797716266031 19 47.378477573394775
0.444 3 0.0046659643807663706 21 46.90711331367493
0.444 4 0.006760032572519609 20 56.10592746734619
0.444 5 0.009960594358850758 22 48.73834228515625
0.444 6 0.00984361865161986 18 55.25746178627014
0.444 7 0.008594812612854132 19 46.419435024261475
0.444 8 0.015197123104527982 20 49.69495964050293
0.444 9 0.00499078660256577 19 51.52581334114075
0.446 0 0.014321469134398964 19 47.242024660110474
0.446 1 0.006436855943384875 20 45.91086483001709
0.446 2 0.00698749893149638 22 40.00313448905945
0.446 3 0.008341165691716829 20 44.92427945137024
0.446 4 0.006512727637415417 21 42.940629720687866
0.446 5 0.006884367189741708 23 50.02663445472717
0.446 6 0.004988283928451071 23 50.88845348358154
0.446 7 0.009026778804454337 20 52.050947427749634
0.446 8 0.009883201448421879 20 45.63751745223999
0.446 9 0.0072041291177732045 19 45.62368059158325
0.448 0 0.008201740129286492 21 51.02219533920288
0.448 1 0.005403965697631659 22 45.992958068847656
0.448 2 0.003771208400754889 19 51.09072947502136
0.448 3 0.008124041043847952 22 48.573434591293335
0.448 4 0.0007315049225588078 19 43.743409156799316
0.448 5 0.004382525309101703 20 46.07817339897156
0.448 6 0.007762412804387915 20 47.911943674087524
0.448 7 0.005690443175278152 23 43.685245513916016
0.448 8 0.008113013806911254 20 43.62266230583191
0.448 9 0.005245649705919203 18 44.55630874633789
0.45 0 0.007532844693779844 20 46.792391777038574
0.45 1 0.004304784426841685 22 49.10950422286987
0.45 2 0.00628338125806168 20 42.0117621421814
0.45 3 0.0077529248871656044 22 43.43112111091614
0.45 4 0.007665390397591614 23 43.562758684158325
0.45 5 0.005176045264669869 21 45.03996205329895
0.45 6 0.006366460368299078 22 54.37832808494568
0.45 7 0.004258580519244977 24 46.823514223098755
0.45 8 0.006116114790230391 22 51.14737105369568
0.45 9 0.011108156118154012 23 47.14861726760864
0.452 0 0.00586272756306042 23 51.342498540878296
0.452 1 0.0078083844429118485 20 45.84130239486694
0.452 2 0.006250989583162165 22 47.77719807624817
0.452 3 0.008695249218070049 21 47.622753620147705
0.452 4 0.00942067579288116 21 43.898324728012085
0.452 5 0.008362865403103152 19 45.91756463050842
0.452 6 0.008650859547658133 20 51.01247572898865
0.452 7 0.010912381132251882 22 47.77795600891113
0.452 8 0.005857273754965411 20 55.01043510437012
0.452 9 0.009890735054345071 20 51.46935820579529
0.454 0 0.005536978073863014 22 53.90262031555176
0.454 1 0.0024959323989685116 22 44.09330892562866
0.454 2 0.005990041157592698 20 60.77766227722168
0.454 3 0.005579553446647402 22 58.15212869644165
0.454 4 0.008960987302267256 21 45.43003439903259
0.454 5 0.012602352301937843 22 47.50395703315735
0.454 6 0.0054832833815837475 21 46.12010383605957
0.454 7 0.009959911462893795 20 52.02454137802124
0.454 8 0.004638589870449609 23 47.25216031074524
0.454 9 0.006267683525983194 24 46.70954155921936
0.456 0 0.005609909140124878 23 48.380473613739014
0.456 1 0.009909203754620738 23 43.83272171020508
0.456 2 0.0050075878921780935 22 46.97992825508118
0.456 3 0.01045364009968979 22 50.891454219818115
0.456 4 0.005879706008571366 19 53.23189830780029
0.456 5 0.008596526978577655 19 41.03139019012451
0.456 6 0.004915055724934398 21 45.43766117095947
0.456 7 0.002647762662031782 22 46.20392847061157
0.456 8 0.009861188976951306 19 46.15366005897522
0.456 9 0.008068381497023231 21 47.57334876060486
0.458 0 0.012231802497402551 20 50.180272817611694
0.458 1 0.008227330370390563 21 45.549983739852905
0.458 2 0.005011401406379508 19 50.66482210159302
0.458 3 0.004795482076070509 17 46.27563524246216
0.458 4 0.0031685188191342903 20 48.601250410079956
0.458 5 0.004846788784060619 23 70.20562195777893
0.458 6 0.007795021554828997 19 41.572890281677246
0.458 7 0.005598480611441911 22 49.293776750564575
0.458 8 0.009426645529615625 21 50.93833041191101
0.458 9 0.006616524217847861 21 45.704551219940186
0.46 0 0.006926542686978492 22 56.43788528442383
0.46 1 0.0037666583831729716 21 48.48855662345886
0.46 2 0.008377291377498482 22 43.88687300682068
0.46 3 0.012316419030926614 20 45.82628417015076
0.46 4 0.006861426645205035 22 47.70448040962219
0.46 5 0.012375366876688403 19 52.829543590545654
0.46 6 0.007292667679160543 22 42.00691771507263
0.46 7 0.004045961302050922 21 41.14048480987549
0.46 8 0.008041195687681083 22 45.06536412239075
0.46 9 0.00540965509757987 20 41.79324126243591
0.462 0 0.005203748683989885 20 42.073747873306274
0.462 1 0.0065368218695126094 18 46.69924235343933
0.462 2 0.0039941089182087604 22 41.36064529418945
0.462 3 0.009145011558589787 21 59.907655000686646
0.462 4 0.00921474605589234 20 45.08278250694275
0.462 5 0.005329089410035354 19 46.120702028274536
0.462 6 0.016107371856068625 20 45.38573479652405
0.462 7 0.007627780909892299 19 47.30903887748718
0.462 8 0.0095700241738159 24 46.41419291496277
0.462 9 0.003991122366180296 18 50.527600049972534
0.464 0 0.0040619920718597945 23 44.15088248252869
0.464 1 0.008575312085517584 21 50.617177963256836
0.464 2 0.003848956593400689 21 46.54365038871765
0.464 3 0.009215445932411715 22 45.7389862537384
0.464 4 0.007408277841914798 21 45.01303172111511
0.464 5 0.005118797171219439 20 45.911349058151245
0.464 6 0.0057403506867858296 22 47.23560857772827
0.464 7 0.006967116335919355 20 42.5939302444458
0.464 8 0.005785832134344773 23 42.6216721534729
0.464 9 0.0050515105136900145 20 48.16429042816162
0.466 0 0.0032782962306197056 20 45.035940408706665
0.466 1 0.012221428274730823 21 47.68346881866455
0.466 2 0.005703731010655929 20 46.65922212600708
0.466 3 0.009257277408387415 22 40.11332368850708
0.466 4 0.004749458003665035 19 45.0994291305542
0.466 5 0.008202583905405843 20 49.941054582595825
0.466 6 0.005976748193924664 21 46.86888289451599
0.466 7 0.008357148701685937 22 48.75461721420288
0.466 8 0.00471121224303688 22 44.485543727874756
0.466 9 0.008325489197586052 19 49.53752303123474
0.468 0 0.005070176283522123 21 44.41616606712341
0.468 1 0.00657740620374497 20 42.57475662231445
0.468 2 0.006756309636902187 20 46.79591488838196
0.468 3 0.0047369426767740214 23 43.6437554359436
0.468 4 0.00435273783923825 20 48.907989740371704
0.468 5 0.007881720091663127 24 45.45469832420349
0.468 6 0.00588421360397639 21 44.37192130088806
0.468 7 0.00849483375828945 21 45.8139066696167
0.468 8 0.004647603489159303 22 48.917179346084595
0.468 9 0.011587429496471206 20 48.155766248703
0.47000000000000003 0 0.010828281121739164 22 50.15387201309204
0.47000000000000003 1 0.007609437100060014 20 42.05600142478943
0.47000000000000003 2 0.005543602712476006 22 54.09441351890564
0.47000000000000003 3 0.004395045586783897 22 47.971872329711914
0.47000000000000003 4 0.0036526958653909126 24 46.42086625099182
0.47000000000000003 5 0.0054901260248142 21 48.13223075866699
0.47000000000000003 6 0.008233082093489741 22 50.40753245353699
0.47000000000000003 7 0.0045154653899781 21 45.756877183914185
0.47000000000000003 8 0.003361059824909662 17 50.413804054260254
0.47000000000000003 9 0.009020426942701882 23 41.66350340843201
0.472 0 0.006373299815550956 20 47.783923387527466
0.472 1 0.004887540197275265 21 51.563092947006226
0.472 2 0.007398056329961072 23 47.923896074295044
0.472 3 0.007579796646916406 19 49.43110251426697
0.472 4 0.004984353743823103 20 47.9422926902771
0.472 5 0.004871816063052151 20 43.448025703430176
0.472 6 0.00393350947266022 23 43.452157497406006
0.472 7 0.00451919352678531 20 48.857933044433594
0.472 8 0.010048273838015206 26 49.38775300979614
0.472 9 0.00865199555447444 23 43.303505420684814
0.474 0 0.008713783123921423 19 43.68057417869568
0.474 1 0.006837865980451168 20 52.1206693649292
0.474 2 0.00430514301194699 19 47.59750819206238
0.474 3 0.0016135569290816202 21 52.67035913467407
0.474 4 0.005890278523374487 23 52.317830324172974
0.474 5 0.0023162401463625282 18 46.87548875808716
0.474 6 0.01012321952967696 24 47.44730067253113
0.474 7 0.006994130758686137 21 45.94761872291565
0.474 8 0.004038736568171163 22 44.898799896240234
0.474 9 0.006852393942995155 19 44.09433197975159
0.476 0 0.010900109303072145 23 47.355486154556274
0.476 1 0.014268277778851444 21 43.521950483322144
0.476 2 0.0031584417488784034 20 45.51947641372681
0.476 3 0.0024917771746149385 20 51.51945734024048
0.476 4 0.005970072352607502 20 45.21279430389404
0.476 5 0.012491919441766332 19 46.91033124923706
0.476 6 0.0015499761954320607 23 47.619842529296875
0.476 7 0.009162938932598404 21 43.49298071861267
0.476 8 0.005061756335860948 20 42.858731508255005
0.476 9 0.010343345755828164 21 44.003026247024536
0.478 0 0.009591150120090585 19 42.4903461933136
0.478 1 0.008286224007831713 21 42.553606033325195
0.478 2 0.0034225475313267337 22 41.03582739830017
0.478 3 0.004442373333774758 19 44.89495301246643
0.478 4 0.009241197080981905 21 42.7608642578125
0.478 5 0.00625944332326529 23 46.834006786346436
0.478 6 0.004284108234690871 21 46.68614387512207
0.478 7 0.007040603179886621 21 44.796648025512695
0.478 8 0.0014341706948570183 20 47.149937868118286
0.478 9 0.006694305879829298 21 47.58202385902405
0.48 0 0.0034792225422558497 18 43.73719501495361
0.48 1 0.007342700940293387 24 47.26088786125183
0.48 2 0.004101673123961644 21 48.57590675354004
0.48 3 0.0038000021429252678 22 53.88393688201904
0.48 4 0.004482052268034755 21 42.88771438598633
0.48 5 0.0034730687850633023 21 49.893264293670654
0.48 6 0.008862667753926029 23 44.59152340888977
0.48 7 0.008578119809241138 19 48.80304002761841
0.48 8 0.0033845914770551694 22 43.88050723075867
0.48 9 0.0016138660086265472 21 44.77392244338989
0.482 0 0.006033120816740053 21 44.07858180999756
0.482 1 0.0034506124223372577 20 46.85429239273071
0.482 2 0.006098786446407467 20 45.89790630340576
0.482 3 0.005931617369977528 23 44.89264678955078
0.482 4 0.009115913634814381 21 47.80256509780884
0.482 5 0.0057372016253614015 22 45.511003255844116
0.482 6 0.010755798974746222 21 54.09470224380493
0.482 7 0.004484263415932512 18 41.18435597419739
0.482 8 0.00568264598407512 20 45.64205741882324
0.482 9 0.005435767023954868 20 44.58215284347534
0.484 0 0.003246015177228827 21 61.94323492050171
0.484 1 0.006824902227702766 18 44.24409508705139
0.484 2 0.0038550043883605126 20 45.08211159706116
0.484 3 0.009984066417052368 22 54.6107017993927
0.484 4 0.005424672802112936 19 54.49166798591614
0.484 5 0.00450769157117243 24 45.8309543132782
0.484 6 0.003030950952439838 19 42.97497248649597
0.484 7 0.010295526861877163 20 48.31275224685669
0.484 8 0.006001259147855872 21 46.48595452308655
0.484 9 0.0013706799794828961 19 45.57336163520813
0.486 0 0.005426032501425267 20 43.96661353111267
0.486 1 0.006164814229788269 20 51.2976336479187
0.486 2 0.005279212329177134 21 45.391075134277344
0.486 3 0.005238910901119359 20 55.27644491195679
0.486 4 0.0058919314211286315 20 50.836360692977905
0.486 5 0.005947550116448843 21 44.71000409126282
0.486 6 0.0029456110796135565 21 44.61137533187866
0.486 7 0.008223293259624688 21 51.26392483711243
0.486 8 0.005669410643272263 17 47.04941701889038
0.486 9 0.007330892144408842 21 50.06718921661377
0.488 0 0.00611822875313308 24 45.2147958278656
0.488 1 0.00244461343364785 21 46.44898724555969
0.488 2 0.006858424345709756 19 43.8301899433136
0.488 3 0.004852736707058395 20 40.67451214790344
0.488 4 0.006017176910282218 21 53.87595462799072
0.488 5 0.008503443850129506 20 52.5121648311615
0.488 6 0.002712043063925551 20 46.343525409698486
0.488 7 0.01130750613751567 22 53.35660696029663
0.488 8 0.0045370474450234 23 46.29532599449158
0.488 9 0.005467187263629033 20 45.525643825531006
0.49 0 0.004932965300075353 21 52.39245080947876
0.49 1 0.003308806478632173 22 47.07160544395447
0.49 2 0.008132272392710166 22 52.92195749282837
0.49 3 0.006051091297431019 21 45.470261096954346
0.49 4 0.005726234275846017 21 47.00018262863159
0.49 5 0.002111459025587786 20 46.67180848121643
0.49 6 0.0037303990867655966 21 42.672574520111084
0.49 7 0.002578159708051177 22 47.29668593406677
0.49 8 0.004927649595191699 22 46.1775689125061
0.49 9 0.001561009415729108 18 45.46867084503174
0.492 0 0.002734377029307038 21 43.20838737487793
0.492 1 0.008921993356939596 21 52.753164291381836
0.492 2 0.004760811750895456 19 47.97879147529602
0.492 3 0.0053102168509605125 21 46.78977036476135
0.492 4 0.009165841607611212 19 44.33409905433655
0.492 5 0.0020007728932059606 21 46.20683789253235
0.492 6 0.0022782819065923607 20 45.754538774490356
0.492 7 0.004401494582733644 22 45.070523500442505
0.492 8 0.0030095254019003783 21 51.5672721862793
0.492 9 0.008822630520941505 19 45.89551043510437
0.494 0 0.005725532147180516 19 48.65302276611328
0.494 1 0.007651759229335494 19 50.433934926986694
0.494 2 0.001629537705418076 19 48.370991706848145
0.494 3 0.004996029091966484 21 42.57875680923462
0.494 4 0.0047073458520013245 20 45.560744285583496
0.494 5 0.00267237791118836 21 50.928526163101196
0.494 6 0.00713175673212769 23 48.799997091293335
0.494 7 0.0059653959680825 23 50.05571913719177
0.494 8 0.004857876708112971 20 47.678202867507935
0.494 9 0.005112409492463639 19 49.63029980659485
0.496 0 0.0027309191325540156 22 44.725555658340454
0.496 1 0.004027319505302337 22 43.02588438987732
0.496 2 0.004197971989707827 19 51.66346001625061
0.496 3 0.0018348324483688924 19 44.07242178916931
0.496 4 0.005280495559748947 23 47.95504570007324
0.496 5 0.004463581271168095 21 43.19280457496643
0.496 6 0.0018443097272930176 18 44.037620067596436
0.496 7 0.007611639649711141 21 45.613025188446045
0.496 8 0.007382560489339239 21 43.12070965766907
0.496 9 0.004566566361973548 20 43.13080930709839
0.498 0 0.0048349243913736704 22 57.70963501930237
0.498 1 0.003519230078833495 20 49.85020637512207
0.498 2 0.005764698006861201 21 46.11712026596069
0.498 3 0.006176415124258652 22 47.64162611961365
0.498 4 0.010917472415141672 20 41.46627426147461
0.498 5 0.003908875166055414 21 58.73063921928406
0.498 6 0.003901213398801829 24 46.54027032852173
0.498 7 0.004319482065736302 22 52.68611788749695
0.498 8 0.005975687419865885 21 60.881115198135376
0.498 9 0.004998544106026287 22 48.927536725997925
0.5 0 0.004883755760985015 23 51.93849515914917
0.5 1 0.0074719778483846415 21 49.77328681945801
0.5 2 0.007131096207995816 21 42.98573136329651
0.5 3 0.01073851680147665 20 51.502535343170166
0.5 4 0.0075748268679973986 20 43.38678598403931
0.5 5 0.003167931121618329 19 57.73088836669922
0.5 6 0.002904270329196726 23 46.61813473701477
0.5 7 0.005368544908030124 20 46.06817030906677
0.5 8 0.0035772155595095298 22 49.55005407333374
0.5 9 0.0039449466025414225 19 48.15931987762451
0.502 0 0.004581081771422113 24 57.66415810585022
0.502 1 0.0039771632255561126 21 55.77714228630066
0.502 2 0.006732277562046016 23 59.25804948806763
0.502 3 0.0028934003465226495 23 52.99783182144165
0.502 4 0.0041182909886134595 23 54.651806354522705
0.502 5 0.003582789675193574 22 49.24333596229553
0.502 6 0.0019764018478814413 20 45.212886095047
0.502 7 0.001955271741724671 23 46.29407858848572
0.502 8 0.007740488650612242 21 43.90558862686157
0.502 9 0.004116875362945773 21 49.84162521362305
0.504 0 0.003151281166377599 20 44.87966823577881
0.504 1 0.007732202722436131 21 65.37669062614441
0.504 2 0.009246752762103835 19 42.62449073791504
0.504 3 0.004181815740742718 20 49.41807436943054
0.504 4 0.004894378735367011 20 46.6924352645874
0.504 5 0.007691334733354451 23 46.00948119163513
0.504 6 0.0020881372191650046 21 45.3217248916626
0.504 7 0.00878825941702512 22 49.3209285736084
0.504 8 0.004560575061227169 19 50.36764645576477
0.504 9 0.003630219589087389 19 44.15242409706116
0.506 0 0.0030649394756598457 19 44.946122884750366
0.506 1 0.006804294775383974 20 44.214775800704956
0.506 2 0.006488348277322723 19 49.34925866127014
0.506 3 0.006933054155865454 21 43.332324266433716
0.506 4 0.004940330865123199 21 52.30634617805481
0.506 5 0.00536526141336997 21 43.10206961631775
0.506 6 0.0035195726471983157 23 44.88273239135742
0.506 7 0.004582947560546476 20 41.742183208465576
0.506 8 0.0038146183815736803 20 50.47143793106079
0.506 9 0.0030943293140392697 24 47.44731140136719
0.508 0 0.0064240246104384875 21 43.53903365135193
0.508 1 0.004326585620272909 19 47.13309597969055
0.508 2 0.005213397025150983 20 47.15781831741333
0.508 3 0.004958716257802677 21 46.23999738693237
0.508 4 0.004655253298649242 21 42.19673800468445
0.508 5 0.00806679703729761 20 43.630048990249634
0.508 6 0.005542058736191495 21 45.42161989212036
0.508 7 0.006752804661628809 23 43.89377808570862
0.508 8 0.005455519043449745 23 47.0001335144043
0.508 9 0.005974680953468066 21 50.85041379928589
0.51 0 0.004068907749856271 19 44.92324781417847
0.51 1 0.007027405796150038 20 44.848349809646606
0.51 2 0.006824465638053422 21 48.38709902763367
0.51 3 0.00505681949033252 21 45.230645179748535
0.51 4 0.0044810891187647695 20 47.93589782714844
0.51 5 0.008269308097831812 22 45.76019763946533
0.51 6 0.003997178023464691 20 51.63739204406738
0.51 7 0.0035156567492445976 22 46.28123593330383
0.51 8 0.004540129469343361 23 45.36931610107422
0.51 9 0.003606628299374021 22 46.57252621650696
0.512 0 0.007563727754825307 20 48.07254648208618
0.512 1 0.0007525584816264549 20 41.506619453430176
0.512 2 0.0034504000934501154 21 47.82597589492798
0.512 3 0.00628416659330465 19 44.69341039657593
0.512 4 0.0061259333598521 24 43.92272329330444
0.512 5 0.003712640809570118 23 49.0628080368042
0.512 6 0.002369222233812013 19 43.25697636604309
0.512 7 0.005814231507039563 20 50.36115384101868
0.512 8 0.004089389995190657 20 40.94193887710571
0.512 9 0.0033685557790106182 19 48.99583101272583
0.514 0 0.0032269043052377384 19 45.77145576477051
0.514 1 0.004352172709463353 21 48.698933601379395
0.514 2 0.00039724560449763333 22 47.31171441078186
0.514 3 0.007714362173756971 21 50.432435750961304
0.514 4 0.0055502573953469265 22 50.18226599693298
0.514 5 0.005833662812926083 20 43.225324869155884
0.514 6 0.003682652397612982 20 43.030585050582886
0.514 7 0.003029397564073661 25 47.81276512145996
0.514 8 0.0035242039177764612 20 47.818236112594604
0.514 9 0.007483966733376463 19 47.473474979400635
0.516 0 0.005465826269148607 21 43.84031867980957
0.516 1 0.004770229985145363 20 47.16039490699768
0.516 2 0.007186863611185022 21 48.35122275352478
0.516 3 0.0031676285032903894 21 45.71157479286194
0.516 4 0.0033445450093511275 21 43.82135367393494
0.516 5 0.006058953084698034 19 54.541563749313354
0.516 6 0.0023884448602714122 21 50.532349824905396
0.516 7 0.0051293052939078935 19 43.60488295555115
0.516 8 0.00249496033293651 20 45.552536964416504
0.516 9 0.006325408159801398 21 49.8921914100647
0.518 0 0.003179058905167403 22 47.59027075767517
0.518 1 0.0015775598076760862 21 44.64150285720825
0.518 2 0.0031763386961325213 21 48.71845293045044
0.518 3 0.006346026601144977 22 44.08820152282715
0.518 4 0.005334872850876821 22 45.63949632644653
0.518 5 0.006677909532446551 21 46.76322269439697
0.518 6 0.0033117626007674724 23 43.74559426307678
0.518 7 0.004589918849448069 21 49.47003674507141
0.518 8 0.0044987729514427725 20 45.416592836380005
0.518 9 0.002279873984377352 22 44.20553731918335
0.52 0 0.0037248627992073737 22 48.07754445075989
0.52 1 0.008051481040257102 21 41.915189027786255
0.52 2 0.003818949963793372 23 46.542274951934814
0.52 3 0.0038199591198148993 20 51.1883327960968
0.52 4 0.003361396291982939 21 45.661072969436646
0.52 5 0.002717842902446725 23 47.808138847351074
0.52 6 0.004162701361478574 19 46.96604537963867
0.52 7 0.0019242710381096762 22 50.362061500549316
0.52 8 0.003242075992409099 22 47.154364585876465
0.52 9 0.0032352131777975707 20 50.162734270095825
0.522 0 0.004808316221403326 22 55.71764612197876
0.522 1 0.003499759496885715 19 45.97899913787842
0.522 2 0.004412086144388998 23 53.40993332862854
0.522 3 0.0039178877178242906 17 45.15287923812866
0.522 4 0.004663332212754731 21 44.152732372283936
0.522 5 0.0050441747882905286 21 47.98016357421875
0.522 6 0.005395093359650926 21 43.40802240371704
0.522 7 0.003618674620151203 22 45.00662708282471
0.522 8 0.009963517077735526 23 46.71041774749756
0.522 9 0.0047909475788138105 23 51.91934299468994
0.524 0 0.002671068767755305 21 47.42328405380249
0.524 1 0.006607355437824019 23 44.981231927871704
0.524 2 0.0038487528607871464 19 45.65945863723755
0.524 3 0.0039586015631265575 20 56.86607503890991
0.524 4 0.0037812876160911103 20 47.22152614593506
0.524 5 0.0044958911882725305 22 45.29425311088562
0.524 6 0.001369019844937008 21 43.84727334976196
0.524 7 0.00782128535714028 22 42.962443590164185
0.524 8 0.005164419943457717 20 42.7781286239624
0.524 9 0.006884059740779827 22 46.60360622406006
0.526 0 0.006719085587440089 22 48.49124550819397
0.526 1 0.0029015621621580165 23 49.17077088356018
0.526 2 0.0005600745875136173 20 46.611167907714844
0.526 3 0.004499844630873697 23 50.606483936309814
0.526 4 0.0027602863968486263 20 46.08378767967224
0.526 5 0.0035225992759724076 21 49.505314111709595
0.526 6 0.0028030779267555553 23 48.49448013305664
0.526 7 0.002851961203300177 21 53.94548273086548
0.526 8 0.0025950143535447344 21 41.35651397705078
0.526 9 0.0028671801783980455 22 45.46821618080139
0.528 0 0.0033908766289974164 20 44.673166275024414
0.528 1 0.0014362272486474464 22 48.378833532333374
0.528 2 0.002071805926852992 21 42.70980906486511
0.528 3 0.0033664032444346544 21 59.00668668746948
0.528 4 0.004860017278407602 21 44.899062156677246
0.528 5 0.0062460938477726215 20 46.71439480781555
0.528 6 0.00311225445107585 21 44.19402718544006
0.528 7 0.004877210475707006 23 44.607829332351685
0.528 8 0.007529088590532524 22 45.0321044921875
0.528 9 0.005729683559917454 24 45.29376220703125
0.53 0 0.0031802820733747494 22 52.2015700340271
0.53 1 0.007325795733711673 23 44.64275074005127
0.53 2 0.0021519222144918615 21 48.36868953704834
0.53 3 0.004466716759562433 20 45.12875461578369
0.53 4 0.005635911816660375 22 47.21143698692322
0.53 5 0.008703505704652385 20 42.403828144073486
0.53 6 0.0009177894217003912 20 48.54533362388611
0.53 7 0.00489686790263342 21 46.29257249832153
0.53 8 0.006432101511547845 20 43.107760190963745
0.53 9 0.004019653356293628 19 45.80817008018494
0.532 0 0.005167107937124445 22 43.089144468307495
0.532 1 0.0005663387624248161 22 45.457244634628296
0.532 2 0.0030983668042432106 21 52.931535720825195
0.532 3 0.004094677462945973 20 50.109447956085205
0.532 4 0.0032343890788561996 20 45.43804478645325
0.532 5 0.005411344599694935 20 44.80818772315979
0.532 6 0.0063666939529242374 22 50.39609670639038
0.532 7 0.00321758579480975 21 45.19901752471924
0.532 8 0.0017033483449775755 22 47.290008306503296
0.532 9 0.005255828862800628 20 47.5083909034729
0.534 0 0.004837249727748895 19 45.494163274765015
0.534 1 0.0016562505663767838 19 53.21881818771362
0.534 2 0.0020741881029355336 21 44.39799189567566
0.534 3 0.002241765926518409 18 46.91214609146118
0.534 4 0.0030462956732452747 19 45.035120487213135
0.534 5 0.007379808972486417 21 50.411073446273804
0.534 6 0.0064249071420221775 19 42.281184911727905
0.534 7 0.00255643991828124 24 52.253434896469116
0.534 8 0.003363163672135383 22 48.92386531829834
0.534 9 0.0030287874082241153 22 46.02595591545105
0.536 0 0.0034197781798289677 20 48.584176540374756
0.536 1 0.003921122794906445 20 46.81983256340027
0.536 2 0.0031397532227725186 23 49.99448871612549
0.536 3 0.00612624926923051 21 51.300774812698364
0.536 4 0.004661350402413679 17 48.736379861831665
0.536 5 0.003623208361484974 19 42.429699182510376
0.536 6 0.0021788170945413244 23 47.33714747428894
0.536 7 0.006397436668654243 21 44.19255256652832
0.536 8 0.005315632758600858 23 47.216583490371704
0.536 9 0.006251725535398188 23 46.02430295944214
0.538 0 0.0013213536733662139 20 47.385478258132935
0.538 1 0.0009612806787362623 21 42.6240439414978
0.538 2 0.0025070208629976378 22 43.732401847839355
0.538 3 0.0027539738688205436 21 44.637635231018066
0.538 4 0.004574957195988138 22 43.71425271034241
0.538 5 0.0027335923536568533 22 46.26840662956238
0.538 6 0.0038330814500572505 19 44.4692656993866
0.538 7 0.0014571692134214532 22 47.555790185928345
0.538 8 0.002003995921610732 21 44.08042550086975
0.538 9 0.004390362673250321 20 44.734007596969604
0.54 0 0.004208202759164677 21 41.648555755615234
0.54 1 0.0030442760058213745 20 48.7869188785553
0.54 2 0.005085150426543857 20 43.35396671295166
0.54 3 0.0039299945686631695 22 53.80060124397278
0.54 4 0.009035750785471058 18 47.25950384140015
0.54 5 0.0012179853071801765 18 44.850852966308594
0.54 6 0.004018112033441153 21 47.39688420295715
0.54 7 0.0047797188701491355 18 46.3357150554657
0.54 8 0.0022513515542538234 22 49.89483046531677
0.54 9 0.004490796046230502 21 45.51240611076355
0.542 0 0.0033280208489896504 20 45.69262480735779
0.542 1 0.009206951044492618 20 42.72345280647278
0.542 2 0.0016564849139206017 19 44.534467697143555
0.542 3 5.028479641600811e-05 20 45.59053373336792
0.542 4 0.0050685346315638554 19 49.28229355812073
0.542 5 0.004313964934616674 21 49.837220907211304
0.542 6 0.004115527104737358 21 48.73180294036865
0.542 7 0.00320580175794152 20 47.90340542793274
0.542 8 0.0017741385483199521 17 50.13007426261902
0.542 9 0.007462628313759323 21 49.97639584541321
0.544 0 0.003494846008438831 22 54.43511343002319
0.544 1 0.0045127693414000174 19 45.81837296485901
0.544 2 0.004306474301134658 23 47.727078914642334
0.544 3 0.007658041274650916 21 43.35510754585266
0.544 4 0.0032507471314268998 21 45.4384286403656
0.544 5 0.004899794984702731 20 50.33897948265076
0.544 6 0.004578214177259142 21 42.69350004196167
0.544 7 0.004047779928008944 22 49.816916942596436
0.544 8 0.0025850185659660103 20 42.92202591896057
0.544 9 0.002404633785419308 20 48.93165326118469
0.546 0 0.0026107991991820324 20 49.84514379501343
0.546 1 0.006445378382624758 20 49.1380660533905
0.546 2 0.0029882446422740652 19 47.62112760543823
0.546 3 0.003282311236364131 21 49.728328466415405
0.546 4 0.002621292235425122 24 59.36732029914856
0.546 5 0.001672432630685357 22 48.195905685424805
0.546 6 0.004738493674954312 20 46.44388794898987
0.546 7 0.003353794412623132 21 44.38254427909851
0.546 8 0.005586063547305534 23 46.33020520210266
0.546 9 0.007144288521521514 24 48.89833736419678
0.548 0 0.005235012647470649 22 45.82937431335449
0.548 1 0.0017769538481003267 20 44.23209857940674
0.548 2 0.0019991764367917448 20 63.17371201515198
0.548 3 0.0011420444845187919 22 48.44431972503662
0.548 4 0.0056150978769134935 21 46.12609934806824
0.548 5 0.002413746738988121 20 43.4421169757843
0.548 6 0.0036936935362586604 22 47.75378179550171
0.548 7 0.0018225672056489412 23 51.66896057128906
0.548 8 0.004036871518595149 20 52.15115404129028
0.548 9 0.005137274887507168 21 46.671926736831665
0.55 0 0.0024008067684890954 19 46.93956446647644
0.55 1 0.0031082111911802687 20 51.807581186294556
0.55 2 0.0034096316659774513 21 47.12948560714722
0.55 3 0.0044460658853896886 22 48.44756269454956
0.55 4 0.0009487743086367815 21 45.481689453125
0.55 5 0.004381377735009751 23 48.40002512931824
0.55 6 0.0016968013997892258 20 44.899202823638916
0.55 7 0.0037781955150926146 20 45.4798367023468
0.55 8 0.0030673924625938646 22 47.42948007583618
0.55 9 0.008640525877591617 19 43.628451347351074
0.552 0 0.0012682078007652492 21 60.82815885543823
0.552 1 0.00464295643671381 21 47.61951208114624
0.552 2 0.0005265681184816609 23 49.990543603897095
0.552 3 0.003686511221340253 23 49.98151922225952
0.552 4 -4.9839375162757185e-05 20 44.88692784309387
0.552 5 0.0030368383832626304 22 43.52393364906311
0.552 6 0.0018091922559374612 23 63.6458683013916
0.552 7 0.0032911111813578426 19 51.368184328079224
0.552 8 0.0030764133521594067 21 42.33600330352783
0.552 9 0.0012946893971956508 19 47.27357053756714
0.554 0 0.0038063043577443237 22 43.84703302383423
0.554 1 0.0035868275201079445 21 46.34073495864868
0.554 2 0.005124789867898068 20 45.982105016708374
0.554 3 0.0038139069016739032 22 45.06504464149475
0.554 4 0.0021098197069553386 21 44.91949486732483
0.554 5 0.005992392094052654 22 45.770896673202515
0.554 6 0.0035948579248905516 24 43.0455596446991
0.554 7 0.008102982521855267 25 46.19419264793396
0.554 8 0.002556737805410983 18 45.51320242881775
0.554 9 -1.9537738044122988e-05 21 45.166165828704834
0.556 0 0.002652905563270327 20 45.19817852973938
0.556 1 0.006466832474658119 21 46.58060073852539
0.556 2 0.00234006949978917 20 46.60738825798035
0.556 3 0.005401783006360402 20 57.88577342033386
0.556 4 0.0030748509765079176 20 53.49433898925781
0.556 5 0.0036384480089432006 22 50.222405433654785
0.556 6 0.0024259514096840536 19 46.00510025024414
0.556 7 0.007446182970484257 21 53.99576449394226
0.556 8 0.004045882780207156 20 55.5217559337616
0.556 9 0.003159435127543726 21 48.59961152076721
0.558 0 0.0015294804616118132 21 46.66932702064514
0.558 1 0.002053303508414402 22 41.45139694213867
0.558 2 0.005786912832870216 21 45.31087303161621
0.558 3 0.004259555688394066 21 44.41069293022156
0.558 4 0.00022767304735933367 20 44.85110950469971
0.558 5 0.0018074173582335001 21 49.66945838928223
0.558 6 0.005237174740869117 21 55.677709102630615
0.558 7 0.005103400192791927 21 44.78910684585571
0.558 8 0.0034640815220698465 20 47.14042806625366
0.558 9 0.002772473679952947 21 46.91651201248169
0.56 0 0.0033999789338782873 22 50.828803062438965
0.56 1 0.005406510766621567 24 52.99054718017578
0.56 2 0.002104816952383563 21 50.62863278388977
0.56 3 0.006031745804322862 22 47.86219906806946
0.56 4 0.003358962397669614 22 45.85176968574524
0.56 5 0.0044948156615228 19 48.75362515449524
0.56 6 0.002354678619667722 23 52.871062994003296
0.56 7 0.006131175338672911 20 51.60479187965393
0.56 8 0.0036128600480987805 20 43.10857939720154
0.56 9 0.0008693820452379085 22 43.20560336112976
0.562 0 0.0014290640809705214 22 47.38953518867493
0.562 1 0.0022355698162125097 21 47.71110796928406
0.562 2 0.0037499069025926915 21 49.31273126602173
0.562 3 -6.604295796678678e-05 19 45.71752142906189
0.562 4 0.0009705479485314401 19 46.347599267959595
0.562 5 0.00436490607392224 20 45.04418468475342
0.562 6 0.0033530514607612717 19 52.18589425086975
0.562 7 0.0041304225746307795 19 47.42820620536804
0.562 8 0.0031103819142390176 18 43.94271802902222
0.562 9 0.004272119555980573 19 40.025474548339844
0.5640000000000001 0 0.005459580449519959 21 42.40618109703064
0.5640000000000001 1 0.002843030720300554 21 41.95811462402344
0.5640000000000001 2 0.0039085992715411485 21 47.70944929122925
0.5640000000000001 3 0.004267947735368926 21 52.752259731292725
0.5640000000000001 4 0.0032981582762692464 22 45.09006214141846
0.5640000000000001 5 0.0018574558009443838 18 46.05767893791199
0.5640000000000001 6 0.003873018676179823 21 42.85162401199341
0.5640000000000001 7 0.0009048587886942067 18 47.58565163612366
0.5640000000000001 8 0.0017165888747700175 20 47.792298555374146
0.5640000000000001 9 0.001830583434577956 21 46.7296724319458
0.5660000000000001 0 0.0038545502055967085 20 48.30720853805542
0.5660000000000001 1 0.00463738079387185 19 48.993804693222046
0.5660000000000001 2 0.0036971300631092417 20 49.047051429748535
0.5660000000000001 3 0.0034776364880425323 22 47.4287052154541
0.5660000000000001 4 0.0011062352692910542 21 47.63737344741821
0.5660000000000001 5 0.0013913539464528116 21 51.513094425201416
0.5660000000000001 6 0.006429936495647469 21 43.10880398750305
0.5660000000000001 7 0.0069503829590471 24 43.816035985946655
0.5660000000000001 8 0.0044073686003866215 23 44.553882360458374
0.5660000000000001 9 0.002042082014024263 21 53.80865216255188
0.568 0 0.0031128474644981606 20 43.45445370674133
0.568 1 0.005709293435930433 19 50.555357217788696
0.568 2 0.0034058267262685018 20 43.54908871650696
0.568 3 0.0016223718834179738 21 44.471515417099
0.568 4 0.0017371999592012074 23 50.68593096733093
0.568 5 0.0024525456306855034 20 45.49246883392334
0.568 6 0.004894286264734417 20 46.74221730232239
0.568 7 0.0026879514517418176 23 43.344237327575684
0.568 8 0.0035493073525702324 23 46.787466526031494
0.568 9 0.00368487762416997 21 52.424145460128784
0.57 0 0.0048502969299753455 20 48.74373960494995
0.57 1 0.001698339037500434 21 50.371880531311035
0.57 2 0.0037301751959999915 24 48.54464292526245
0.57 3 0.0037138802102370033 21 42.167144536972046
0.57 4 0.004251285159463232 18 45.70811057090759
0.57 5 0.003124317827362313 23 46.59577536582947
0.57 6 0.004883521881624264 20 48.48335027694702
0.57 7 0.002114737875488099 22 40.38336515426636
0.57 8 0.001233955607568199 22 43.184040784835815
0.57 9 0.002665817894011391 21 48.10627055168152
0.572 0 0.006596496826251492 21 45.291802167892456
0.572 1 0.0022525582678685294 21 43.54416751861572
0.572 2 0.0027930116512231975 20 42.40649890899658
0.572 3 0.003239668201255423 19 53.09272813796997
0.572 4 0.00430675361664057 22 46.430654525756836
0.572 5 0.0035565355077090115 18 46.423715591430664
0.572 6 0.0029789414323016946 22 45.74576926231384
0.572 7 0.0021051225339410763 22 50.739086866378784
0.572 8 0.004053683504002909 21 47.395660638809204
0.572 9 0.0017238189646051113 19 44.819008111953735
0.574 0 0.0020043927489719585 20 53.73388338088989
0.574 1 0.0061245889480666775 20 43.19607400894165
0.574 2 0.0009663581737355423 22 45.17869257926941
0.574 3 0.0026380216390302653 19 47.526230812072754
0.574 4 0.0034398231760726346 19 51.56605291366577
0.574 5 0.0025978680662621908 21 47.93855857849121
0.574 6 0.004561978360773588 20 43.67913341522217
0.574 7 0.005576565171393453 21 48.708497285842896
0.574 8 0.0037535628496895373 20 49.35433650016785
0.574 9 0.007319846539809643 21 44.758923053741455
0.576 0 0.0007818895439864359 20 46.99676847457886
0.576 1 0.002157201890934061 26 45.52650499343872
0.576 2 0.002951313799957856 22 55.25756597518921
0.576 3 0.0023399172290534953 20 56.219590187072754
0.576 4 0.005073472890280359 18 47.338117837905884
0.576 5 0.005034963504701706 21 49.256179094314575
0.576 6 0.0029091382488500017 23 55.48241662979126
0.576 7 0.0017251223684034943 20 47.28490924835205
0.576 8 0.0027673461813113144 22 49.84433937072754
0.576 9 0.0033777331687858568 22 48.251689434051514
0.578 0 0.004695951798099827 22 47.15145969390869
0.578 1 0.0007655489159380667 23 45.18774342536926
0.578 2 0.0029191927859075826 20 46.87322974205017
0.578 3 0.0032844949942086635 22 54.52274775505066
0.578 4 0.004996075338110931 20 46.765551805496216
0.578 5 0.002019310114889978 22 51.3300666809082
0.578 6 0.0013792886678846814 21 47.64544463157654
0.578 7 0.0009978165247688739 20 44.14028787612915
0.578 8 0.001902768172789511 22 55.40624380111694
0.578 9 0.0036551549510206506 22 48.30637526512146
0.58 0 0.0029802790012306334 20 45.48698663711548
0.58 1 0.002758461042384316 23 45.61462068557739
0.58 2 0.0027653249616168907 22 45.441837787628174
0.58 3 0.004281632550442713 21 46.0670485496521
0.58 4 0.004310413434760475 21 43.29893350601196
0.58 5 0.002472956754070109 21 53.79075765609741
0.58 6 0.004152224556638626 19 45.44584655761719
0.58 7 0.001931256374715948 19 45.48038935661316
0.58 8 0.004965394801803848 24 50.606937646865845
0.58 9 0.002688861434863333 21 43.80544471740723
0.582 0 0.005402597317791098 21 51.84891963005066
0.582 1 0.003698038540386642 24 45.85278797149658
0.582 2 0.0016813308670568568 21 45.32373571395874
0.582 3 0.0022318953503781686 22 47.08411931991577
0.582 4 0.005324873485228487 21 44.97216439247131
0.582 5 0.003760426313508129 20 58.44929814338684
0.582 6 0.001488663750759917 23 48.21354794502258
0.582 7 0.0010560376135297434 21 46.624598264694214
0.582 8 0.0021215433623741134 20 52.41527485847473
0.582 9 0.002136794994305116 20 51.261340618133545
0.584 0 0.0006702559616043163 20 48.0229651927948
0.584 1 0.003997666161506251 22 46.99222373962402
0.584 2 0.0031591225383515377 23 41.89864945411682
0.584 3 0.00012905564136560723 19 50.213831663131714
0.584 4 0.002564735321728872 19 45.959633350372314
0.584 5 0.0012346473142713827 21 43.65541195869446
0.584 6 0.0014319517230829064 21 48.05626153945923
0.584 7 0.0029664921992017187 20 48.43341088294983
0.584 8 0.0028213648606727564 20 48.43446326255798
0.584 9 0.00392545927858001 20 45.7173593044281
0.586 0 0.002277131124366646 23 44.716145515441895
0.586 1 0.002257633138599502 21 50.263761043548584
0.586 2 0.002940662609724975 20 45.92471885681152
0.586 3 0.0032394686362098683 25 48.407747983932495
0.586 4 0.002176462113550107 21 55.24706673622131
0.586 5 0.0020565581737604314 21 56.289809465408325
0.586 6 0.0012324854543885222 21 48.129459381103516
0.586 7 0.0025494847207900317 21 47.62964725494385
0.586 8 0.0036697475175856836 24 46.99238586425781
0.586 9 0.0007127017894902693 21 46.140064001083374
0.588 0 0.0027606601291782977 22 45.03762435913086
0.588 1 0.001698254551995397 19 43.599502086639404
0.588 2 0.002654708945902672 25 45.20875263214111
0.588 3 0.0018361701967805912 20 46.373536586761475
0.588 4 0.0026467132415184994 19 47.81364393234253
0.588 5 0.003852182514240042 20 54.024133920669556
0.588 6 0.002111188065209183 21 46.176679611206055
0.588 7 0.003008871840765445 21 50.080928325653076
0.588 8 0.0029279458883855526 21 55.68809247016907
0.588 9 0.0017350829120562007 20 48.793292760849
0.59 0 0.0018639126625361944 23 50.06746196746826
0.59 1 0.0034702267947665164 23 45.071319580078125
0.59 2 0.0024568466171273275 23 49.491546869277954
0.59 3 0.0007305579660756351 22 52.463351011276245
0.59 4 0.0006448428088061103 20 51.263840675354004
0.59 5 0.006259129266282626 19 51.924784898757935
0.59 6 0.00474241526496245 19 45.35118007659912
0.59 7 0.0022975192011301603 22 43.05290770530701
0.59 8 0.002791008894933051 21 43.70668411254883
0.59 9 0.00030205034931033 22 41.686461448669434
0.592 0 0.002646181767855842 22 45.86147451400757
0.592 1 0.0014400456493874661 18 52.432483196258545
0.592 2 0.002615067342549375 19 47.523380279541016
0.592 3 0.002699894429352253 22 49.48982620239258
0.592 4 0.0027461368081436173 23 48.350619077682495
0.592 5 0.0029239454973255066 22 49.0806360244751
0.592 6 0.0013652770030142232 21 44.313437938690186
0.592 7 0.0025681734345202167 22 44.627527475357056
0.592 8 -3.445798125219146e-05 18 43.306251525878906
0.592 9 0.005012633005149364 24 45.89486360549927
0.594 0 0.0020905962248120333 21 57.000633001327515
0.594 1 0.002919032161253928 20 44.86218523979187
0.594 2 0.00162888380882088 19 46.41950988769531
0.594 3 0.004797200011995587 21 48.141674518585205
0.594 4 0.001825545973814073 22 51.32142782211304
0.594 5 0.0024455172075304355 21 53.41209673881531
0.594 6 0.0015045299383896107 21 48.530824422836304
0.594 7 0.004345846999196185 21 47.89322543144226
0.594 8 0.004462950789541936 21 47.16142177581787
0.594 9 0.003920169096555279 24 47.789395332336426
0.596 0 0.004984974200459755 21 44.17712140083313
0.596 1 0.0006124231736126007 24 48.36936640739441
0.596 2 0.0027543034175048276 23 50.004536390304565
0.596 3 0.003545323240244882 20 48.66200661659241
0.596 4 0.001066375645418717 21 43.36027216911316
0.596 5 0.0014975774399447733 20 48.331868410110474
0.596 6 0.003541349487521493 21 47.873648166656494
0.596 7 0.002474188781167877 19 47.23044466972351
0.596 8 0.003509453032435588 21 47.69026517868042
0.596 9 0.0022454430597162187 23 48.08977389335632
0.598 0 0.0025568068989476173 22 47.0764639377594
0.598 1 0.006386320967102908 21 46.51575517654419
0.598 2 0.0009988276749567982 21 56.47366762161255
0.598 3 0.00454002264744376 21 44.34780740737915
0.598 4 0.003830199025853198 23 46.95326471328735
0.598 5 0.0028274794761202725 19 44.42241168022156
0.598 6 0.002222888744258816 23 43.61318850517273
0.598 7 0.003870049766389862 21 46.30470681190491
0.598 8 0.001612711434233943 23 54.26952242851257
0.598 9 0.000749696724783792 22 50.942490577697754
0.6 0 0.00030808773849921666 20 43.89933443069458
0.6 1 0.0030627880309143027 22 46.87278199195862
0.6 2 0.004981434374608258 22 51.545666456222534
0.6 3 0.0015663584225459669 21 52.04353451728821
0.6 4 0.00213856125166762 24 47.16918587684631
0.6 5 0.00628246534678966 20 43.82712197303772
0.6 6 0.0020849930210167776 21 48.14366102218628
0.6 7 0.002109255432444189 19 42.915091037750244
0.6 8 0.0019810141453480033 22 45.98460102081299
0.6 9 0.0023212603995395177 19 45.25490689277649
