0.404 0 0.15343887474453805 3 2053.281366109848
0.404 1 0.23802862800203264 2 833.7605118751526
0.404 2 0.15015121997408318 3 1454.9514226913452
0.404 3 0.2435130425555861 2 1060.9954574108124
0.404 4 0.1513018724754317 3 1185.0713212490082
0.404 5 0.24582617305863685 2 1375.1009364128113
0.404 6 0.25234704089086374 2 1312.8849921226501
0.404 7 0.15334646472234034 3 1771.8724520206451
0.404 8 0.239223530328061 2 1402.275166273117
0.404 9 0.24176843666358128 2 1010.9137005805969
0.41200000000000003 0 0.2272574454522892 2 3713.1455233097076
0.41200000000000003 1 0.2133017733513644 2 2099.444338798523
0.41200000000000003 2 0.13994815204554625 3 2943.623805999756
0.41200000000000003 3 0.22431173439307794 2 2745.701476097107
0.41200000000000003 4 0.1401188535596997 3 2829.875273704529
0.41200000000000003 5 0.22181486795740865 2 1942.0562889575958
0.41200000000000003 6 0.14278605124472027 3 3025.6755158901215
0.41200000000000003 7 0.21669776587404754 2 3040.057417154312
0.41200000000000003 8 0.12950494677792185 3 2749.997673511505
0.41200000000000003 9 0.22118083433868801 2 2114.5059490203857
0.41600000000000004 0 0.20132627009049947 2 1203.579832315445
0.41600000000000004 1 0.20590958448890606 2 1283.149564743042
0.41600000000000004 2 0.2176430562048021 2 1035.299224615097
0.41600000000000004 3 0.21805770491417517 2 1608.024582862854
0.41600000000000004 4 0.2129668113884567 2 1113.021032333374
0.41600000000000004 5 0.2001756897707067 2 1379.9127624034882
0.41600000000000004 6 0.20699834205629428 2 1316.9795787334442
0.41600000000000004 7 0.21093279435487075 2 1437.5569624900818
0.41600000000000004 8 0.19945190641401025 2 1592.4646801948547
0.41600000000000004 9 0.2233745669858139 2 1718.3152418136597
0.41400000000000003 0 0.21944494197212355 2 1990.3759121894836
0.41400000000000003 1 0.21564684753876776 2 4380.032363414764
0.41400000000000003 2 0.13519945735863206 3 4077.185399055481
0.41400000000000003 3 0.21347504993520233 2 2631.3145809173584
0.41400000000000003 4 0.22523964336035565 2 2137.419405937195
0.41400000000000003 5 0.21774416654772397 2 3646.8239822387695
0.41400000000000003 6 0.21047304185634053 2 2638.1465532779694
0.41400000000000003 7 0.10349708530354551 4 2766.640669822693
0.41400000000000003 8 0.2136199755640727 2 2441.005094051361
0.41400000000000003 9 0.2175233885440888 2 2859.4747824668884
0.406 0 0.24025150614246552 2 4666.483913660049
0.406 1 0.2343956122236679 2 4259.129157304764
0.406 2 0.24275805049081514 2 2885.836904525757
0.406 3 0.23763653142275185 2 3506.010640859604
0.406 4 0.15101191679977777 3 2843.9642577171326
0.406 5 0.24068283513323518 2 2527.4866223335266
0.406 6 0.24799976109934632 2 2279.756828546524
0.406 7 0.1454460528818055 3 4591.33323264122
0.406 8 0.24128494957406652 2 2832.3378715515137
0.406 9 0.23654668256521524 2 2096.743168115616
0.402 0 0.25364629203920763 2 3012.070955991745
0.402 1 0.1505745905604669 3 3247.6247062683105
0.402 2 0.15473491440402531 3 4099.587128639221
0.402 3 0.15661096322238757 3 3139.662559747696
0.402 4 0.15544545531726447 3 6441.330058097839
0.402 5 0.2508502600208032 2 3773.338297367096
0.402 6 0.1555555340193951 3 3505.6473655700684
0.402 7 0.1575147962685159 3 2907.47886800766
0.402 8 0.23353957648040038 2 3424.6915431022644
0.402 9 0.25822261369673966 2 3491.7948377132416
0.40800000000000003 0 0.14405671157832298 3 4536.130560398102
0.40800000000000003 1 0.22506676327461708 2 3975.7040963172913
0.40800000000000003 2 0.23770820369338014 2 2522.0482728481293
0.40800000000000003 3 0.1481238439480579 3 3974.127630710602
0.40800000000000003 4 0.14754941316241177 3 3824.8008937835693
0.40800000000000003 5 0.23563990948407465 2 5091.479857444763
0.40800000000000003 6 0.23855133533653552 2 5363.694048404694
0.40800000000000003 7 0.11085150146969129 4 5626.3464143276215
0.40800000000000003 8 0.23013389726030498 2 3463.771248817444
0.40800000000000003 9 0.22924562454346079 2 1985.2950432300568
0.42000000000000004 0 0.12260937186873119 3 1480.119790315628
0.42000000000000004 1 0.19318104094046135 2 1362.7544989585876
0.42000000000000004 2 0.12842207317185036 3 1508.0230088233948
0.42000000000000004 3 0.19881321406014266 2 1223.8064014911652
0.42000000000000004 4 0.11972678581683363 3 1584.016119003296
0.42000000000000004 5 0.21041564588358988 2 1202.7830760478973
0.42000000000000004 6 0.19699790688611404 2 1546.613853931427
0.42000000000000004 7 0.2120577081592656 2 1441.458999156952
0.42000000000000004 8 0.12041123287842076 3 1468.0159022808075
0.42000000000000004 9 0.12200475331255249 3 1764.0633444786072
0.4 0 0.2606427443425897 2 5108.011475086212
0.4 1 0.11385020300447739 4 4837.494504213333
0.4 2 0.15807705825705284 3 4038.3798015117645
0.4 3 0.2517116187277494 2 3547.2288389205933
0.4 4 0.15897593127710366 3 4966.289258956909
0.4 5 0.25608544101408587 2 4571.345245599747
0.4 6 0.26170698473328896 2 5145.065377950668
0.4 7 0.11829871811795244 4 5685.154754161835
0.4 8 0.24973760011872687 2 3880.1583201885223
0.4 9 0.25387744676024393 2 3290.2422065734863
0.41000000000000003 0 0.23003631884502912 2 4976.848042011261
0.41000000000000003 1 0.14109390642589284 3 5324.954964637756
0.41000000000000003 2 0.13948244165599052 3 4846.98773765564
0.41000000000000003 3 0.14165545889160713 3 6142.820296764374
0.41000000000000003 4 0.23775335317497184 2 5530.765394926071
0.41000000000000003 5 0.23269665505450274 2 7516.547323942184
0.41000000000000003 6 0.23245764158186963 2 4303.735207080841
0.41000000000000003 7 0.14154557067917514 3 5914.432391881943
0.41000000000000003 8 0.13714925046238688 3 4982.8897314071655
0.41000000000000003 9 0.23628300768067542 2 5054.932574510574
0.41800000000000004 0 0.1884259738589221 2 2713.9949457645416
0.41800000000000004 1 0.19339221587953434 2 2348.988687992096
0.41800000000000004 2 0.2104917422084812 2 1901.5821659564972
0.41800000000000004 3 0.1311257086643886 3 3145.9652836322784
0.41800000000000004 4 0.20466397627513255 2 3007.8576052188873
0.41800000000000004 5 0.12143570409300473 3 2874.9712793827057
0.41800000000000004 6 0.20009644263587334 2 2779.636683702469
0.41800000000000004 7 0.2035437419426709 2 3275.9658229351044
0.41800000000000004 8 0.2060515260662659 2 2411.859213590622
0.41800000000000004 9 0.13245285423086592 3 3523.644859313965
0.42200000000000004 0 0.181677590852258 2 2990.706802368164
0.42200000000000004 1 0.0915937612042761 4 3639.2904467582703
0.42200000000000004 2 0.12285142915152417 3 2583.063318014145
0.42200000000000004 3 0.09100630502184669 4 2923.22545170784
0.42200000000000004 4 0.19721521892580324 2 2537.6591103076935
0.42200000000000004 5 0.19381662019298365 2 2131.7755255699158
0.42200000000000004 6 0.1898272896199018 2 2940.238011598587
0.42200000000000004 7 0.19112199000627328 2 1886.1630709171295
0.42200000000000004 8 0.1843557593953275 2 2943.0421237945557
0.42200000000000004 9 0.20572165374263834 2 3016.4088640213013
0.43 0 0.10448311902898871 3 2252.6930952072144
0.43 1 0.16847638819068783 2 2058.592719078064
0.43 2 0.10404218173581543 3 1543.417447090149
0.43 3 0.15939488156937248 2 1840.5784792900085
0.43 4 0.10655907118996151 3 1354.2663848400116
0.43 5 0.17318618226805027 2 1152.2704236507416
0.43 6 0.16068641932241454 2 2241.501498222351
0.43 7 0.16662950533752413 2 1924.2908687591553
0.43 8 0.10022197362630794 3 1677.2530694007874
0.43 9 0.16130413204540597 2 1386.0144445896149
0.42400000000000004 0 0.16562538312386618 2 3809.05535030365
0.42400000000000004 1 0.11906947404052567 3 4069.2334220409393
0.42400000000000004 2 0.1940827862051739 2 1852.6395173072815
0.42400000000000004 3 0.12514058502988715 3 3494.1568977832794
0.42400000000000004 4 0.11640944832439816 3 3561.1652975082397
0.42400000000000004 5 0.1704070199612093 2 2453.807981967926
0.42400000000000004 6 0.12188046579809422 3 3347.9880583286285
0.42400000000000004 7 0.18975705382229688 2 2071.0621178150177
0.42400000000000004 8 0.18346930911776355 2 3352.8694779872894
0.42400000000000004 9 0.1991834547295938 2 2124.659938812256
0.428 0 0.15941578600658768 2 2147.357791662216
0.428 1 0.11151542311957659 3 2619.4612550735474
0.428 2 0.1835158686009361 2 1997.257117986679
0.428 3 0.11355487560849507 3 2163.212434053421
0.428 4 0.17358937416830897 2 2220.576984643936
0.428 5 0.1766277205727837 2 2226.641797065735
0.428 6 0.17465931890206646 2 2497.455801963806
0.428 7 0.17603460551524222 2 3261.832322359085
0.428 8 0.16988510484405023 2 2640.1835815906525
0.428 9 0.18260391606012613 2 3501.2668533325195
0.42600000000000005 0 0.1632104236171446 2 4002.2661809921265
0.42600000000000005 1 0.17788358342634011 2 3303.9691898822784
0.42600000000000005 2 0.18855245464200798 2 3086.784013032913
0.42600000000000005 3 0.08415124164663478 4 3669.86247754097
0.42600000000000005 4 0.18475120771284748 2 3285.2702872753143
0.42600000000000005 5 0.18237189687978103 2 3807.3746812343597
0.42600000000000005 6 0.17429751594685092 2 4066.288294315338
0.42600000000000005 7 0.17984612842796427 2 3221.8991396427155
0.42600000000000005 8 0.17418935858897117 2 3174.105263233185
0.42600000000000005 9 0.19384244264882494 2 3499.3412141799927
0.44 0 0.08372854131175714 3 1924.4004018306732
0.44 1 0.1372007414291872 2 1973.4648399353027
0.44 2 0.14406574883116713 2 1448.1994335651398
0.44 3 0.13378369138234406 2 1426.0816490650177
0.44 4 0.08570379279013159 3 1760.1391592025757
0.44 5 0.15027089410676206 2 2051.0052449703217
0.44 6 0.137763170277609 2 1413.197426557541
0.44 7 0.08336853947909986 3 1693.2712714672089
0.44 8 0.1586862048669803 2 2015.3884670734406
0.44 9 0.1409433029678945 2 2244.796392917633
0.432 0 0.14674027503682827 2 4137.3506190776825
0.432 1 0.10411115630177933 3 3451.731814146042
0.432 2 0.17485415661118045 2 3450.9227452278137
0.432 3 0.1064898565366502 3 2890.252089738846
0.432 4 0.16319516960426836 2 3961.834853410721
0.432 5 0.16653269616426672 2 3049.966531276703
0.432 6 0.15907914258599962 2 2696.892669439316
0.432 7 0.1660526790175771 2 2786.6549983024597
0.432 8 0.16005156100759224 2 3394.012680530548
0.432 9 0.16953436337597375 2 2887.699147939682
0.438 0 0.16001077179424658 2 1892.2568864822388
0.438 1 0.14213506242405705 2 2408.409816265106
0.438 2 0.1503149024517488 2 2512.683271408081
0.438 3 0.1492891689050259 2 2373.245899438858
0.438 4 0.09686446194102948 3 2575.2514505386353
0.438 5 0.09593448281311356 3 3038.3007831573486
0.438 6 0.155966700423769 2 3676.8194596767426
0.438 7 0.1579071782112274 2 3925.279754638672
0.438 8 0.16185819233000784 2 2533.616945743561
0.438 9 0.15171414211386597 2 2469.687410593033
0.436 0 0.15916962390372807 2 4196.63133430481
0.436 1 0.09608707174322685 3 3195.776132583618
0.436 2 0.15461673507958953 2 4026.0370366573334
0.436 3 0.1556181849487775 2 4045.3072028160095
0.436 4 0.15713551280514002 2 2762.9727823734283
0.436 5 0.15944647628976386 2 2074.9677731990814
0.436 6 0.15974263410556433 2 1781.5509185791016
0.436 7 0.14423905604597065 2 2550.756394147873
0.436 8 0.15003885833796604 2 2773.902138233185
0.436 9 0.08700252501621195 3 2666.6958351135254
0.434 0 0.1426865786643885 2 5489.1046142578125
0.434 1 0.15157646869942695 2 3485.051732778549
0.434 2 0.1694848553046001 2 3861.1744265556335
0.434 3 0.07069365737576595 4 4293.7170124053955
0.434 4 0.16374111540667347 2 3427.126209497452
0.434 5 0.15908798115783948 2 3140.121197462082
0.434 6 0.15187549545590884 2 4337.341342449188
0.434 7 0.15932111514415698 2 2489.356698036194
0.434 8 0.15641963687180896 2 2544.1627378463745
0.434 9 0.17205987866930014 2 3159.4359815120697
0.442 0 0.12650121079971635 2 2961.729635477066
0.442 1 0.08681479471403834 3 2648.4411330223083
0.442 2 0.15367837772963763 2 3161.0522260665894
0.442 3 0.14509146874075687 2 2189.843353509903
0.442 4 0.09126075765205346 3 2694.425568819046
0.442 5 0.1320379031067907 2 3727.5038249492645
0.442 6 0.14385837209145425 2 2446.7048342227936
0.442 7 0.06742506095073258 4 3370.7701954841614
0.442 8 0.13467290603234944 2 3777.642037630081
0.442 9 0.12846751846902274 2 2521.339931488037
0.444 0 0.12073491196683381 2 3224.654951810837
0.444 1 0.12311985053477044 2 3422.604564666748
0.444 2 0.1481437531998292 2 2577.132926464081
0.444 3 0.13311240244188882 2 4420.698138475418
0.444 4 0.08175377265281022 3 3493.4987359046936
0.444 5 0.12491488745077281 2 3084.446930885315
0.444 6 0.08497561985428041 3 2297.690647125244
0.444 7 0.12604645064986603 2 2723.384661912918
0.444 8 0.1265969807817554 2 4305.2824177742
0.444 9 0.11499533944497896 2 3017.009177684784
0.448 0 0.11771370490094687 2 1483.13325881958
0.448 1 0.064692519336059 3 2020.0849180221558
0.448 2 0.11046846223123585 2 1487.0477249622345
0.448 3 0.06594767548444991 3 1900.4884877204895
0.448 4 0.12149028813489664 2 2264.467700958252
0.448 5 0.12541084180156825 2 2643.180118560791
0.448 6 0.12401074549348404 2 1686.9425024986267
0.448 7 0.08030119976999653 3 2926.411742210388
0.448 8 0.10816880198963558 2 2004.112256526947
0.448 9 0.13969059492748084 2 2646.2583544254303
0.45 0 0.12454642732355929 2 3487.5276639461517
0.45 1 0.07512116279272854 3 2852.4313595294952
0.45 2 0.09073495394470603 2 2822.235352754593
0.45 3 0.12198104778289366 2 3126.218689918518
0.45 4 0.12037005133958378 2 2190.238502264023
0.45 5 0.09808071476255317 2 3711.3209710121155
0.45 6 0.11469137702988849 2 2365.755729675293
0.45 7 0.11233646154215908 2 3529.6975512504578
0.45 8 0.12603654388313332 2 3064.876745223999
0.45 9 0.10248603014750304 2 3605.3274421691895
0.446 0 0.12411670370255083 2 5868.471390962601
0.446 1 0.11787666153265876 2 3516.281940460205
0.446 2 0.1312707830823783 2 4360.197058916092
0.446 3 0.08306246738459072 3 2905.547008037567
0.446 4 0.07611139800308464 3 4542.0753009319305
0.446 5 0.11334888808851741 2 4327.600736141205
0.446 6 0.1294995893354997 2 1797.0266506671906
0.446 7 0.1207729922618248 2 4309.167407989502
0.446 8 0.1402157251656529 2 4230.978905200958
0.446 9 0.11705233182443336 2 4275.324590921402
0.452 0 0.0959169068727529 2 5226.803413152695
0.452 1 0.10317995298887471 2 2966.933017730713
0.452 2 0.10616650467714793 2 3600.5042822360992
0.452 3 0.10861152646449651 2 2198.1299846172333
0.452 4 0.11438231597217939 2 3120.4417645931244
0.452 5 0.10034863152913447 2 4203.0435473918915
0.452 6 0.09866054220750593 2 3821.329850912094
0.452 7 0.06512310151584971 3 3249.6532180309296
0.452 8 0.10755277943779547 2 3411.474689245224
0.452 9 0.09457484773949389 2 3056.289370536804
0.454 0 0.09570603968813378 2 4020.5735726356506
0.454 1 0.09464205169467925 2 3468.0717763900757
0.454 2 0.1058073342142075 2 3587.242289543152
0.454 3 0.09619358194968873 2 2717.508525133133
0.454 4 0.09999263165306312 2 3247.4519300460815
0.454 5 0.09918773492774591 2 4721.240863800049
0.454 6 0.07008069276112631 3 3745.4379513263702
0.454 7 0.06067312027464974 3 4154.784330129623
0.454 8 0.0652681804010319 3 3482.784600496292
0.454 9 0.06540596801470795 2 2671.612531900406
0.462 0 0.08178965875159502 2 1631.0016331672668
0.462 1 0.0444802966318094 3 1884.3698904514313
0.462 2 0.06604151672714825 2 2691.1708805561066
0.462 3 0.054813523394483143 3 2943.2150876522064
0.462 4 0.07586629074418004 2 2148.1038370132446
0.462 5 0.05966852070747458 3 1976.0767962932587
0.462 6 0.053899213641129054 2 2610.2132551670074
0.462 7 0.0779113921056233 2 3031.2597086429596
0.462 8 0.05982340877631143 2 2004.3775861263275
0.462 9 0.08450419505514806 2 1820.0355432033539
0.458 0 0.08879434373352918 2 3288.008955478668
0.458 1 0.08922646503579489 2 3110.047114133835
0.458 2 0.09767554703422643 2 3196.866464614868
0.458 3 0.08871594013260516 2 2838.768652677536
0.458 4 0.08961134952676644 2 3244.4021196365356
0.458 5 0.08965148013090594 2 2913.10529589653
0.458 6 0.05877632676690983 3 4011.833990097046
0.458 7 0.055286355754274825 3 2272.456456422806
0.458 8 0.09063965470143169 2 3565.618114709854
0.458 9 0.07920229987347527 2 3823.6915724277496
0.456 0 0.11374376039674536 2 3339.1590814590454
0.456 1 0.05840688139782565 3 4604.735913276672
0.456 2 0.11267055154336046 2 4342.589893341064
0.456 3 0.10918123166046158 2 3443.8197150230408
0.456 4 0.0928926482184156 2 4839.796169996262
0.456 5 0.06488796705610292 3 4567.41997885704
0.456 6 0.06432849274582896 3 3426.545952320099
0.456 7 0.09605650792884343 2 4315.975175142288
0.456 8 0.0960046592795605 2 4943.351275444031
0.456 9 0.08655789214140495 2 3997.9776759147644
0.46 0 0.08271972343293511 2 3243.543699026108
0.46 1 0.07943023198328517 2 3443.7445957660675
0.46 2 0.08294873509345406 2 4917.028291463852
0.46 3 0.0846136740335054 2 3800.323059797287
0.46 4 0.060890464537552626 3 3517.06662940979
0.46 5 0.0839595863931502 2 3308.971226453781
0.46 6 0.08322622578494815 2 3739.5851290225983
0.46 7 0.09578360095434792 2 3407.4901020526886
0.46 8 0.10727491933559408 2 2553.4376554489136
0.46 9 0.05058381417694342 3 3483.9982426166534
0.464 0 0.05276478088195737 3 3623.9647812843323
0.464 1 0.06591009381157853 2 4126.525247097015
0.464 2 0.06654812259384539 2 2605.3531234264374
0.464 3 0.0757448372489425 2 3208.6189556121826
0.464 4 0.07895345100523159 2 3347.1681220531464
0.464 5 0.06777201213476759 2 2998.434401988983
0.464 6 0.0456388690746462 3 3644.473931312561
0.464 7 0.058859275647109 2 2018.7998111248016
0.464 8 0.08414329706991651 2 3455.41339468956
0.464 9 0.04419757287571935 3 3220.5027883052826
0.472 0 0.0565808209554796 2 1785.6190576553345
0.472 1 0.06008631846556299 2 2074.4986255168915
0.472 2 0.06042052397721217 2 1857.9453179836273
0.472 3 0.07014659809837293 2 1924.153196811676
0.472 4 0.05414872774606174 2 2116.3088619709015
0.472 5 0.0 1 2229.1536507606506
0.472 6 0.03180458567883259 4 2198.2581684589386
0.472 7 0.024688745509553117 3 1928.5753235816956
0.472 8 0.058047100623619174 2 2415.64808177948
0.472 9 0.04993152958787383 2 2559.5581607818604
0.468 0 0.0616092358013393 2 3197.0227286815643
0.468 1 0.054462683275965554 2 2623.128153562546
0.468 2 0.05916396878709331 2 2908.570582151413
0.468 3 0.04197214771015746 3 2771.2927129268646
0.468 4 0.07382589145866024 2 2263.298505306244
0.468 5 0.07042922377039176 2 3218.950579404831
0.468 6 0.04447039444959888 3 3592.996872663498
0.468 7 0.05891508371183551 2 2969.777191400528
0.468 8 0.07476569652766377 2 2519.770120859146
0.468 9 0.06927761450133191 2 2581.822266101837
0.466 0 0.049063404229450595 3 3694.478445291519
0.466 1 0.06110062582708825 2 4135.953725099564
0.466 2 0.062215846854673226 2 3941.745962381363
0.466 3 0.06913584087746454 2 4843.032043933868
0.466 4 0.07040592902029325 2 4171.577904224396
0.466 5 0.05937622466549242 2 4569.549231767654
0.466 6 0.039344977134088355 3 4042.826951265335
0.466 7 0.05494190037227257 2 3271.185044527054
0.466 8 0.07797168827358596 2 4114.80588889122
0.466 9 0.03893093629475857 3 3264.119776725769
0.47000000000000003 0 0.05672889695834253 2 3974.547102212906
0.47000000000000003 1 0.05946098926969611 2 3300.3304398059845
0.47000000000000003 2 0.05456506712286113 2 3003.477772951126
0.47000000000000003 3 0.03764828857526074 3 3539.1165101528168
0.47000000000000003 4 0.052532802602031456 2 3700.6653270721436
0.47000000000000003 5 0.05320574100479001 2 2702.5850026607513
0.47000000000000003 6 0.04310405335843561 3 3945.075391292572
0.47000000000000003 7 0.026287286507067825 3 2247.14573264122
0.47000000000000003 8 0.036805747667445 3 3201.357225894928
0.47000000000000003 9 0.07994033447448126 2 2620.3942680358887
0.474 0 0.024003547496863214 2 2819.7916231155396
0.474 1 0.05159463133114749 2 3649.5759913921356
0.474 2 0.05801772065900109 2 3288.164699077606
0.474 3 0.05663354661077101 2 3302.6325874328613
0.474 4 0.056990929215735425 2 2927.448080778122
0.474 5 0.0 1 2886.4973180294037
0.474 6 0.05122559908736143 2 2602.093454837799
0.474 7 0.04864827370495753 2 2456.6463553905487
0.474 8 0.04750336513707059 3 4654.3969531059265
0.474 9 0.059215040041798055 2 3568.012592315674
0.482 0 0.03945097347791903 2 1835.465457201004
0.482 1 0.0 1 1914.0145440101624
0.482 2 0.015174222687122513 2 1952.8822174072266
0.482 3 0.024589105771768233 3 2786.1499717235565
0.482 4 0.0 1 2045.2833001613617
0.482 5 0.05114482604235706 2 2210.1839838027954
0.482 6 0.040159917707946566 2 2006.0191044807434
0.482 7 0.0 1 1653.07364320755
0.482 8 0.03895069987896265 2 1984.2941703796387
0.482 9 0.027590292430615962 2 2084.707776069641
0.478 0 0.014970068552713631 2 2229.835446357727
0.478 1 0.049589915872079185 2 3403.2973115444183
0.478 2 0.05029559402658846 2 2400.4751341342926
0.478 3 0.03110248349793092 3 2887.0242471694946
0.478 4 0.031202457319839966 2 2632.5606689453125
0.478 5 0.03984608065534741 2 3319.403870344162
0.478 6 0.029616106429066362 2 3078.97505903244
0.478 7 0.036770010336154874 2 3125.5573513507843
0.478 8 0.02600390433744475 3 3142.214562177658
0.478 9 0.0 1 2972.1854350566864
0.48 0 0.03792757579091228 2 4321.4889080524445
0.48 1 0.03227705380842061 2 2667.0896093845367
0.48 2 0.04917929863551333 2 2794.992018699646
0.48 3 -1.3629156636894574e-05 2 3340.324056863785
0.48 4 0.017082572742610887 4 2440.8908088207245
0.48 5 0.0324520754076717 2 3707.906991481781
0.48 6 0.02948468776827612 3 2455.6597442626953
0.48 7 0.0375870908148731 2 2913.8231534957886
0.48 8 0.04345170516511399 2 3368.5693912506104
0.48 9 0.04523945847711336 2 2041.2704005241394
0.476 0 0.028310252412161317 2 3565.458001613617
0.476 1 0.0 1 3167.8018758296967
0.476 2 0.058652688443319764 2 3603.853399515152
0.476 3 0.04969914295322384 2 3641.944303750992
0.476 4 0.048744023108532555 2 6584.929303407669
0.476 5 0.051244930010992354 2 4323.03516292572
0.476 6 0.0465977721659263 2 4568.549325942993
0.476 7 0.03659017770708621 2 3126.7459926605225
0.476 8 0.05469378192470627 2 3486.506388425827
0.476 9 0.03379895018566938 2 4896.627827644348
0.484 0 0.0 1 2953.838631629944
0.484 1 -1.696443553714607e-05 2 2677.1572110652924
0.484 2 0.0 1 2532.9486894607544
0.484 3 0.012047978611464815 3 2862.365863084793
0.484 4 0.046354363392630604 2 3042.721992969513
0.484 5 0.00010164922947843624 2 2538.4846115112305
0.484 6 0.037074942826305614 2 2989.9645879268646
0.484 7 0.03655586861038126 2 3354.562488794327
0.484 8 0.022473792504024315 2 2711.026787042618
0.484 9 0.04871584186154963 2 2227.124503135681
0.492 0 0.03434381369853384 2 2246.0985729694366
0.492 1 0.0004218109629561028 3 1702.1826672554016
0.492 2 0.04476359558450414 2 2512.7444701194763
0.492 3 0.0 1 2538.4094774723053
0.492 4 0.011313369923070502 2 2276.119824886322
0.492 5 0.0 1 2227.918730735779
0.492 6 0.013322350151744985 3 1574.7203509807587
0.492 7 0.0 1 2144.8743295669556
0.492 8 0.0 1 1401.6309657096863
0.492 9 0.040419530187410575 2 2297.40554022789
0.488 0 0.0 1 3194.8028268814087
0.488 1 0.0 1 4114.962312698364
0.488 2 0.0 1 3432.40038394928
0.488 3 0.008313506846920017 3 3878.9908430576324
0.488 4 0.0 1 3155.540193796158
0.488 5 0.0 1 2671.8900604248047
0.488 6 0.027983083667240307 2 4234.05176782608
0.488 7 0.0 1 2315.5922322273254
0.488 8 0.0 1 3636.6760494709015
0.488 9 0.04153708309238309 2 2915.5762207508087
0.486 0 0.004829911245208933 2 3930.384278535843
0.486 1 0.0345569935702263 2 2917.707319021225
0.486 2 -2.4033908256475355e-05 2 3366.5767550468445
0.486 3 0.015928885031353812 3 3918.68714761734
0.486 4 0.011267663492340908 4 3096.0689215660095
0.486 5 0.0 1 3378.845628261566
0.486 6 0.010761706260271281 2 4455.836762905121
0.486 7 0.011542705605125159 3 4038.1065762043
0.486 8 0.025631948936618163 3 3702.608916282654
0.486 9 0.03344122011776956 2 3854.27659368515
0.49 0 0.0 1 2788.3296177387238
0.49 1 0.0 1 3447.4600179195404
0.49 2 0.0 1 5003.752316713333
0.49 3 0.008542535803583808 2 2953.9223971366882
0.49 4 -2.2764277117929712e-05 2 3419.677817106247
0.49 5 0.010645802887745979 2 2333.705407857895
0.49 6 0.0 1 3839.7904098033905
0.49 7 0.019465716057125475 2 3433.423588514328
0.49 8 0.0 1 4409.509750366211
0.49 9 0.026007862173827553 3 3961.0669553279877
0.494 0 0.0 1 3656.3756308555603
0.494 1 0.0 1 2299.0051465034485
0.494 2 0.0019988330874037034 2 3091.5158977508545
0.494 3 0.007211524223149785 2 2938.9661622047424
0.494 4 0.004103030466042699 2 3071.11922287941
0.494 5 -1.7839750643574398e-05 2 2785.324219226837
0.494 6 0.0 1 3378.1857702732086
0.494 7 0.0 1 2665.4512577056885
0.494 8 0.0 1 2878.54172873497
0.494 9 0.03168704665817968 2 3708.8435158729553
0.502 0 0.005828099342570218 2 1347.1960785388947
0.502 1 0.0 1 1643.7718489170074
0.502 2 0.018564587153584958 3 1415.170133113861
0.502 3 0.0 1 1529.7707977294922
0.502 4 0.0 1 2076.22105383873
0.502 5 0.012700302826301337 2 1561.7660069465637
0.502 6 0.002503850377806471 3 1653.0301911830902
0.502 7 0.0006575005139454536 2 1868.0945167541504
0.502 8 0.0 1 1882.3287496566772
0.502 9 0.0 1 1768.05459523201
0.496 0 0.0 1 3375.4214713573456
0.496 1 -1.1321519683702474e-05 2 3515.707870721817
0.496 2 0.0 1 4394.652781963348
0.496 3 0.005197387422402881 3 2234.1703011989594
0.496 4 0.025683072073811406 2 4733.445471525192
0.496 5 3.6841691200992105e-06 2 2754.9607331752777
0.496 6 0.006324690186014479 3 3004.8694672584534
0.496 7 0.0 1 2120.8929986953735
0.496 8 0.0 1 3110.965884208679
0.496 9 0.025440955421537407 3 2397.7292630672455
0.498 0 0.0 1 3544.916264772415
0.498 1 0.001251189299734758 2 2453.6434972286224
0.498 2 0.0 1 3619.151777267456
0.498 3 0.0 1 4683.927559137344
0.498 4 0.021877434295815533 2 2954.728900909424
0.498 5 0.0033847001562528523 2 3550.2525730133057
0.498 6 0.0024163971127727345 3 4672.541622161865
0.498 7 0.0 1 2932.83091878891
0.498 8 0.01844366071949843 3 3657.482080936432
0.498 9 0.0 1 2847.090409517288
0.5 0 0.0 1 3429.8225808143616
0.5 1 0.012814066144062058 2 2314.887688398361
0.5 2 0.002349803753832005 2 2556.580393075943
0.5 3 0.0 1 3212.4927411079407
0.5 4 0.00022181221031047327 3 3107.075318336487
0.5 5 2.234665546812629e-07 2 4634.956294536591
0.5 6 0.0 1 4527.968435764313
0.5 7 0.0 1 3090.665891647339
0.5 8 -2.384537942414578e-05 2 3122.288582801819
0.5 9 -1.008087459020473e-05 2 3109.886084318161
0.504 0 0.0 1 4051.203028202057
0.504 1 0.0 1 2318.7362768650055
0.504 2 0.0023211194880865746 2 3357.5137057304382
0.504 3 0.0 1 3036.1220314502716
0.504 4 0.0 1 3541.211700439453
0.504 5 0.015157098091668928 3 3821.106885433197
0.504 6 0.0 1 3274.237035512924
0.504 7 0.0 1 1740.1046860218048
0.504 8 1.1989085915138754e-05 2 2089.33553981781
0.504 9 -2.0341336162787528e-05 2 3666.511384487152
0.512 0 -2.404472663405566e-05 2 1558.6013462543488
0.512 1 0.0 1 1563.970252275467
0.512 2 0.0031349272878290974 3 1911.8598358631134
0.512 3 0.0 1 2255.4055094718933
0.512 4 0.01507011106264446 2 1614.2890272140503
0.512 5 0.0 1 2572.09082365036
0.512 6 0.0 1 2134.1794352531433
0.512 7 0.01908680124138561 2 1542.7283177375793
0.512 8 0.0 1 1414.3983736038208
0.512 9 -2.135400828472302e-05 2 1777.8326296806335
0.508 0 0.0 1 2705.7537801265717
0.508 1 0.0 1 2416.3228030204773
0.508 2 0.005967035571606078 3 3084.1249198913574
0.508 3 -2.3996640051687512e-05 2 2654.435533761978
0.508 4 0.0 1 3047.5070259571075
0.508 5 0.0 1 3750.3305711746216
0.508 6 0.0 1 2766.197520017624
0.508 7 0.0 1 4177.879434347153
0.508 8 -2.096574527145667e-05 2 4362.92049741745
0.508 9 -1.3256617012755861e-05 2 3508.3021564483643
0.51 0 0.0 1 2674.1388306617737
0.51 1 0.0 1 2860.871191263199
0.51 2 0.0 1 4307.3679304122925
0.51 3 0.000703122638020314 2 3689.1474866867065
0.51 4 0.0 1 3539.092134952545
0.51 5 0.0 1 3340.959733247757
0.51 6 0.0 1 3103.216325044632
0.51 7 0.0004031241887011356 2 3275.3881499767303
0.51 8 0.0 1 2319.7552514076233
0.51 9 -2.0966221813107465e-05 2 3043.6359174251556
0.506 0 0.0 1 4212.793474197388
0.506 1 -2.405054873245591e-05 2 4608.351791858673
0.506 2 0.0 1 3248.686726331711
0.506 3 0.00394425589756454 2 4668.619873046875
0.506 4 -2.135065898282695e-05 2 2703.0768704414368
0.506 5 0.0 1 3738.03049492836
0.506 6 0.0 1 4065.599440574646
0.506 7 0.0 1 4407.805753231049
0.506 8 0.0 1 4000.991105556488
0.506 9 0.0 1 3995.4724402427673
0.522 0 0.0006499334734414166 3 1181.9748754501343
0.522 1 0.0035610071632276173 2 1764.770233631134
0.522 2 0.0 1 1755.1902570724487
0.522 3 0.0 1 1909.7939081192017
0.522 4 0.0017711598949495934 2 1215.5071015357971
0.522 5 0.0 1 1277.003758430481
0.522 6 0.0 1 1604.1045475006104
0.522 7 0.0 1 1495.3673281669617
0.522 8 -2.3842371798231003e-05 2 1715.1890783309937
0.522 9 6.434034657769074e-05 2 1341.2326605319977
0.514 0 0.0 1 2982.146329641342
0.514 1 0.0 1 4101.949803113937
0.514 2 0.0 1 3504.479100227356
0.514 3 0.0009499996129169752 2 3509.3874797821045
0.514 4 0.0028793491419782367 3 3954.623674631119
0.514 5 0.008872736526045666 3 2483.864289522171
0.514 6 0.0 1 3176.0573053359985
0.514 7 0.0 1 2850.0836911201477
0.514 8 1.2009533122012432e-05 2 3855.62646484375
0.514 9 -1.0913787340883856e-05 2 3150.9671511650085
0.518 0 0.0 1 4242.326738357544
0.518 1 0.0 1 3098.8187503814697
0.518 2 0.0 1 2922.2446308135986
0.518 3 0.0 1 2734.653107404709
0.518 4 0.0 1 1940.4860582351685
0.518 5 0.0 1 2894.5679216384888
0.518 6 0.0 1 2684.1543493270874
0.518 7 0.00024143822665817345 3 2735.2585954666138
0.518 8 0.0007643441425835587 2 2846.5867867469788
0.518 9 0.0 1 3126.76549243927
0.516 0 0.0 1 4761.878192901611
0.516 1 0.0 1 3206.9740839004517
0.516 2 0.0 1 3609.0783245563507
0.516 3 0.0 1 2663.620798110962
0.516 4 0.0 1 3995.8190603256226
0.516 5 0.0 1 3993.2805185317993
0.516 6 0.0 1 3829.677703142166
0.516 7 0.006179307780050408 2 2211.699018239975
0.516 8 0.0 1 4449.646389007568
0.516 9 -2.2350943666779566e-05 2 4516.065361738205
0.52 0 4.297286258827915e-06 2 2993.0822398662567
0.52 1 0.0 1 4328.850930929184
0.52 2 0.0 1 5024.31315779686
0.52 3 0.003402706351874615 2 3434.5486645698547
0.52 4 7.379195733262347e-06 2 2288.7869112491608
0.52 5 -1.2886102809786675e-05 2 2796.2951316833496
0.52 6 0.0 1 2445.2167448997498
0.52 7 0.0 1 2515.4102187156677
0.52 8 0.0 1 3010.0876111984253
0.52 9 2.5251914875181204e-05 2 3088.2558748722076
0.53 0 0.0003170651435679562 2 1933.2899007797241
0.53 1 0.0021968054877808353 2 1359.499510526657
0.53 2 1.6900226612859206e-05 2 1931.9574344158173
0.53 3 0.0 1 2064.1780054569244
0.53 4 0.0 1 1540.9978895187378
0.53 5 5.500703486320877e-06 2 1749.3640024662018
0.53 6 0.0 1 2086.4286398887634
0.53 7 0.0 1 1456.3850011825562
0.53 8 -1.0080993023182827e-05 2 1761.3946104049683
0.53 9 0.0 1 2012.9218094348907
0.524 0 0.0 1 3179.4328327178955
0.524 1 -5.037679881555899e-06 2 3973.95445728302
0.524 2 0.0 1 3694.700201511383
0.524 3 0.0 1 2597.7321166992188
0.524 4 0.0 1 3252.414050579071
0.524 5 2.6853406761377773e-05 2 4107.148115634918
0.524 6 0.0 1 2901.1490817070007
0.524 7 0.0 1 2791.2889149188995
0.524 8 0.0 1 3142.415381193161
0.524 9 0.0 1 3014.4672429561615
0.526 0 0.0 1 2862.7692766189575
0.526 1 0.0 1 3287.1801929473877
0.526 2 0.0 1 3303.529402732849
0.526 3 0.0 1 3220.0923824310303
0.526 4 -8.335962974730281e-06 2 3231.625999689102
0.526 5 1.267925065679571e-05 2 3094.4218652248383
0.526 6 0.0 1 3542.4930510520935
0.526 7 0.0 1 4022.124235868454
0.526 8 0.0 1 4036.4813487529755
0.526 9 0.0 1 2560.4258391857147
0.528 0 -6.489877511557027e-06 2 3218.406620979309
0.528 1 0.0 1 3623.441498041153
0.528 2 0.0 1 5154.406879425049
0.528 3 -2.0340826395377942e-05 2 4475.553464651108
0.528 4 2.213432730548132e-05 2 4390.381462335587
0.528 5 0.0 1 2388.4491469860077
0.528 6 0.0 1 4291.1178114414215
0.528 7 0.0 1 4759.789489030838
0.528 8 0.0 1 3309.181748151779
0.528 9 0.0 1 2797.604350090027
0.534 0 0.0 1 3941.603431224823
0.534 1 0.0 1 2661.1344504356384
0.534 2 0.0 1 1910.628668308258
0.534 3 0.0 1 2864.4468688964844
0.534 4 0.0 1 3864.390035390854
0.534 5 -2.2350745573348026e-05 2 3002.155611038208
0.534 6 0.0 1 2597.127220392227
0.534 7 0.0009915932347810126 3 2661.979871749878
0.534 8 0.0 1 2431.5608377456665
0.534 9 0.0 1 3243.748067855835
0.54 0 4.624483348122123e-06 3 1315.3147616386414
0.54 1 0.0 1 1637.018229007721
0.54 2 0.0 1 1800.2338590621948
0.54 3 0.0 1 1118.6922571659088
0.54 4 0.0 1 1783.668193101883
0.54 5 0.0 1 1298.0014135837555
0.54 6 0.0 1 1580.561516046524
0.54 7 -2.4034762652298184e-05 2 2064.1332218647003
0.54 8 -1.91703142009936e-05 2 1338.802673816681
0.54 9 0.0 1 1607.388710975647
0.532 0 -1.8118934391827992e-05 2 3328.421181678772
0.532 1 0.0 1 3435.2600271701813
0.532 2 0.0 1 2823.637181043625
0.532 3 0.0 1 3082.36274433136
0.532 4 0.0 1 3280.694728374481
0.532 5 -2.2634395889857108e-05 2 2660.7643740177155
0.532 6 0.0 1 3727.7823436260223
0.532 7 0.0 1 2514.8843569755554
0.532 8 0.0 1 3193.339806318283
0.532 9 0.0 1 4602.625803947449
0.536 0 2.5030007272501553e-06 2 3239.10063123703
0.536 1 0.0 1 4355.069397449493
0.536 2 0.0 1 3507.032106399536
0.536 3 0.0 1 5520.082225799561
0.536 4 0.0 1 4042.818580389023
0.536 5 0.0 1 2681.381182909012
0.536 6 -1.6348549561360188e-05 2 3162.5982909202576
0.536 7 0.0 1 4216.987834453583
0.536 8 0.0 1 2523.490811109543
0.536 9 0.0 1 4241.685856103897
0.538 0 0.0 1 4094.3732419013977
0.538 1 -3.5277777452162026e-06 2 2248.7276310920715
0.538 2 -1.1321466225125305e-05 2 2469.893170595169
0.538 3 0.0 1 1618.4274747371674
0.538 4 0.0 1 4503.987558603287
0.538 5 0.0 1 3512.5414724349976
0.538 6 0.0 1 3380.0873095989227
0.538 7 0.0 1 4815.170810222626
0.538 8 0.0 1 4097.052053451538
0.538 9 0.002370983274309449 2 2841.7076156139374
0.55 0 0.0 1 1167.4403657913208
0.55 1 0.0 1 1521.727795124054
0.55 2 0.0 1 1862.8900208473206
0.55 3 0.0 1 2692.9671630859375
0.55 4 0.0009574927041250753 3 1787.5677273273468
0.55 5 -2.4047099023013712e-05 2 1723.1583609580994
0.55 6 0.0 1 2407.642119884491
0.55 7 0.0017275332832475021 3 2116.0190846920013
0.55 8 0.0 1 1854.943220615387
0.55 9 0.0 1 2075.0296473503113
0.542 0 0.0 1 4226.622531652451
0.542 1 0.0002766735800309138 2 3235.967826128006
0.542 2 0.0 1 2467.9169688224792
0.542 3 0.0 1 3294.6675066947937
0.542 4 0.0 1 3750.130129098892
0.542 5 -2.3787584422331046e-05 2 4214.701367378235
0.542 6 0.0 1 2341.877474308014
0.542 7 0.00043663369024728383 2 2799.434070587158
0.542 8 0.0 1 2611.257474899292
0.542 9 0.0009751861199746625 3 3838.69793009758
0.548 0 0.0 1 3343.0957114696503
0.548 1 0.0 1 3015.4968044757843
0.548 2 2.0613700696733567e-05 2 2457.5202827453613
0.548 3 0.0 1 2168.2827768325806
0.548 4 0.0 1 2296.1507358551025
0.548 5 0.0 1 2834.618148326874
0.548 6 -2.2633153092435062e-05 2 2689.9694662094116
0.548 7 -2.0764524216059046e-05 2 2296.2813200950623
0.548 8 0.0 1 2365.271355867386
0.548 9 -2.3841868025497384e-05 2 3079.489107608795
0.544 0 -1.2116401283902714e-05 2 4225.305802106857
0.544 1 0.0 1 3207.3029448986053
0.544 2 0.00204795462151665 4 3892.9242417812347
0.544 3 0.0006456420694290521 2 4372.123686075211
0.544 4 0.0 1 3385.98247051239
0.544 5 0.0 1 4006.6112003326416
0.544 6 0.0 1 3773.7958149909973
0.544 7 0.0006429240202604876 2 3168.6751363277435
0.544 8 0.0 1 3857.156699180603
0.544 9 0.0 1 2806.969247817993
0.552 0 0.0004162794847233639 3 3815.198604822159
0.552 1 0.0 1 3449.3780179023743
0.552 2 0.0 1 4778.157298564911
0.552 3 0.0 1 3129.2886934280396
0.552 4 0.0 1 3563.0261178016663
0.552 5 0.0 1 3917.750467300415
0.552 6 0.0 1 2592.1811583042145
0.552 7 -2.3932373647287004e-05 2 2695.5036070346832
0.552 8 0.0 1 2494.4950456619263
0.552 9 0.0012208926762844003 2 3684.2668964862823
0.546 0 0.0 1 4055.646866083145
0.546 1 -2.332599355827777e-05 2 3618.2976241111755
0.546 2 0.0 1 4251.819259405136
0.546 3 0.0 1 3441.4069826602936
0.546 4 0.0 1 4670.921608686447
0.546 5 0.0 1 3462.6067497730255
0.546 6 0.0 1 3147.9488892555237
0.546 7 0.0 1 4108.743565797806
0.546 8 2.528000957131793e-05 2 3633.1605608463287
0.546 9 0.0 1 2969.4154675006866
0.558 0 4.060162227437177e-05 2 2018.2022542953491
0.558 1 0.0 1 2753.2100024223328
0.558 2 0.0 1 1518.3601169586182
0.558 3 5.95359216575423e-06 3 2634.8268291950226
0.558 4 0.0 1 1899.3858153820038
0.558 5 0.0 1 1892.4864978790283
0.558 6 -1.7262613411563475e-05 2 1492.0897307395935
0.558 7 2.2121796771569533e-05 2 2720.321414232254
0.558 8 0.0 1 2263.492604970932
0.558 9 0.0 1 1550.123566865921
0.556 0 0.0 1 3805.0549399852753
0.556 1 0.0 1 2876.060529232025
0.556 2 0.0 1 3143.7392263412476
0.556 3 0.0 1 3651.991436481476
0.556 4 0.00021010783790086643 2 3985.4194650650024
0.556 5 0.0 1 3733.8553750514984
0.556 6 0.0 1 3783.7419862747192
0.556 7 -2.3970568382194066e-05 2 3080.0437622070312
0.556 8 0.0 1 2535.431390285492
0.556 9 0.0 1 1818.3589446544647
0.56 0 0.0 1 4019.1737785339355
0.56 1 0.0 1 3027.7220475673676
0.56 2 0.0 1 2948.1067502498627
0.56 3 0.0 1 3116.269882440567
0.56 4 0.0 1 2523.578677892685
0.56 5 0.0 1 3227.560573577881
0.56 6 2.0600659276208498e-05 2 2173.0231142044067
0.56 7 0.0 1 2633.4154393672943
0.56 8 0.0 1 3389.0970871448517
0.56 9 0.0 1 3805.603892803192
0.554 0 0.0 1 3138.516966342926
0.554 1 -2.322606574749494e-05 2 3009.224373102188
0.554 2 0.0 1 3612.4344232082367
0.554 3 0.0013028892601267582 2 3783.094947576523
0.554 4 -3.0115641489005854e-06 2 2961.9139585494995
0.554 5 0.0 1 3998.3847947120667
0.554 6 0.0 1 4485.141470909119
0.554 7 -1.89170675593872e-05 2 4790.948776483536
0.554 8 0.0 1 3809.896918296814
0.554 9 0.0 1 4651.678669929504
0.562 0 0.0 1 2827.08070397377
0.562 1 0.0 1 3493.0827639102936
0.562 2 0.0 1 2925.916851758957
0.562 3 0.0 1 2775.783168077469
0.562 4 0.0 1 2952.768245458603
0.562 5 0.0001876217809175963 3 3279.596240758896
0.562 6 0.0 1 2985.0452105998993
0.562 7 0.0 1 4113.7637186050415
0.562 8 0.0 1 1603.9957540035248
0.562 9 0.0 1 1958.2089166641235
0.57 0 -2.2496903272313188e-05 2 1982.8367521762848
0.57 1 0.0 1 1570.4487118721008
0.57 2 0.0 1 1609.863877773285
0.57 3 0.0 1 1156.6541063785553
0.57 4 0.0 1 1696.892320394516
0.57 5 0.0009110960142722841 2 2153.011527776718
0.57 6 0.0 1 1506.3818233013153
0.57 7 -2.1161244941538236e-05 2 2770.539530515671
0.57 8 6.0557012662566345e-05 3 2101.4195590019226
0.57 9 0.0 1 2035.4520723819733
0.5640000000000001 0 0.0 1 2943.897034406662
0.5640000000000001 1 0.0 1 2813.9532096385956
0.5640000000000001 2 0.0 1 3742.01504611969
0.5640000000000001 3 0.0003251820046285843 2 3661.802933216095
0.5640000000000001 4 0.0 1 3155.9161474704742
0.5640000000000001 5 0.0 1 3728.765973329544
0.5640000000000001 6 0.0 1 2208.4132294654846
0.5640000000000001 7 3.1817097828084376e-05 2 3538.1462075710297
0.5640000000000001 8 -1.811867730328987e-05 2 2446.2718019485474
0.5640000000000001 9 0.0 1 3441.9784121513367
0.5660000000000001 0 0.0 1 3535.970561504364
0.5660000000000001 1 4.891032108661555e-06 2 2847.984653711319
0.5660000000000001 2 0.0 1 3104.0895626544952
0.5660000000000001 3 0.0 1 3624.9820687770844
0.5660000000000001 4 0.0 1 3596.1995089054108
0.5660000000000001 5 0.0 1 2511.952197790146
0.5660000000000001 6 0.0 1 3360.0360424518585
0.5660000000000001 7 0.0 1 3569.677855014801
0.5660000000000001 8 0.0 1 3767.910462617874
0.5660000000000001 9 0.000494300953636579 2 3254.315569639206
0.568 0 -2.235084745132211e-05 2 3259.6587088108063
0.568 1 -2.3999124568684176e-05 2 3349.7030308246613
0.568 2 0.0 1 4369.671709537506
0.568 3 0.0013355289223353573 2 3102.1212289333344
0.568 4 4.7205222132527676e-05 2 4167.430089235306
0.568 5 0.0 1 2652.0183029174805
0.568 6 0.0 1 3127.6210453510284
0.568 7 0.0 1 3874.317456483841
0.568 8 0.0 1 3282.7716126441956
0.568 9 0.0 1 3059.6400039196014
0.58 0 0.00012114246012217921 3 2066.4591143131256
0.58 1 0.0 1 1816.3327260017395
0.58 2 0.0 1 1566.6081764698029
0.58 3 0.0 1 1280.4737854003906
0.58 4 0.0 1 1480.2581605911255
0.58 5 7.376463915504763e-06 2 2115.437179327011
0.58 6 0.0 1 2877.8143134117126
0.58 7 0.00020803023008603461 2 1929.9086742401123
0.58 8 0.0 1 1509.5393469333649
0.58 9 0.0 1 1569.6793200969696
0.572 0 0.0 1 4553.594566345215
0.572 1 -6.48991429939901e-06 2 5296.945392131805
0.572 2 0.0 1 2671.911272764206
0.572 3 0.0 1 3775.7079944610596
0.572 4 7.828813269911954e-07 2 3102.102954387665
0.572 5 0.0 1 1951.2024166584015
0.572 6 -2.378862219705862e-05 2 2103.6907777786255
0.572 7 0.0 1 1560.0646057128906
0.572 8 0.0 1 2686.1520414352417
0.572 9 0.0 1 3158.7657878398895
0.578 0 0.0 1 3217.5040543079376
0.578 1 0.0 1 3261.830902338028
0.578 2 0.0 1 2516.6772458553314
0.578 3 -2.372647221983507e-05 2 3636.8461508750916
0.578 4 0.0 1 2716.7845499515533
0.578 5 0.0 1 3938.4454307556152
0.578 6 0.0 1 2447.6706669330597
0.578 7 -6.012165383714217e-06 2 3029.619550228119
0.578 8 0.0 1 3589.1461815834045
0.578 9 0.0 1 2820.807859182358
0.576 0 0.0 1 4176.8201286792755
0.576 1 0.00026645800923541415 2 3633.008829832077
0.576 2 0.001305909987358943 4 3342.1370549201965
0.576 3 -1.8657493701084532e-05 2 4106.641255617142
0.576 4 -2.1709832006089406e-05 2 2658.8511939048767
0.576 5 0.0 1 3351.770745754242
0.576 6 1.993154082251955e-05 2 2936.614597558975
0.576 7 -2.3418760530604265e-05 2 3291.823321580887
0.576 8 0.0 1 3568.3714728355408
0.576 9 0.0 1 3711.7755737304688
0.574 0 0.0 1 3956.471860408783
0.574 1 -1.86573501991327e-05 2 6985.633498668671
0.574 2 0.0 1 2600.997898340225
0.574 3 0.0 1 3254.6154420375824
0.574 4 0.0 1 3624.3577415943146
0.574 5 -9.22134604229997e-06 2 3245.44669508934
0.574 6 0.0 1 2170.1772754192352
0.574 7 0.0 1 3798.956063270569
0.574 8 0.0 1 4266.184944152832
0.574 9 0.0 1 5853.95131111145
0.588 0 0.0 1 1806.962261915207
0.588 1 0.0 1 1560.2225353717804
0.588 2 0.0 1 1412.6012978553772
0.588 3 0.0 1 1782.4654068946838
0.588 4 0.0 1 2448.0955998897552
0.588 5 -2.4857563421909545e-06 2 1506.8990705013275
0.588 6 0.0 1 1359.920456647873
0.588 7 -1.6659877335571855e-05 2 1272.2841436862946
0.588 8 0.0 1 1808.8307507038116
0.588 9 0.0 1 2398.2774353027344
0.582 0 0.0 1 4048.0184710025787
0.582 1 0.0 1 4089.8077788352966
0.582 2 0.0 1 3898.336457014084
0.582 3 0.0 1 3850.7586159706116
0.582 4 0.0 1 3310.273514986038
0.582 5 0.0 1 3963.8669645786285
0.582 6 0.0 1 3304.620260953903
0.582 7 0.0 1 3388.710661649704
0.582 8 9.313693960834943e-05 2 2969.6806576251984
0.582 9 0.0 1 4821.627881765366
0.584 0 0.0 1 3668.823828458786
0.584 1 -1.4697776868581006e-05 2 4540.362796545029
0.584 2 0.0 1 3496.3825912475586
0.584 3 0.0 1 3304.4606704711914
0.584 4 -1.2504408763513635e-05 2 3567.5164659023285
0.584 5 0.0 1 4065.9366080760956
0.584 6 0.0 1 4022.133180618286
0.584 7 0.0 1 3022.0753588676453
0.584 8 0.0 1 3419.713967561722
0.584 9 0.0 1 2778.9310145378113
0.586 0 0.0 1 4248.009427309036
0.586 1 0.0002550368734851434 2 3002.2500307559967
0.586 2 0.0 1 4012.740263938904
0.586 3 0.0 1 2868.1321592330933
0.586 4 0.0 1 4823.347574234009
0.586 5 0.0 1 2747.620233774185
0.586 6 0.0 1 3212.3056061267853
0.586 7 0.0 1 3270.7292561531067
0.586 8 0.0 1 2639.066421508789
0.586 9 0.0 1 3070.092220067978
0.59 0 0.0 1 2699.8930702209473
0.59 1 0.0 1 5027.280820608139
0.59 2 1.2666698053286038e-05 2 3020.353239297867
0.59 3 -2.3889605197107182e-05 2 3458.416940689087
0.59 4 6.768942536144449e-06 2 3060.610815525055
0.59 5 -2.4018266446456833e-05 2 2658.2715883255005
0.59 6 8.450089647344667e-05 2 1786.526957988739
0.59 7 0.0 1 3962.146759033203
0.59 8 0.0 1 2177.5409865379333
0.59 9 0.0011497764314787452 2 4731.519353151321
0.598 0 0.0 1 2044.91672706604
0.598 1 -2.3966875511363606e-05 2 2400.9498538970947
0.598 2 0.0 1 1535.2961847782135
0.598 3 0.0 1 2646.1456665992737
0.598 4 0.0 1 2337.4857692718506
0.598 5 -2.0763684042896817e-05 2 1434.1963138580322
0.598 6 0.0 1 1572.6696655750275
0.598 7 0.0 1 1254.6791334152222
0.598 8 0.0 1 1613.348702430725
0.598 9 0.0 1 1094.7834467887878
0.592 0 0.0 1 3227.5192618370056
0.592 1 0.0 1 2647.672721385956
0.592 2 0.0 1 3387.5165016651154
0.592 3 -1.4348326108110151e-05 2 2255.0372838974
0.592 4 0.0 1 2887.223475933075
0.592 5 0.0 1 2859.3477380275726
0.592 6 0.0 1 4090.223734855652
0.592 7 0.0 1 2234.5791709423065
0.592 8 0.0 1 1951.5828082561493
0.592 9 -4.540888430204023e-06 2 3129.146790742874
0.596 0 -1.050102421255671e-05 2 3529.477024793625
0.596 1 0.0 1 2842.7541851997375
0.596 2 0.0 1 4800.733682394028
0.596 3 0.0 1 2994.417179107666
0.596 4 0.0 1 3207.0431151390076
0.596 5 2.242023184914888e-05 3 2170.763514995575
0.596 6 3.79147140542784e-05 2 1070.950351715088
0.596 7 0.0 1 667.7530505657196
0.596 8 -2.170978629001998e-05 2 708.4878919124603
0.596 9 0.0 1 607.0601351261139
0.6 0 0.0 1 2752.4749162197113
0.6 1 0.0 1 3257.6245455741882
0.6 2 -1.5040824261382225e-05 2 2634.946658849716
0.6 3 -2.09656666958351e-05 2 2391.9723422527313
0.6 4 -1.6031196387073053e-05 2 2457.1792454719543
0.6 5 4.0306384153126854e-05 3 1762.4014430046082
0.6 6 0.0 1 887.9217805862427
0.6 7 0.0 1 662.7553577423096
0.6 8 0.0 1 926.8760676383972
0.6 9 5.4981089246081914e-05 2 923.442786693573
0.594 0 0.0 1 4372.584436416626
0.594 1 0.0 1 2364.208477973938
0.594 2 8.020047890796598e-06 2 3755.481080532074
0.594 3 0.00017314854831182425 2 4245.136805772781
0.594 4 5.002779718814404e-05 2 3042.9292719364166
0.594 5 0.0 1 2512.6223006248474
0.594 6 -1.2882191277227774e-05 2 2609.323043823242
0.594 7 0.0 1 2266.719987630844
0.594 8 0.0 1 1552.821894645691
0.594 9 -1.3261449382096458e-05 2 478.43204832077026
