0.402 0 0.33037381347715833 2 6209.27020573616
0.402 1 0.3232052771726184 2 6150.77755689621
0.402 2 0.31175261128880205 2 7173.24192237854
0.402 3 0.3310675387004988 2 6246.8541803359985
0.402 4 0.3232729590513771 2 6698.650423049927
0.4 0 0.3440381691038756 2 6122.649217844009
0.4 1 0.3282907591027314 2 6672.047675609589
0.4 2 0.3208601343326338 2 7126.781155586243
0.4 3 0.3326962108843522 2 6120.467662096024
0.4 4 0.3364490281005718 2 6519.813743591309
0.406 0 0.32012958479145726 2 6549.8925631046295
0.406 1 0.3098925927079435 2 6784.041506528854
0.406 2 0.29917492051051875 2 6664.961290359497
0.406 3 0.3186068960938436 2 6396.5019426345825
0.406 4 0.3034899285309282 2 6244.979142904282
0.404 0 0.33194196161753053 2 6753.062256574631
0.404 1 0.308662215363763 2 6341.229842185974
0.404 2 0.3069053378420663 2 6321.8226199150085
0.404 3 0.31918840406044424 2 6647.5231647491455
0.404 4 0.323347725673972 2 7130.833059310913
0.40800000000000003 0 0.32342481222078046 2 6431.053647518158
0.40800000000000003 1 0.29269293103850935 2 6743.9427371025085
0.40800000000000003 2 0.28968309967674516 2 6467.244468927383
0.40800000000000003 3 0.30419502946431637 2 6915.56397652626
0.40800000000000003 4 0.31031308650122413 2 7120.341001033783
0.41000000000000003 0 0.3158407864993256 2 6939.224033117294
0.41000000000000003 1 0.2860597591582712 2 6697.145632266998
0.41000000000000003 2 0.286084171610818 2 6747.177548646927
0.41000000000000003 3 0.29913988741500047 2 6913.699083328247
0.41000000000000003 4 0.3035680363983967 2 6752.817760467529
0.41400000000000003 0 0.2868068823075837 2 6651.838564872742
0.41400000000000003 1 0.28592375980510815 2 6738.24324631691
0.41400000000000003 2 0.2722410862428227 2 6706.14346075058
0.41400000000000003 3 0.2814014229634476 2 6930.980334281921
0.41400000000000003 4 0.2823657839362705 2 7316.268580198288
0.41200000000000003 0 0.30243342527416484 2 7309.125272274017
0.41200000000000003 1 0.286897538915738 2 6933.262043476105
0.41200000000000003 2 0.2785385323698544 2 7027.464736700058
0.41200000000000003 3 0.2922098440119727 2 7099.485004663467
0.41200000000000003 4 0.2812664155585838 2 6918.880204439163
0.41600000000000004 0 0.28046551070686315 2 7137.464023351669
0.41600000000000004 1 0.28134908757546284 2 7032.488196372986
0.41600000000000004 2 0.2887386633277532 2 6760.369880914688
0.41600000000000004 3 0.28026017227376 2 6975.710100650787
0.41600000000000004 4 0.2828833698875696 2 7397.6977622509
0.42000000000000004 0 0.2572905683729944 2 7293.6727504730225
0.42000000000000004 1 0.2721081156809709 2 7451.481027841568
0.42000000000000004 2 0.27541543378573974 2 7296.538051605225
0.42000000000000004 3 0.2687549007613979 2 6756.747616767883
0.42000000000000004 4 0.25627970054150895 2 7145.7735247612
0.41800000000000004 0 0.27747113983420096 2 7452.617624282837
0.41800000000000004 1 0.27309552962015377 2 7576.428290843964
0.41800000000000004 2 0.2726297345139644 2 7406.520831108093
0.41800000000000004 3 0.27546306903146417 2 7432.24752163887
0.41800000000000004 4 0.26389068764127366 2 8011.525452852249
0.42200000000000004 0 0.2571008027698352 2 7270.650842189789
0.42200000000000004 1 0.26215476152536976 2 8612.966529130936
0.42200000000000004 2 0.2573576654587616 2 7759.083402872086
0.42200000000000004 3 0.2575475403009999 2 7461.901320695877
0.42200000000000004 4 0.2544458858740915 2 7605.115044593811
0.42400000000000004 0 0.24509276663309307 2 7408.289157867432
0.42400000000000004 1 0.2542023712692443 2 7530.874969482422
0.42400000000000004 2 0.24787462683085926 2 8451.245327234268
0.42400000000000004 3 0.25729055215667285 2 7486.9032826423645
0.42400000000000004 4 0.259989281810065 2 8263.335259199142
0.42600000000000005 0 0.2442825240503405 2 7687.020156383514
0.42600000000000005 1 0.249932375419888 2 8394.431945562363
0.42600000000000005 2 0.2401959615187449 2 7977.469319820404
0.42600000000000005 3 0.24756741797213888 2 7325.74861073494
0.42600000000000005 4 0.2378124400278995 2 7669.545130252838
0.428 0 0.23617908317968772 2 8024.582499504089
0.428 1 0.239632472803825 2 8051.76127743721
0.428 2 0.2310267200138745 2 7480.437119245529
0.428 3 0.24189583866325912 2 7354.713290929794
0.428 4 0.22989769289546516 2 8062.796221494675
0.43 0 0.22203433819973242 2 8077.760860204697
0.43 1 0.2329957737820584 2 8065.637987613678
0.43 2 0.23661916726019838 2 8118.464374542236
0.43 3 0.24024333563443206 2 7518.127468347549
0.43 4 0.22383508692441434 2 8250.091932535172
0.434 0 0.217652595136099 2 8189.565732717514
0.434 1 0.22191443118456652 2 8164.44361615181
0.434 2 0.2151233894931851 2 8526.976876974106
0.434 3 0.2030176821629817 2 9310.316744565964
0.434 4 0.2223792710017101 2 8143.230154037476
0.432 0 0.21982920771022732 2 8475.784589529037
0.432 1 0.2303778727480172 2 8258.85340666771
0.432 2 0.2373931339494307 2 7841.40735912323
0.432 3 0.19677863423217937 2 9763.609818696976
0.432 4 0.23233876543727766 2 9036.825759887695
0.436 0 0.21002499941174657 2 8960.120562553406
0.436 1 0.2184422847865587 2 8450.398542165756
0.436 2 0.20666974314533618 2 8110.121061086655
0.436 3 0.1845051277706072 2 9054.989196777344
0.436 4 0.21111281838087895 2 8582.906758785248
0.44 0 0.1916754074219988 2 9440.006724596024
0.44 1 0.20666860289144023 2 9272.865024328232
0.44 2 0.20678199982042259 2 9263.187657356262
0.44 3 0.19045069520520144 2 10037.538704156876
0.44 4 0.19669028545394032 2 8993.885518312454
0.438 0 0.198299025668801 2 9433.359124660492
0.438 1 0.20723036922108287 2 8665.137029409409
0.438 2 0.2108661199819434 2 9427.041474580765
0.438 3 0.1939214146243903 2 11247.030968904495
0.438 4 0.2021930765314792 2 9412.16191148758
0.442 0 0.1856523881340714 2 9822.332757234573
0.442 1 0.18622893281935146 2 9612.129778862
0.442 2 0.19072088664311054 2 9790.04670882225
0.442 3 0.16509733172653995 2 10977.964053869247
0.442 4 0.19499919705606739 2 9013.171897888184
0.444 0 0.1813375006004675 2 10081.182389497757
0.444 1 0.19322631186206507 2 9575.283354759216
0.444 2 0.18087638076378185 2 9924.52528333664
0.444 3 0.16101353773433602 2 10391.01627421379
0.444 4 0.18186126369405897 2 9565.30748128891
0.446 0 0.16755504528064835 2 10227.80969786644
0.446 1 0.17113224219654646 2 9633.237330436707
0.446 2 0.17718451282334882 2 10310.19698190689
0.446 3 0.16968694068383963 2 11916.381096124649
0.446 4 0.18309942580858515 2 10289.85350227356
0.448 0 0.16578196190743985 2 10197.409389972687
0.448 1 0.18607311758050374 2 10143.679235458374
0.448 2 0.17994809966338765 2 9769.92043542862
0.448 3 0.18289237058598232 2 10211.356041193008
0.448 4 0.16251412904761262 2 10753.426846265793
0.45 0 0.1675142611839712 2 10614.893579483032
0.45 1 0.16397338257731187 2 10099.898630619049
0.45 2 0.17183213785290052 2 9783.87857079506
0.45 3 0.14172849470376586 2 10289.364156007767
0.45 4 0.15270529190204116 2 13101.278779029846
0.452 0 0.15078089535746808 2 11253.115527153015
0.452 1 0.16247141330017842 2 10732.631246566772
0.452 2 0.15490337984726557 2 9263.442831516266
0.452 3 0.1660335167391575 2 10812.357144594193
0.452 4 0.13538417287147603 2 13185.712331295013
0.454 0 0.1463535820635322 2 12259.118782281876
0.454 1 0.15657203737033717 2 11074.24647808075
0.454 2 0.15227432049685816 2 9506.419302463531
0.454 3 0.1612673453334309 2 10955.267069339752
0.454 4 0.13156129526976026 2 13138.952643156052
0.456 0 0.1387357272658821 2 11779.085637569427
0.456 1 0.1618392089531258 2 13933.778527259827
0.456 2 0.15269940109901467 2 10118.113935947418
0.456 3 0.1565657617613061 2 12310.766589641571
0.456 4 0.13031271728397484 2 12934.464203119278
0.458 0 0.13701524437766888 2 11469.68583536148
0.458 1 0.15504719459048524 2 13361.85577082634
0.458 2 0.15022203168903822 2 11494.968392372131
0.458 3 0.13503427369669438 2 11171.19133758545
0.458 4 0.12069388810195317 2 13420.03424692154
0.46 0 0.1305360640278813 2 11684.4341506958
0.46 1 0.13156480682021696 2 10869.288805007935
0.46 2 0.13078699955872886 2 10921.827151536942
0.46 3 0.12945671670884343 2 11842.404391765594
0.46 4 0.11286217578764961 2 15809.754352807999
0.462 0 0.11489966642437585 2 14042.368029117584
0.462 1 0.12272049344711301 2 11330.169104337692
0.462 2 0.13485874921978583 2 11449.930126428604
0.462 3 0.13216551106972427 2 13094.807391643524
0.462 4 0.10669010654029287 2 15706.630914449692
0.464 0 0.13865794475771695 2 11220.32734322548
0.464 1 0.12404996746893415 2 12519.174276828766
0.464 2 0.10402061012878286 2 13885.920173883438
0.464 3 0.11872875679501779 2 14406.207786560059
0.464 4 0.10749896354445443 2 12683.38728094101
0.466 0 0.13118424245598811 2 12519.246293067932
0.466 1 0.10409206819317199 2 14317.478070497513
0.466 2 0.11508627803450866 2 14658.809381484985
0.466 3 0.11366174987024238 2 14866.280398130417
0.466 4 0.08807730518748243 2 14614.50915813446
0.468 0 0.12759637814295582 2 11579.019191980362
0.468 1 0.11069122166779065 2 13601.254393815994
0.468 2 0.11302031302496704 2 13313.938752174377
0.468 3 0.10917252600720187 2 14601.084924221039
0.468 4 0.0938663821340901 2 15732.252666473389
0.47000000000000003 0 0.12145917472565136 2 12207.171834468842
0.47000000000000003 1 0.09311335516422989 2 15779.315328836441
0.47000000000000003 2 0.10758221117364763 2 14125.614355802536
0.47000000000000003 3 0.09778505052982053 2 15687.019876241684
0.47000000000000003 4 0.07647290632054318 2 15726.18598151207
0.472 0 0.12619001779173675 2 12960.882050275803
0.472 1 0.08752262661014137 2 15666.495606899261
0.472 2 0.08208417171828265 2 15673.944398880005
0.472 3 0.08951407553410952 2 15669.455927371979
0.472 4 0.06855664393374183 2 15654.859424591064
0.474 0 0.10855019755267585 2 14427.399280548096
0.474 1 0.09397488653005565 2 14856.736815452576
0.474 2 0.07244374124695828 2 15973.879468679428
0.474 3 0.08505176844627386 2 15898.034794807434
0.474 4 0.07191295978211959 2 15822.643230676651
0.476 0 0.10744096331802844 2 13234.097980499268
0.476 1 0.07506405766346874 2 15779.941733837128
0.476 2 0.071861043683442 2 15836.974469661713
0.476 3 0.07868291801885144 2 15792.474034070969
0.476 4 0.0614660333291816 2 15856.991889715195
0.478 0 0.10032383320069138 2 13569.92571401596
0.478 1 0.06840471184811402 2 15724.316351890564
0.478 2 0.06435304559219071 2 15745.105590343475
0.478 3 0.06840645684959423 2 15747.148492574692
0.478 4 0.05512991415410103 2 15747.263099908829
0.48 0 0.052296616414114636 2 15616.048200368881
0.48 1 0.07385846030317908 2 15694.242296218872
0.48 2 0.013637641213120229 2 15617.474199056625
0.48 3 0.05380930305228918 2 15655.200500249863
0.48 4 0.0036429812160023553 2 15669.886752605438
0.482 0 0.07335376822574113 2 15777.798244714737
0.482 1 0.06950328073324025 2 15955.789145469666
0.482 2 0.009141852990311224 2 15889.697409391403
0.482 3 0.029574727929922294 2 15911.675350666046
0.482 4 0.0030826286051837733 2 15904.910538196564
0.484 0 0.04391283401233306 2 15780.247833967209
0.484 1 0.0667459221900845 2 15774.654960870743
0.484 2 0.014708741576858326 2 15777.8356320858
0.484 3 0.04892209089523904 2 15745.769065380096
0.484 4 1.1979629324082663e-05 2 15722.620379209518
0.486 0 0.05782566113745238 2 15723.686587572098
0.486 1 0.021474285707375657 2 15723.69265127182
0.486 2 0.007484419028254321 2 15664.21001958847
0.486 3 0.021423405014431657 2 15719.190412282944
0.486 4 0.003406458695193588 2 15832.80208992958
0.488 0 0.05203177153707997 2 15654.800523996353
0.488 1 0.03769575836533689 2 15667.818093299866
0.488 2 0.006450941059657241 2 15626.781283140182
0.488 3 0.020892069996292135 2 15698.468366146088
0.488 4 0.0003167082105574497 2 15677.308961391449
0.49 0 0.03449370249401609 2 15726.39636516571
0.49 1 0.030587513657255053 2 15751.494359016418
0.49 2 0.0001763512152413027 2 15733.504319667816
0.49 3 0.03893393212465204 2 15774.309000492096
0.49 4 0.0032037801195837685 2 15833.101194620132
0.492 0 0.003574496238109723 2 15795.491014957428
0.492 1 0.011976302925972826 2 15776.490095376968
0.492 2 0.004052124279120211 2 15733.222319602966
0.492 3 0.04252568350494068 2 15768.172466278076
0.492 4 0.003817928871969515 2 15886.695446014404
0.494 0 0.02781363478579049 2 15735.796072721481
0.494 1 0.029791650001656497 2 15763.831476688385
0.494 2 4.8885181407289625e-06 2 15716.143930196762
0.494 3 0.03681068882692351 2 15796.282742261887
0.494 4 0.023602999025958325 2 15745.136655807495
0.496 0 0.03569644335861885 2 15640.342762231827
0.496 1 0.004863638127914471 2 15694.111835718155
0.496 2 0.029851725504488513 2 15668.428604602814
0.496 3 0.02836706229984167 2 15702.60801243782
0.496 4 0.022937509590834522 2 15694.480776071548
0.498 0 0.03080821112588898 2 15835.860246896744
0.498 1 0.000660390907325245 2 15883.704839229584
0.498 2 0.008658840580815832 2 15748.378277301788
0.498 3 0.016370224096583928 2 15787.42493891716
0.498 4 0.013019751147467163 2 15829.502620697021
0.5 0 0.027946900210266367 2 15789.126253128052
0.5 1 0.004444747915876771 2 15803.31092453003
0.5 2 0.002488698372986965 2 15731.791335582733
0.5 3 0.01443369830722119 2 15744.508607387543
0.5 4 0.026456772603148215 2 15726.624198913574
0.502 0 0.024521014843809346 2 15877.662700891495
0.502 1 0.01502823291273369 2 15908.3791680336
0.502 2 0.0017326071026180752 2 15802.16558098793
0.502 3 0.013059355344235656 2 15684.98353600502
0.502 4 0.007504078281228376 2 15733.497262716293
0.504 0 0.020744735549145573 2 15755.82168507576
0.504 1 0.008096489417694945 2 15785.926309585571
0.504 2 2.766521794971131e-05 2 15667.205447673798
0.504 3 0.012916278278825794 2 15683.022136926651
0.504 4 0.0013188319047603022 2 15663.985893964767
0.506 0 0.02443096291546598 2 15742.72874546051
0.506 1 0.0022720106574493832 2 15788.027839422226
0.506 2 0.0007522396620663279 2 15748.063797712326
0.506 3 0.017663643969156876 2 15733.951384067535
0.506 4 0.007913361858728958 2 15725.826877117157
0.508 0 0.018460750759804866 2 15739.337681055069
0.508 1 0.0019177597541367945 2 15823.307879924774
0.508 2 0.0015707628737875183 2 15808.37371134758
0.508 3 0.003178842978493993 2 15820.303774118423
0.508 4 0.006680921260505888 2 15859.2147731781
0.51 0 0.017588246272237335 2 15767.462698698044
0.51 1 0.011241390062253042 2 15724.287563800812
0.51 2 0.003301033768965187 2 15697.219569921494
0.51 3 0.003120815726285131 2 15702.528627157211
0.51 4 -2.3504931956470913e-05 2 15722.400883436203
0.512 0 0.003185144559234293 2 15634.530966758728
0.512 1 0.0032101592535299364 2 15670.309758424759
0.512 2 5.3977539549916195e-05 2 15627.01696896553
0.512 3 0.0008464082421632472 2 15618.971369743347
0.512 4 0.0005202889404334435 2 15596.750727653503
0.514 0 0.000663346660530614 2 15711.669835090637
0.514 1 2.0596738252488913e-05 2 15830.236483812332
0.514 2 0.00029409942601206577 2 15784.605480194092
0.514 3 0.006127550263987694 2 15760.53062415123
0.514 4 0.00010420070037338524 2 15747.357071399689
0.516 0 -2.204293107029714e-05 2 15672.369377374649
0.516 1 0.00433178979701004 2 15767.838033437729
0.516 2 0.0015520244366566303 2 15700.307928085327
0.516 3 0.002626793747261903 2 15705.680842399597
0.516 4 0.0007209941606851028 2 15698.126026153564
0.518 0 0.00044630052806768773 2 15822.512015342712
0.518 1 0.002727532964966966 2 15789.928785800934
0.518 2 0.0023319281651361773 2 15758.909068107605
0.518 3 0.00017956090035571557 2 15894.927497386932
0.518 4 -2.3419337096340473e-05 2 15820.592069864273
0.52 0 0.0036707404314466527 2 15647.122886180878
0.52 1 0.0006138160918057352 2 15678.507464408875
0.52 2 8.215694678678038e-05 2 15665.798241853714
0.52 3 -1.7262626715722438e-05 2 15654.717574119568
0.52 4 1.6170634943593836e-05 2 15623.974419355392
0.522 0 0.000619521506694428 2 15700.325674772263
0.522 1 0.0003487957551702282 2 15746.344679355621
0.522 2 0.007883548936731977 2 15725.159573554993
0.522 3 0.0017897665769617246 2 15694.783607006073
0.522 4 0.00044881394609620854 2 15696.586894273758
0.524 0 0.0052192946286693095 2 15794.442125082016
0.524 1 0.001088777924737897 2 15784.034374713898
0.524 2 0.0012731920865327938 2 15810.683708190918
0.524 3 0.0014201307812048514 2 15772.935576677322
0.524 4 8.216204776036099e-05 2 15779.860948085785
0.526 0 0.00016841230676057717 2 15686.563711166382
0.526 1 0.00012832425895128733 2 15680.674117803574
0.526 2 0.0006812879042480919 2 15648.762545347214
0.526 3 1.2659905159526973e-05 2 15698.841118097305
0.526 4 6.119888892383804e-06 2 15697.485184669495
0.528 0 0.002175358937970351 2 14858.978303432465
0.528 1 0.001273228193406784 2 14838.399959564209
0.528 2 0.0074253504624439545 2 14769.379480838776
0.528 3 0.0014199406502669344 2 14826.963352441788
0.528 4 0.002054562724189672 2 15283.579694747925
0.532 0 8.806959707902067e-05 2 13146.127160310745
0.532 1 0.0011576698498828046 2 13115.53862786293
0.532 2 0.001942736078889712 2 13062.11460351944
0.532 3 0.000298154276938837 2 13224.286080121994
0.532 4 0.0006081276205424648 2 13292.885878801346
0.53 0 0.0015340550029625032 2 15413.908982515335
0.53 1 7.640239673959367e-05 2 13923.215772151947
0.53 2 0.0005308687640549504 2 13969.078701019287
0.53 3 0.0019326479772935536 2 15710.987944364548
0.53 4 0.0008165782454076102 2 14225.3959171772
0.54 0 0.0014677101028752546 2 11869.075463294983
0.54 1 0.0006311625949403732 2 10611.708422899246
0.54 2 0.0005228790815326464 2 10627.199852466583
0.54 3 0.0006458296654918047 2 11081.637252092361
0.54 4 -1.8917018904011696e-05 2 10642.364167690277
0.534 0 0.001892552084941313 2 14714.08116197586
0.534 1 0.0003961510058874817 2 12459.978672027588
0.534 2 0.0003104656989315533 2 12433.219073534012
0.534 3 0.004264744077524701 2 13497.380882501602
0.534 4 0.0004941284927623223 2 12493.222234725952
0.536 0 0.002039125150688389 2 14285.703028917313
0.536 1 -2.276431099761561e-05 2 11633.052484989166
0.536 2 0.003711846994637746 2 12568.444658517838
0.536 3 0.0017708398124136892 2 12704.356815099716
0.536 4 3.438464544735651e-05 2 11766.538069486618
0.542 0 0.0006138060653074136 2 10015.006672143936
0.542 1 0.00010420446266896222 2 10019.613096237183
0.542 2 -1.504083686021858e-05 2 10071.043301820755
0.542 3 2.0595605131342294e-05 2 10142.025234222412
0.542 4 0.0005045463507602405 2 10284.978857040405
0.538 0 0.0012008018829948073 2 12385.18836760521
0.538 1 0.00024375039655492457 2 11116.457855701447
0.538 2 0.00027816341063058547 2 11106.616260766983
0.538 3 0.0015431372190784123 2 14523.574848413467
0.538 4 0.0004889848838163924 2 11238.090079069138
