0.1 0 1.0 2 7.200345993041992
0.1 1 1.0 2 7.894590377807617
0.1 2 1.0 2 7.679256439208984
0.1 3 1.0 2 7.401668310165405
0.1 4 1.0 2 7.3388426303863525
0.1 5 1.0 2 7.328007221221924
0.1 6 1.0 2 7.305776596069336
0.1 7 1.0 2 7.315086126327515
0.1 8 1.0 2 7.282872676849365
0.1 9 1.0 2 7.253302097320557
0.14 0 0.9286022516535728 2 7.886139869689941
0.14 1 1.0 2 10.562864303588867
0.14 2 1.0 2 9.8675377368927
0.14 3 1.0 2 10.063765287399292
0.14 4 1.0 2 9.844883680343628
0.14 5 1.0 2 9.979811191558838
0.14 6 1.0 2 9.98176383972168
0.14 7 1.0 2 9.824134588241577
0.14 8 1.0 2 9.815036535263062
0.14 9 1.0 2 9.913845539093018
0.12000000000000001 0 0.8575159537539401 2 38.985620975494385
0.12000000000000001 1 1.0 2 8.271715879440308
0.12000000000000001 2 1.0 2 8.230111360549927
0.12000000000000001 3 1.0 2 8.310517311096191
0.12000000000000001 4 1.0 2 8.087219715118408
0.12000000000000001 5 1.0 2 8.156476974487305
0.12000000000000001 6 1.0 2 8.138220310211182
0.12000000000000001 7 1.0 2 8.270424842834473
0.12000000000000001 8 1.0 2 8.183748960494995
0.12000000000000001 9 1.0 2 8.212617874145508
0.16 0 1.0 2 15.244134902954102
0.16 1 1.0 2 16.73140263557434
0.16 2 1.0 2 16.765342712402344
0.16 3 1.0 2 16.49037790298462
0.16 4 1.0 2 16.351220846176147
0.16 5 1.0 2 16.405547618865967
0.16 6 1.0 2 16.44990301132202
0.16 7 1.0 2 16.547298669815063
0.16 8 1.0 2 16.42130947113037
0.16 9 1.0 2 18.566704034805298
0.2 0 0.8773072618436142 2 63.17755722999573
0.2 1 0.8773072618436142 2 62.80906057357788
0.2 2 0.8773072618436142 2 72.21371102333069
0.2 3 0.8773072618436142 2 72.52099871635437
0.2 4 0.8773072618436142 2 73.28065896034241
0.2 5 0.8773072618436142 2 80.26431131362915
0.2 6 0.8773072618436142 2 74.20710492134094
0.2 7 0.8773072618436142 2 74.93429803848267
0.2 8 0.8773072618436142 2 73.89818596839905
0.2 9 0.8773072618436142 2 74.19431662559509
0.18 0 0.9286022516535728 2 150.81020307540894
0.18 1 0.9286022516535728 2 173.61098289489746
0.18 2 0.9286022516535728 2 183.55885481834412
0.18 3 0.9286022516535728 2 179.3610737323761
0.18 4 0.9286022516535728 2 179.3757951259613
0.18 5 0.9286022516535728 2 162.30061626434326
0.18 6 0.9286022516535728 2 170.73759627342224
0.18 7 0.9286022516535728 2 184.37167620658875
0.18 8 0.9286022516535728 2 184.68080234527588
0.18 9 0.9286022516535728 2 184.64544367790222
0.26 0 0.510152038605472 2 123.54237389564514
0.26 1 0.510152038605472 2 111.14941787719727
0.26 2 0.510152038605472 2 108.11729216575623
0.26 3 0.510152038605472 2 131.82978439331055
0.26 4 0.510152038605472 2 126.58784699440002
0.26 5 0.510152038605472 2 127.95798182487488
0.26 6 0.510152038605472 2 127.46970534324646
0.26 7 0.510152038605472 2 127.457102060318
0.26 8 0.510152038605472 2 113.94542741775513
0.26 9 0.510152038605472 2 111.63683724403381
0.22 0 -0.0037842360103961642 2 190.72072076797485
0.22 1 -0.0037842360103961642 2 209.3688132762909
0.22 2 -0.0037842360103961642 2 220.5567924976349
0.22 3 -0.0037842360103961642 2 213.7910668849945
0.22 4 -0.0037842360103961642 2 191.29187440872192
0.22 5 -0.0037842360103961642 2 217.21643447875977
0.22 6 -0.0037842360103961642 2 221.0315020084381
0.22 7 -0.0037842360103961642 2 219.88104605674744
0.22 8 -0.0037842360103961642 2 200.32020330429077
0.22 9 -0.0037842360103961642 2 183.82019090652466
0.24000000000000002 0 0.03721806114882416 2 197.35240387916565
0.24000000000000002 1 0.03721806114882416 2 217.57968068122864
0.24000000000000002 2 0.03721806114882416 2 213.01261687278748
0.24000000000000002 3 0.03721806114882416 2 212.01436114311218
0.24000000000000002 4 0.03721806114882416 2 187.08574175834656
0.24000000000000002 5 0.03721806114882416 2 222.35144233703613
0.24000000000000002 6 0.03721806114882416 2 220.03364443778992
0.24000000000000002 7 0.03721806114882416 2 219.60147762298584
0.24000000000000002 8 0.03721806114882416 2 192.7661166191101
0.24000000000000002 9 0.03721806114882416 2 177.0624475479126
0.28 0 -0.001494090337105075 2 197.6447994709015
0.28 1 -0.001494090337105075 2 181.36997604370117
0.28 2 -0.001494090337105075 2 181.40370869636536
0.28 3 -0.001494090337105075 2 206.3027310371399
0.28 4 -0.001494090337105075 2 201.35065913200378
0.28 5 -0.001494090337105075 2 219.60537576675415
0.28 6 -0.001494090337105075 2 182.07264947891235
0.28 7 -0.001494090337105075 2 225.50544548034668
0.28 8 -0.001494090337105075 2 187.63794612884521
0.28 9 -0.001494090337105075 2 207.84893608093262
0.30000000000000004 0 0.04357507926063442 2 175.42133164405823
0.30000000000000004 1 0.04357507926063442 2 184.3804030418396
0.30000000000000004 2 0.04357507926063442 2 213.0680637359619
0.30000000000000004 3 0.04357507926063442 2 196.0575773715973
0.30000000000000004 4 0.04357507926063442 2 222.04005599021912
0.30000000000000004 5 0.04357507926063442 2 185.36196374893188
0.30000000000000004 6 0.04357507926063442 2 215.97779870033264
0.30000000000000004 7 0.04357507926063442 2 206.09119272232056
0.30000000000000004 8 0.04357507926063442 2 191.09993195533752
0.30000000000000004 9 0.04357507926063442 2 184.5681676864624
0.32 0 -0.006570244295899173 2 173.94010877609253
0.32 1 -0.006570244295899173 2 193.32923865318298
0.32 2 -0.006570244295899173 2 212.16035056114197
0.32 3 -0.006570244295899173 2 211.0095021724701
0.32 4 -0.006570244295899173 2 190.2945578098297
0.32 5 -0.006570244295899173 2 220.1707661151886
0.32 6 -0.006570244295899173 2 185.13406229019165
0.32 7 -0.006570244295899173 2 212.91380286216736
0.32 8 -0.006570244295899173 2 179.8464629650116
0.32 9 -0.006570244295899173 2 186.0209095478058
0.33999999999999997 0 0.009042105961629167 2 182.3468668460846
0.33999999999999997 1 0.009042105961629167 2 209.1428623199463
0.33999999999999997 2 0.009042105961629167 2 200.11936259269714
0.33999999999999997 3 0.009042105961629167 2 220.9858160018921
0.33999999999999997 4 0.009042105961629167 2 182.68089532852173
0.33999999999999997 5 0.009042105961629167 2 226.97357559204102
0.33999999999999997 6 0.009042105961629167 2 195.47785592079163
0.33999999999999997 7 0.009042105961629167 2 202.6029553413391
0.33999999999999997 8 0.009042105961629167 2 185.43695402145386
0.33999999999999997 9 0.009042105961629167 2 184.4355981349945
0.36 0 -7.296789450033938e-05 2 189.13471055030823
0.36 1 -7.296789450033938e-05 2 187.36283230781555
0.36 2 -7.296789450033938e-05 2 191.50852823257446
0.36 3 -7.296789450033938e-05 2 183.19417333602905
0.36 4 -7.296789450033938e-05 2 191.4440507888794
0.36 5 -7.296789450033938e-05 2 186.54374408721924
0.36 6 -7.296789450033938e-05 2 185.79193139076233
0.36 7 -7.296789450033938e-05 2 179.6682562828064
0.36 8 -7.296789450033938e-05 2 177.95234274864197
0.36 9 -7.296789450033938e-05 2 175.19693446159363
0.38 0 0.02292488653238303 2 188.74924111366272
0.38 1 0.02292488653238303 2 193.65631937980652
0.38 2 0.02292488653238303 2 182.53895592689514
0.38 3 0.02292488653238303 2 196.76374888420105
0.38 4 0.02292488653238303 2 191.62035608291626
0.38 5 0.02292488653238303 2 177.68789982795715
0.38 6 0.02292488653238303 2 182.43845558166504
0.38 7 0.02292488653238303 2 176.40700483322144
0.38 8 0.02292488653238303 2 176.11098337173462
0.38 9 0.02292488653238303 2 175.4575297832489
0.4 0 -0.006570244295899171 2 191.74884819984436
0.4 1 -0.006570244295899171 2 183.6839301586151
0.4 2 -0.006570244295899171 2 187.5052969455719
0.4 3 -0.006570244295899171 2 192.18580651283264
0.4 4 -0.006570244295899171 2 188.29000401496887
0.4 5 -0.006570244295899171 2 177.52396869659424
0.4 6 -0.006570244295899171 2 180.02179789543152
0.4 7 -0.006570244295899171 2 174.43348240852356
0.4 8 -0.006570244295899171 2 174.92700242996216
0.4 9 -0.006570244295899171 2 174.27336239814758
0.42000000000000004 0 0.004112119628495122 2 193.33347630500793
0.42000000000000004 1 0.004112119628495122 2 179.83305048942566
0.42000000000000004 2 0.004112119628495122 2 190.12628626823425
0.42000000000000004 3 0.004112119628495122 2 185.38517665863037
0.42000000000000004 4 0.004112119628495122 2 183.0328950881958
0.42000000000000004 5 0.004112119628495122 2 179.1263599395752
0.42000000000000004 6 0.004112119628495122 2 176.5898916721344
0.42000000000000004 7 0.004112119628495122 2 173.836101770401
0.42000000000000004 8 0.004112119628495122 2 173.6191041469574
0.42000000000000004 9 0.004112119628495122 2 173.84209632873535
0.5 0 0.0 2 211.1831316947937
0.5 1 0.0 2 229.19805932044983
0.45999999999999996 0 0.0 2 215.34113335609436
0.45999999999999996 1 0.0 2 228.7167513370514
0.48 0 0.0 2 225.01866507530212
0.48 1 0.0 2 226.33206272125244
0.44000000000000006 0 0.0 2 228.84477758407593
0.44000000000000006 1 0.0 2 223.88537192344666
0.52 0 0.0 2 204.70606875419617
0.52 1 0.0 2 206.68742084503174
0.54 0 0.0 2 206.73216462135315
0.54 1 0.0 2 207.75883769989014
0.56 0 0.0 2 205.8775293827057
0.56 1 0.0 2 205.31051683425903
0.58 0 0.0 2 207.47788548469543
0.58 1 0.0 2 207.90932250022888
0.6 0 0.0 2 206.94022607803345
0.6 1 0.0 2 206.77103853225708
0.62 0 0.0 2 206.98325085639954
0.62 1 0.0 2 206.15243101119995
0.64 0 0.0 2 206.60020852088928
0.64 1 0.0 2 205.8293149471283
0.66 0 0.0 2 208.1489908695221
0.66 1 0.0 2 207.3600525856018
0.6799999999999999 0 0.0 2 208.72854089736938
0.6799999999999999 1 0.0 2 209.12839484214783
0.7 0 0.0 2 206.58740258216858
0.7 1 0.0 2 207.1811683177948
0.72 0 0.0 2 205.7076494693756
0.72 1 0.0 2 205.3495602607727
0.74 0 0.0 2 207.10458755493164
0.74 1 0.0 2 207.67066884040833
0.76 0 0.0 2 205.84613752365112
0.76 1 0.0 2 206.12911987304688
0.78 0 0.0 2 206.20400762557983
0.78 1 0.0 2 207.1555893421173
0.8 0 0.0 2 205.83219122886658
0.8 1 0.0 2 206.76787614822388
0.82 0 0.0 2 207.73760724067688
0.82 1 0.0 2 207.81745862960815
0.9 0 0.0 2 9.557255268096924
0.9 1 0.0 2 9.887685775756836
0.88 0 0.0 2 17.61149311065674
0.88 1 0.0 2 17.645270586013794
0.94 0 0.0 2 6.845486402511597
0.94 1 0.0 2 6.71640157699585
0.92 0 0.0 2 7.705429315567017
0.92 1 0.0 2 7.691669464111328
0.96 0 0.0 2 6.2892677783966064
0.96 1 0.0 2 6.23213005065918
0.98 0 0.0 2 6.0444416999816895
0.98 1 0.0 2 5.964870452880859
1.0 0 0.0 2 5.317096948623657
1.0 1 0.0 2 5.366724252700806
0.84 0 0.0 2 205.92440390586853
0.84 1 0.0 2 202.86156105995178
0.86 0 0.0 2 206.2553267478943
0.86 1 0.0 2 203.57841157913208
