0.4 0 -0.00015824009023100705 2 0.7500102519989014
0.4 1 0.18545144087431223 2 0.5915515422821045
0.4 2 0.0005179056970778328 2 0.5713341236114502
0.4 3 0.19030039878330515 2 0.5802834033966064
0.4 4 0.15478145010007843 2 0.4885256290435791
0.4 5 0.20172778407899933 2 0.41466283798217773
0.4 6 0.08505376650901834 2 0.4261319637298584
0.4 7 -0.00048600120518878037 2 0.41127753257751465
0.4 8 -0.0004541115402756591 2 0.29561781883239746
0.4 9 0.17781664531434427 2 0.5033917427062988
0.402 0 -0.00044565679180778476 2 0.5646610260009766
0.402 1 -0.00015824009023100705 2 0.5549395084381104
0.402 2 0.1651675609550353 2 0.6809792518615723
0.402 3 0.09909538714747376 2 0.786247968673706
0.402 4 0.15478054745405304 2 0.5107364654541016
0.402 5 0.1954802768182424 2 0.5974812507629395
0.402 6 0.11160008883592948 2 0.45097827911376953
0.402 7 0.1437056142297861 2 0.49590611457824707
0.402 8 0.1513628026509387 2 0.6253962516784668
0.402 9 0.10536746105749144 2 0.5982308387756348
0.404 0 0.0027318252485423597 2 0.499431848526001
0.404 1 0.12307255596229115 2 0.8100790977478027
0.404 2 0.1828034815298743 2 0.559300422668457
0.404 3 -0.00024223831275970722 2 1.0432579517364502
0.404 4 0.09177789746089333 2 0.48026347160339355
0.404 5 0.17974691156121486 2 0.5166645050048828
0.404 6 0.14478076583292634 2 0.4876410961151123
0.404 7 0.13389740174445608 2 0.5040786266326904
0.404 8 0.0029160775707647137 2 0.6070349216461182
0.404 9 0.06723767794809361 2 0.5743980407714844
0.406 0 0.03019353924857116 2 0.8399178981781006
0.406 1 0.11332629753784679 2 0.48470020294189453
0.406 2 0.08160068889623846 2 0.6907608509063721
0.406 3 0.14880109076142733 2 0.49373340606689453
0.406 4 0.07799107367734752 2 0.5806155204772949
0.406 5 0.17698132127692914 2 0.42926788330078125
0.406 6 0.03547692618265305 2 0.5673658847808838
0.406 7 0.13860852797497297 2 0.5759224891662598
0.406 8 0.13635414086682907 2 0.610985517501831
0.406 9 0.02598055183946281 2 0.5574491024017334
0.40800000000000003 0 0.1134403546733548 2 0.618736743927002
0.40800000000000003 1 0.12725002855194828 2 0.6716644763946533
0.40800000000000003 2 0.1607630126713413 2 0.5431385040283203
0.40800000000000003 3 0.0024043746261416497 2 0.4882850646972656
0.40800000000000003 4 0.12796620391475969 2 0.5412020683288574
0.40800000000000003 5 0.10580578063982526 2 0.43244266510009766
0.40800000000000003 6 0.0894076029984703 2 0.7689192295074463
0.40800000000000003 7 -0.0004541115402756591 2 0.38709044456481934
0.40800000000000003 8 0.001215585033659565 2 0.45650339126586914
0.40800000000000003 9 0.14157116115980056 2 0.635258674621582
0.41000000000000003 0 0.13637868674445291 2 0.49994969367980957
0.41000000000000003 1 0.12523911246910735 2 0.6213653087615967
0.41000000000000003 2 0.08850535804708443 2 0.5149855613708496
0.41000000000000003 3 0.07666375603490069 2 0.49851155281066895
0.41000000000000003 4 0.0027318252485423597 2 0.4565694332122803
0.41000000000000003 5 0.1566832363418906 2 0.39447760581970215
0.41000000000000003 6 0.021613157009433084 2 0.7079415321350098
0.41000000000000003 7 0.11065483800470745 2 0.47481226921081543
0.41000000000000003 8 -0.0004541115402756591 2 0.328110933303833
0.41000000000000003 9 0.08665483104929465 2 0.7398190498352051
0.41400000000000003 0 0.0396876647899419 2 0.53558349609375
0.41400000000000003 1 0.06507389578324954 2 0.5415241718292236
0.41400000000000003 2 0.008154635291916335 2 0.6796483993530273
0.41400000000000003 3 0.03127523934779111 2 0.6508474349975586
0.41400000000000003 4 0.1020015086886932 2 0.6461405754089355
0.41400000000000003 5 0.0016561341827922393 2 0.5699052810668945
0.41400000000000003 6 0.13939644729304856 2 0.7481131553649902
0.41400000000000003 7 0.04085266608236593 2 0.6852931976318359
0.41400000000000003 8 0.07852314753664709 2 0.6604313850402832
0.41400000000000003 9 0.0916379119367264 2 0.6809942722320557
0.41200000000000003 0 -0.0003059717601386869 2 0.44177985191345215
0.41200000000000003 1 0.07044088796375567 2 0.5445120334625244
0.41200000000000003 2 0.10492388341039158 2 0.7371807098388672
0.41200000000000003 3 0.031908635223399776 2 0.68727707862854
0.41200000000000003 4 0.07180853225353007 2 0.7309126853942871
0.41200000000000003 5 0.08017343078076368 2 0.7651731967926025
0.41200000000000003 6 0.00648339770647277 2 0.5891759395599365
0.41200000000000003 7 0.13477158478163942 2 0.7445895671844482
0.41200000000000003 8 -0.00017408731715690942 2 0.6470839977264404
0.41200000000000003 9 0.17643072740760757 2 0.7731223106384277
0.41600000000000004 0 0.0003325926889835756 2 0.4998013973236084
0.41600000000000004 1 0.10816172661452432 2 0.5459253787994385
0.41600000000000004 2 0.023209235109518233 2 0.49648165702819824
0.41600000000000004 3 0.12852719618070788 2 0.4427058696746826
0.41600000000000004 4 0.028484954663390682 2 0.7119584083557129
0.41600000000000004 5 0.07232886772427974 2 0.5896866321563721
0.41600000000000004 6 0.011012583753666778 2 0.46517443656921387
0.41600000000000004 7 0.0027594530593025714 2 0.5196480751037598
0.41600000000000004 8 0.13487362191335875 2 0.5126175880432129
0.41600000000000004 9 0.08810640033565906 2 0.4657018184661865
0.41800000000000004 0 0.10216506660016629 2 0.8119962215423584
0.41800000000000004 1 0.10487890990597766 2 0.528048038482666
0.41800000000000004 2 0.03725550490913721 2 0.6685936450958252
0.41800000000000004 3 0.03344120038069749 2 0.5327036380767822
0.41800000000000004 4 -0.0003441454147291214 2 0.4496879577636719
0.41800000000000004 5 0.016639771374387886 2 0.700371503829956
0.41800000000000004 6 0.09726995522803389 2 0.558706521987915
0.41800000000000004 7 -0.0004536591464922734 2 0.5384871959686279
0.41800000000000004 8 0.0002047725696906514 2 0.50105881690979
0.41800000000000004 9 0.04769248388507202 2 0.5525224208831787
0.42000000000000004 0 0.05308138906010171 2 0.6281216144561768
0.42000000000000004 1 0.0607812197040469 2 0.5031921863555908
0.42000000000000004 2 0.08532855208106088 2 0.5426187515258789
0.42000000000000004 3 0.08370449341116372 2 0.4688138961791992
0.42000000000000004 4 0.09217489087837732 2 0.4807579517364502
0.42000000000000004 5 0.09224038963904964 2 0.553847074508667
0.42000000000000004 6 0.0014842422042847373 2 0.726726770401001
0.42000000000000004 7 0.09016500201189645 2 0.6005589962005615
0.42000000000000004 8 0.09193227081246205 2 0.6539373397827148
0.42000000000000004 9 0.08874715041163975 2 0.5687925815582275
0.42200000000000004 0 0.07945231962335551 2 0.5550734996795654
0.42200000000000004 1 0.0160670461361224 2 0.6270349025726318
0.42200000000000004 2 0.009425200727600488 2 0.502997636795044
0.42200000000000004 3 0.11358564293750267 2 0.4722886085510254
0.42200000000000004 4 0.0005713151935210676 2 0.9271750450134277
0.42200000000000004 5 0.00794248807277132 2 0.6311392784118652
0.42200000000000004 6 0.10493352283849423 2 0.7026927471160889
0.42200000000000004 7 0.10849618020261642 2 0.5345966815948486
0.42200000000000004 8 0.06980858375500801 2 0.5879940986633301
0.42200000000000004 9 0.04535732978876327 2 0.6823420524597168
0.42400000000000004 0 0.05425202200186798 2 0.662726640701294
0.42400000000000004 1 0.03160243196417925 2 0.8012082576751709
0.42400000000000004 2 0.11607782987313557 2 0.6062471866607666
0.42400000000000004 3 0.02335243485645347 2 0.6063957214355469
0.42400000000000004 4 0.04506882855305409 2 0.6353015899658203
0.42400000000000004 5 0.004880161161634402 2 0.7586855888366699
0.42400000000000004 6 0.0308709322428217 2 0.8260810375213623
0.42400000000000004 7 0.013343103608151453 2 0.7934896945953369
0.42400000000000004 8 0.033862461739548086 2 0.5710718631744385
0.42400000000000004 9 0.0002917736422097728 2 0.5703732967376709
0.42600000000000005 0 0.0027318252485423597 2 0.37105464935302734
0.42600000000000005 1 0.1266593476278582 2 0.5443811416625977
0.42600000000000005 2 0.06904666928047572 2 0.5780503749847412
0.42600000000000005 3 0.05291049400953114 2 0.5603423118591309
0.42600000000000005 4 0.055525821174822576 2 0.6411619186401367
0.42600000000000005 5 0.05872279627984221 2 0.6359925270080566
0.42600000000000005 6 0.08621419138222104 2 0.76979660987854
0.42600000000000005 7 0.0018713284836905496 2 0.846670389175415
0.42600000000000005 8 0.06143274411136406 2 0.566307544708252
0.42600000000000005 9 0.012198975376015709 2 0.6601426601409912
0.428 0 0.0013640349853286902 2 0.29712581634521484
0.428 1 0.03065479836878662 2 0.618232011795044
0.428 2 0.08546664058875691 2 0.6363804340362549
0.428 3 0.09091932419948998 2 0.661409854888916
0.428 4 0.004178128564282073 2 0.5896594524383545
0.428 5 0.004184958845428465 2 0.4367821216583252
0.428 6 0.010277808313208497 2 0.6094691753387451
0.428 7 0.03401874685195591 2 0.47142505645751953
0.428 8 -0.000220247771196508 2 0.5276081562042236
0.428 9 0.03425737474945987 2 0.4960672855377197
0.43 0 0.06079441486296153 2 0.630455732345581
0.43 1 0.02960673295549998 2 0.5013878345489502
0.43 2 0.0017721763993954515 2 0.4955618381500244
0.43 3 -0.00029568035659214474 2 0.5180449485778809
0.43 4 0.0068029748837820595 2 0.7413456439971924
0.43 5 0.06539656917792183 2 0.6126022338867188
0.43 6 0.07907996925949029 2 0.638434886932373
0.43 7 0.1144844791776494 2 0.4849710464477539
0.43 8 0.002218394043189474 2 0.389782190322876
0.43 9 0.035400058266077845 2 0.7135109901428223
0.432 0 0.0046204575501249704 2 0.35337138175964355
0.432 1 0.001364153492170262 2 0.37347960472106934
0.432 2 0.05144286676379921 2 0.7205231189727783
0.432 3 0.00010909807127444161 2 0.3858315944671631
0.432 4 0.02751855319798843 2 0.8216092586517334
0.432 5 0.09857103685239278 2 0.5951921939849854
0.432 6 0.0038830783585685267 2 0.9283215999603271
0.432 7 0.061795605161629706 2 0.8082950115203857
0.432 8 0.055017477331075836 2 0.710838794708252
0.432 9 0.034261314357956894 2 0.6554219722747803
0.434 0 0.0013039463002329492 2 0.5919973850250244
0.434 1 0.004779282258516878 2 0.5597004890441895
0.434 2 0.010125018739909146 2 0.8126051425933838
0.434 3 0.001364153492170262 2 0.6213774681091309
0.434 4 0.00194712870835487 2 0.6560370922088623
0.434 5 0.013504973515673771 2 1.0086164474487305
0.434 6 0.005874971379602888 2 0.8164637088775635
0.434 7 -0.00012767869212774788 2 0.6567296981811523
0.434 8 0.02579446849000786 2 0.7670519351959229
0.434 9 0.04046041057593957 2 0.7868666648864746
0.436 0 0.0014521869822013249 2 1.0495972633361816
0.436 1 0.0074320407222257445 2 0.6261003017425537
0.436 2 0.019269379187768266 2 0.7313165664672852
0.436 3 0.0007513326603378793 2 0.5630385875701904
0.436 4 0.0898493001611395 2 0.6482541561126709
0.436 5 -0.0002488589517573662 2 0.6164405345916748
0.436 6 0.005438184245524746 2 0.6928000450134277
0.436 7 0.006135634563034744 2 0.5990645885467529
0.436 8 0.11486920159707159 2 0.7498874664306641
0.436 9 0.06292606064513598 2 0.6133458614349365
0.438 0 0.021958812569046846 2 0.8057031631469727
0.438 1 0.027688030397989265 2 0.6808056831359863
0.438 2 0.08287133546329505 2 0.6280126571655273
0.438 3 0.0015745533902298725 2 0.6675066947937012
0.438 4 0.00043391812545198337 2 0.5412232875823975
0.438 5 0.06123611853242258 2 0.637643575668335
0.438 6 0.0024437765125057695 2 0.635230541229248
0.438 7 0.04691348312643459 2 0.7305920124053955
0.438 8 -2.203772856447784e-05 2 0.3987009525299072
0.438 9 0.0007513326603378793 2 0.4166388511657715
0.44 0 0.04294256970109167 2 0.5194272994995117
0.44 1 -0.00020815068088697624 2 0.6373453140258789
0.44 2 -0.0004490539638807804 2 0.33040690422058105
0.44 3 0.014024507210995551 2 0.758033037185669
0.44 4 0.009025192669742003 2 0.716378927230835
0.44 5 0.003098905844301841 2 0.6591756343841553
0.44 6 0.013279904019718283 2 0.605438232421875
0.44 7 0.0017721763993954515 2 0.3489675521850586
0.44 8 0.008027333126069094 2 0.656010627746582
0.44 9 0.027688652863842225 2 0.5921235084533691
0.442 0 0.014081244807452351 2 0.7020843029022217
0.442 1 0.0003729763755275219 2 0.46225738525390625
0.442 2 0.04073028809876432 2 0.6181538105010986
0.442 3 0.048974790812868534 2 0.9093222618103027
0.442 4 0.04140530566468632 2 0.5770611763000488
0.442 5 0.03932100974694837 2 0.5163092613220215
0.442 6 0.0018709634859312009 2 0.3156113624572754
0.442 7 0.006419178645166533 2 0.6521632671356201
0.442 8 0.00024960162870394785 2 0.5756192207336426
0.442 9 5.497425602099897e-05 2 0.7229433059692383
0.444 0 0.027830131667395928 2 0.6089355945587158
0.444 1 0.0013610156599447665 2 0.5566589832305908
0.444 2 0.05650152289592485 2 0.7772316932678223
0.444 3 0.018023354205680006 2 0.6186978816986084
0.444 4 0.00014192428998288287 2 0.41871070861816406
0.444 5 0.002659541865851104 2 0.6899683475494385
0.444 6 0.005700248010241284 2 0.6008467674255371
0.444 7 0.07930260581457477 2 0.42670345306396484
0.444 8 0.03487798916837732 2 0.6354780197143555
0.444 9 0.0645277195182275 2 0.7006542682647705
0.446 0 0.05820317354449072 2 0.49024343490600586
0.446 1 0.03680489917204625 2 0.5648524761199951
0.446 2 0.006727491692855622 2 0.6983890533447266
0.446 3 0.05244174071092934 2 0.4909322261810303
0.446 4 0.03027660976836617 2 0.5793704986572266
0.446 5 0.008869904764685436 2 0.5480339527130127
0.446 6 -0.00033009448107459977 2 0.5007517337799072
0.446 7 -9.843937087186623e-05 2 0.6053237915039062
0.446 8 0.002409519032156872 2 0.49367594718933105
0.446 9 0.07705427655560558 2 0.5507287979125977
0.448 0 0.0006948011127334852 2 0.5716671943664551
0.448 1 0.0019954524322032116 2 0.7274303436279297
0.448 2 0.031556754135500464 2 0.5333926677703857
0.448 3 0.028758300964928082 2 0.48859715461730957
0.448 4 0.00013148456330364238 2 0.5236129760742188
0.448 5 0.04971601133270581 2 0.5228712558746338
0.448 6 0.018873646138450814 2 0.7666311264038086
0.448 7 0.0003967772832518217 2 0.6850473880767822
0.448 8 0.0043052660486740495 2 0.8446249961853027
0.448 9 0.07939179882512135 2 0.619309663772583
0.45 0 0.040333308911626606 2 0.6335978507995605
0.45 1 0.022860469324407995 2 0.6160628795623779
0.45 2 0.05360947178808595 2 0.5674514770507812
0.45 3 0.06793911685371641 2 0.7356975078582764
0.45 4 0.002196396196641958 2 0.42812180519104004
0.45 5 -0.0002494807662403574 2 0.5964887142181396
0.45 6 0.05795787649765087 2 0.7019217014312744
0.45 7 -5.320883351201488e-05 2 0.5537047386169434
0.45 8 0.00010909807127444161 2 0.3801145553588867
0.45 9 -0.00015824009023100705 2 0.5101339817047119
0.452 0 0.0009933207535276628 2 0.5635533332824707
0.452 1 0.02559301995941201 2 0.6186063289642334
0.452 2 -0.0004536591464922734 2 0.5302791595458984
0.452 3 0.027659305127750857 2 0.8666372299194336
0.452 4 0.03749561206283207 2 0.8068335056304932
0.452 5 0.03488806490363014 2 0.8679711818695068
0.452 6 0.0012241089058103586 2 0.672931432723999
0.452 7 0.030485431097772332 2 0.6718604564666748
0.452 8 0.004156096615181452 2 0.7962131500244141
0.452 9 0.03418567516158053 2 0.6038742065429688
0.454 0 0.06881162449701385 2 0.5736293792724609
0.454 1 0.000634747346175302 2 0.7724144458770752
0.454 2 0.018970562732902433 2 0.6175429821014404
0.454 3 0.017967484979580322 2 0.7048928737640381
0.454 4 0.00036589654795349914 2 0.9977056980133057
0.454 5 0.0003589071063068685 2 0.7613654136657715
0.454 6 0.002196396196641958 2 0.5240778923034668
0.454 7 0.057497666150969025 2 0.848787784576416
0.454 8 0.01644122268940161 2 0.6971585750579834
0.454 9 0.0012296130244155924 2 0.7607178688049316
0.456 0 0.0022037607518577986 2 0.48053622245788574
0.456 1 0.0037426827114276145 2 0.48622775077819824
0.456 2 0.010093341650329529 2 0.5307021141052246
0.456 3 0.00021204170101922224 2 0.8270571231842041
0.456 4 0.024901307811399778 2 0.8606023788452148
0.456 5 0.004052348536540155 2 0.5414590835571289
0.456 6 -0.00039836324525806347 2 0.5461509227752686
0.456 7 0.0048942831991377455 2 0.5531244277954102
0.456 8 -0.0004348060427903749 2 0.5178015232086182
0.456 9 -0.0002791994157890702 2 0.6532342433929443
0.458 0 0.0021324832835259663 2 0.7195761203765869
0.458 1 0.0025989297091794355 2 0.5653648376464844
0.458 2 0.0027178978553822914 2 0.7716152667999268
0.458 3 -0.00022720917944266827 2 0.46862006187438965
0.458 4 -0.00023777674652993786 2 0.6951181888580322
0.458 5 -8.345696392825945e-05 2 0.7207024097442627
0.458 6 3.655773138220417e-05 2 0.5774233341217041
0.458 7 0.00019194707923305166 2 0.7560925483703613
0.458 8 0.035670276790028974 2 0.5082850456237793
0.458 9 0.046320924868045746 2 0.6425759792327881
0.46 0 0.026124743923804525 2 0.5973761081695557
0.46 1 0.044578674271090725 2 0.8189759254455566
0.46 2 0.0007513326603378793 2 0.5679326057434082
0.46 3 0.0005859550428298673 2 0.6846046447753906
0.46 4 0.008375029350183182 2 0.9333889484405518
0.46 5 -0.00014698271655218134 2 0.6975696086883545
0.46 6 0.027096427342808267 2 0.7019591331481934
0.46 7 0.055755667231015715 2 0.6024439334869385
0.46 8 0.002476730222465201 2 0.5568587779998779
0.46 9 0.0003359854666805485 2 0.5475175380706787
0.462 0 0.0109292520333359 2 0.8140554428100586
0.462 1 0.00017471862871241235 2 0.8086497783660889
0.462 2 0.0006670867468018376 2 0.7522151470184326
0.462 3 0.0009576659034308179 2 0.8667716979980469
0.462 4 -0.0002462027322744243 2 0.6638996601104736
0.462 5 0.008959842418143349 2 0.9223966598510742
0.462 6 0.05544784461025438 2 0.6144814491271973
0.462 7 0.008172286391329121 2 0.8331389427185059
0.462 8 0.0016129134257535757 2 0.6324489116668701
0.462 9 0.0013053535378291683 2 0.4889681339263916
0.464 0 -0.0005070236955516512 2 0.2640097141265869
0.464 1 0.00022810844038713096 2 0.6686043739318848
0.464 2 0.0008247395975017708 2 0.3031482696533203
0.464 3 0.003932400130500735 2 0.4613807201385498
0.464 4 0.012639986680892746 2 0.6016411781311035
0.464 5 0.0037856886070713218 2 0.8858869075775146
0.464 6 0.0013767766445894633 2 0.7212443351745605
0.464 7 0.01905485193284125 2 0.6728060245513916
0.464 8 0.0034413678536419257 2 0.8051702976226807
0.464 9 0.0004889064676335856 2 0.7660603523254395
0.466 0 0.03945151535379887 2 0.4937398433685303
0.466 1 -0.0004536591464922734 2 0.30100011825561523
0.466 2 0.004004451046492541 2 0.5701024532318115
0.466 3 0.0007364389167607785 2 0.5124478340148926
0.466 4 -0.0002137736311089364 2 0.5478978157043457
0.466 5 0.0007464666077810094 2 0.6040530204772949
0.466 6 0.0018709634859312009 2 0.34719347953796387
0.466 7 0.0181645310060464 2 0.5702660083770752
0.466 8 0.012559558242332828 2 0.42564845085144043
0.466 9 -0.00033009448107459977 2 0.4375736713409424
0.47000000000000003 0 0.001364153492170262 2 0.4552338123321533
0.47000000000000003 1 0.00029943211171221384 2 0.587540864944458
0.47000000000000003 2 0.004060037386948078 2 0.6015410423278809
0.47000000000000003 3 0.027124833679932063 2 0.7497079372406006
0.47000000000000003 4 0.015058450428049987 2 0.5612497329711914
0.47000000000000003 5 -0.00016843907147692132 2 0.47546839714050293
0.47000000000000003 6 0.033170531263571494 2 0.5719602108001709
0.47000000000000003 7 0.008161289586335777 2 0.37458014488220215
0.47000000000000003 8 0.006521349433370114 2 0.6987242698669434
0.47000000000000003 9 0.00483654321985733 2 0.4507870674133301
0.468 0 0.014459934730346456 2 0.9404623508453369
0.468 1 0.003563866815048574 2 0.577815055847168
0.468 2 -0.00023483697566145626 2 0.836550235748291
0.468 3 0.015571971248287967 2 0.5362846851348877
0.468 4 0.001763251859968192 2 0.4314157962799072
0.468 5 0.02848680084493158 2 0.47569823265075684
0.468 6 0.0005115150908737546 2 0.7505409717559814
0.468 7 -0.0004541115402756591 2 0.19307208061218262
0.468 8 0.00981641732644663 2 0.7466914653778076
0.468 9 0.0003636223988289305 2 0.43272972106933594
0.472 0 0.002146614593108864 2 0.3681371212005615
0.472 1 0.02523503401497084 2 0.9394104480743408
0.472 2 0.029524733403621002 2 0.8317999839782715
0.472 3 0.005338409183953086 2 0.7197344303131104
0.472 4 0.0006984528346256779 2 0.7258415222167969
0.472 5 -0.0004536591464922734 2 0.5465371608734131
0.472 6 0.011032509778198465 2 0.6209831237792969
0.472 7 -0.0004490539638807803 2 0.5510752201080322
0.472 8 0.005185899876956403 2 0.6965188980102539
0.472 9 0.00030849387852628494 2 0.34833836555480957
0.474 0 0.008618354374339986 2 0.6437382698059082
0.474 1 0.0035684720300697167 2 0.5978143215179443
0.474 2 0.0021170775738587775 2 0.6150698661804199
0.474 3 0.0056880156878350435 2 0.7353615760803223
0.474 4 0.006785843562722968 2 0.838435173034668
0.474 5 -0.0004304226802185808 2 0.5542182922363281
0.474 6 0.0060015849165464645 2 0.5972623825073242
0.474 7 0.009206114857275655 2 0.6324856281280518
0.474 8 -0.00020893404618287307 2 0.5993268489837646
0.474 9 0.0009614185765842196 2 0.6386575698852539
0.476 0 0.0009753257578091322 2 0.36950135231018066
0.476 1 0.002334022290364318 2 0.7538261413574219
0.476 2 0.019552727093872315 2 0.71592116355896
0.476 3 0.000627035803228602 2 0.65513014793396
0.476 4 0.008828793349199168 2 0.6446506977081299
0.476 5 0.01187926479543463 2 0.491290807723999
0.476 6 0.002048142162881843 2 0.6018457412719727
0.476 7 0.0019796578679292243 2 0.5545158386230469
0.476 8 0.0154477184006424 2 0.4490165710449219
0.476 9 0.0006747225134661512 2 0.43967461585998535
0.478 0 8.439818356471693e-05 2 0.5833213329315186
0.478 1 0.0004090265743258691 2 0.6373333930969238
0.478 2 0.0033074946522663635 2 0.6559820175170898
0.478 3 0.014637802306570134 2 0.9196946620941162
0.478 4 -0.0002341360069376489 2 0.5634241104125977
0.478 5 0.0023313302254536613 2 0.42127346992492676
0.478 6 0.001091915789681963 2 0.6678800582885742
0.478 7 0.016153114814064 2 0.5230021476745605
0.478 8 0.010325607383585443 2 0.5683813095092773
0.478 9 0.00478338435745911 2 0.6907343864440918
0.48 0 0.01228362031993002 2 0.6213357448577881
0.48 1 0.006860645642071613 2 0.5973000526428223
0.48 2 0.001940023138812451 2 0.4884657859802246
0.48 3 -0.0002146526481399734 2 0.635209321975708
0.48 4 0.0015563927284546425 2 0.5493581295013428
0.48 5 0.001144728038038735 2 0.42292332649230957
0.48 6 0.004571185419761828 2 0.5456042289733887
0.48 7 0.011760048700787696 2 0.6436474323272705
0.48 8 0.005749451931928818 2 0.5804038047790527
0.48 9 0.002880784243100579 2 0.7269289493560791
0.482 0 0.0013599443833481478 2 0.584263801574707
0.482 1 0.007582935008363465 2 0.5180292129516602
0.482 2 0.015278999269601677 2 0.5183453559875488
0.482 3 0.011307394287142069 2 0.6032094955444336
0.482 4 0.0001433585065941464 2 0.5537436008453369
0.482 5 0.0007743903400144304 2 0.39891624450683594
0.482 6 -0.00025402539531052944 2 0.72007155418396
0.482 7 0.004278040391881133 2 0.635526180267334
0.482 8 -1.769591645847398e-05 2 0.5793604850769043
0.482 9 0.0013254870764238362 2 0.8263976573944092
0.484 0 -0.00029197756611326815 2 0.521885871887207
0.484 1 -0.00021803748171524674 2 0.8519895076751709
0.484 2 0.0006082924508691739 2 0.5338354110717773
0.484 3 0.0008141149350377151 2 0.5912249088287354
0.484 4 0.0015074014736301856 2 0.4759407043457031
0.484 5 0.0012573110196812689 2 0.5304920673370361
0.484 6 -7.991216189517614e-05 2 0.5526807308197021
0.484 7 -0.00014649591596074916 2 0.6842532157897949
0.484 8 0.010529852503634998 2 0.46805357933044434
0.484 9 -0.00020907691450737541 2 0.5699717998504639
0.486 0 -0.0004541115402756591 2 0.4760725498199463
0.486 1 -0.00020947284179377595 2 0.5673947334289551
0.486 2 -6.153153181708466e-05 2 0.5372586250305176
0.486 3 0.0006045760886354035 2 0.5575277805328369
0.486 4 0.0026560318035404287 2 0.5818474292755127
0.486 5 0.004788868934028994 2 0.7894971370697021
0.486 6 0.001364153492170262 2 0.6984567642211914
0.486 7 0.0007238825276618913 2 0.6585292816162109
0.486 8 0.002848389158694491 2 0.6124272346496582
0.486 9 3.392049548713034e-05 2 0.688734769821167
0.488 0 -0.00024309944817175344 2 0.6032164096832275
0.488 1 -0.0004541115402756591 2 0.4416966438293457
0.488 2 0.0018570116523530145 2 0.5553994178771973
0.488 3 0.013191297857302367 2 0.5793371200561523
0.488 4 0.03470489521789916 2 0.5119926929473877
0.488 5 -0.00023270545060391653 2 0.6687657833099365
0.488 6 0.00018460815974925238 2 0.794440507888794
0.488 7 0.0021304820284148308 2 0.9528903961181641
0.488 8 -0.00010316397242972893 2 0.44038844108581543
0.488 9 -0.00029494465000357495 2 0.5743906497955322
0.49 0 -0.00030783074512062946 2 0.5662260055541992
0.49 1 0.0010313872588195731 2 0.9823801517486572
0.49 2 0.0032899352908616355 2 0.5029597282409668
0.49 3 0.0037654509048914717 2 0.5289416313171387
0.49 4 0.0051208316708867664 2 1.0052192211151123
0.49 5 0.010002058332661509 2 0.7686309814453125
0.49 6 0.0027088409927518834 2 0.6612184047698975
0.49 7 0.0010173412498737386 2 0.7465412616729736
0.49 8 0.016814261697911587 2 0.9997527599334717
0.49 9 -0.0002403340643029046 2 0.7645056247711182
0.492 0 0.006687164449166878 2 0.9649884700775146
0.492 1 0.0063313672090779686 2 0.8086729049682617
0.492 2 8.83091388190099e-05 2 0.6344497203826904
0.492 3 0.005759638716202356 2 0.8881933689117432
0.492 4 0.0019587481790529822 2 0.7472293376922607
0.492 5 0.005952869514038738 2 0.6823108196258545
0.492 6 0.0034069609148403082 2 0.548842191696167
0.492 7 0.004469313333693114 2 0.6276733875274658
0.492 8 0.009989780800179222 2 0.7254505157470703
0.492 9 0.0014646829338886343 2 0.6518969535827637
0.494 0 0.00027147752135483333 2 0.5268964767456055
0.494 1 0.001945867867441398 2 0.6903824806213379
0.494 2 0.0005970357022814295 2 0.7170720100402832
0.494 3 0.0016727386964877705 2 0.560157299041748
0.494 4 0.018707569664247595 2 0.5707852840423584
0.494 5 0.001310857441160311 2 0.5987977981567383
0.494 6 0.0026242654193961734 2 0.595156192779541
0.494 7 0.0017648947147479172 2 0.7129421234130859
0.494 8 -0.000259883111202719 2 0.4152185916900635
0.494 9 0.0048852130558557656 2 0.667036771774292
0.496 0 0.025806318162714136 2 0.4893953800201416
0.496 1 0.011735254777417456 2 0.6458024978637695
0.496 2 0.001341844643511102 2 0.6721322536468506
0.496 3 0.0007424843919666817 2 0.4522266387939453
0.496 4 -1.4395090359643931e-05 2 0.6010346412658691
0.496 5 -0.00020699879206950353 2 0.6341166496276855
0.496 6 0.00030849387852628505 2 0.3479619026184082
0.496 7 0.0019195995675262325 2 0.6003282070159912
0.496 8 0.006491154813157339 2 0.36931490898132324
0.496 9 -0.0002836057244798427 2 0.6206259727478027
0.498 0 -0.0001479046059361215 2 0.7791271209716797
0.498 1 0.0001276616909342086 2 0.6158299446105957
0.498 2 0.0022133705360863685 2 0.6014273166656494
0.498 3 0.006096714378631004 2 0.9997382164001465
0.498 4 0.0030688220863727663 2 0.4112110137939453
0.498 5 0.00618994263849247 2 0.5015347003936768
0.498 6 0.0064470809278068175 2 0.8579487800598145
0.498 7 0.00036362239882893057 2 0.7538433074951172
0.498 8 -0.00023591510121435754 2 0.710545539855957
0.498 9 0.0049407337376551905 2 0.5333447456359863
0.5 0 0.008515524996066198 2 0.7334129810333252
0.5 1 0.0018439429059546053 2 0.728515625
0.5 2 0.0005211394888138622 2 0.6736650466918945
0.5 3 0.002009483700974838 2 0.6652505397796631
0.5 4 0.00029208758429511073 2 0.5547676086425781
0.5 5 0.0003205209615576804 2 0.5426087379455566
0.5 6 -0.0001868777772688245 2 0.8284156322479248
0.5 7 0.008952381992444216 2 0.559079647064209
0.5 8 0.0002047725696906514 2 0.609856367111206
0.5 9 0.01575166591323801 2 0.6280949115753174
0.502 0 -7.093643309648542e-05 2 0.837700366973877
0.502 1 0.0002605297273789346 2 0.4663987159729004
0.502 2 1.18484957311185e-05 2 0.5667209625244141
0.502 3 -6.738064146352787e-05 2 0.5639674663543701
0.502 4 0.00018603125200608437 2 0.5568318367004395
0.502 5 -0.0002089696728750674 2 0.563962459564209
0.502 6 0.00427103319659723 2 0.6367058753967285
0.502 7 0.005184998402713143 2 0.41582512855529785
0.502 8 0.007196095161859538 2 0.709068775177002
0.502 9 0.00949769771004939 2 0.7107353210449219
0.504 0 0.0012488484471137869 2 0.5061244964599609
0.504 1 -0.00023992911895413718 2 1.1341440677642822
0.504 2 0.0022474989589652827 2 0.5024130344390869
0.504 3 5.700944734113028e-05 2 0.4812173843383789
0.504 4 0.0006269305769975412 2 0.5132238864898682
0.504 5 0.004448864240621736 2 0.5431621074676514
0.504 6 0.0050752283752397535 2 1.0408689975738525
0.504 7 -0.00021268006928813505 2 0.6021568775177002
0.504 8 0.007219074305133918 2 0.5640935897827148
0.504 9 0.0042414806230775415 2 0.5723974704742432
0.506 0 0.007204281687108539 2 0.6677179336547852
0.506 1 0.021865364729338022 2 0.532355546951294
0.506 2 0.0024266917184996902 2 0.8102660179138184
0.506 3 0.000856428481026544 2 0.9245724678039551
0.506 4 0.0027845522168496724 2 0.646697998046875
0.506 5 0.0009206739809741246 2 0.48757481575012207
0.506 6 0.001336271377785021 2 0.5419905185699463
0.506 7 -0.0001948066300185977 2 0.5552656650543213
0.506 8 -0.0004541115402756591 2 0.27031469345092773
0.506 9 0.0007654745788391337 2 0.5364067554473877
0.508 0 -0.00015320732233799482 2 0.5971279144287109
0.508 1 -0.00039741855811279553 2 0.6260643005371094
0.508 2 -0.00018665296307530005 2 0.46607518196105957
0.508 3 0.021375870039624323 2 0.8904857635498047
0.508 4 -0.0002173017920553184 2 0.8244020938873291
0.508 5 0.022376318831143018 2 1.1994800567626953
0.508 6 0.01240251754768593 2 0.6426656246185303
0.508 7 -0.00015852282044810976 2 0.6834239959716797
0.508 8 -3.477788813341552e-05 2 0.4987001419067383
0.508 9 0.0004734280651311983 2 0.6972959041595459
0.51 0 -0.00011692320519513987 2 0.46673011779785156
0.51 1 9.634195994011719e-05 2 0.645606517791748
0.51 2 0.001017341249873738 2 0.739976167678833
0.51 3 0.007621192385732356 2 0.8705615997314453
0.51 4 0.00026624253832869876 2 0.5068683624267578
0.51 5 0.0007205931929050668 2 0.4643888473510742
0.51 6 0.0004723555428880502 2 0.6356141567230225
0.51 7 0.00684697897313303 2 0.632906436920166
0.51 8 -0.0001949296116500748 2 0.5567922592163086
0.51 9 0.004242228461360403 2 0.7144801616668701
0.512 0 -0.0005298863840594478 2 0.3619871139526367
0.512 1 0.002784969425851533 2 0.6685090065002441
0.512 2 0.0029952640832355566 2 0.5144188404083252
0.512 3 -0.00022013086640808432 2 0.6512932777404785
0.512 4 0.02572530972774126 2 0.547642707824707
0.512 5 0.0065796826573988635 2 0.6921083927154541
0.512 6 0.0004999100421389965 2 0.6386234760284424
0.512 7 0.007646083752361892 2 0.6676044464111328
0.512 8 0.0012905185481748233 2 0.4770989418029785
0.512 9 0.0036062637069140834 2 0.49260830879211426
0.514 0 -0.0004541115402756591 2 0.26481056213378906
0.514 1 -6.58129137014308e-05 2 0.5973539352416992
0.514 2 -0.00015833994824575271 2 0.30405497550964355
0.514 3 0.0011918491217132393 2 0.5604615211486816
0.514 4 -5.315027542053295e-05 2 0.5925037860870361
0.514 5 0.0091890539210671 2 0.7019455432891846
0.514 6 0.0008800987593698238 2 0.7979748249053955
0.514 7 0.004922321879059594 2 0.7482223510742188
0.514 8 0.0036740943357914274 2 0.6692721843719482
0.514 9 0.00021985639727355738 2 0.44213366508483887
0.516 0 0.004393407884700581 2 0.7114877700805664
0.516 1 0.0004327432179923556 2 0.8790874481201172
0.516 2 0.0024912489449345665 2 0.6161935329437256
0.516 3 0.0010552962480287083 2 0.7311432361602783
0.516 4 -0.00018462118414635533 2 0.48531413078308105
0.516 5 0.0012380771619906442 2 0.4632899761199951
0.516 6 0.00035553855573067965 2 0.8390398025512695
0.516 7 0.0028496836880778703 2 0.4666013717651367
0.516 8 0.0018338403641252555 2 0.49037766456604004
0.516 9 0.0013549503826973707 2 0.619652271270752
0.518 0 0.0006746801501524269 2 1.1533312797546387
0.518 1 0.0017788486008638363 2 0.6654245853424072
0.518 2 -0.0004473107480132344 2 0.5032789707183838
0.518 3 -0.0004476830322701503 2 0.27217674255371094
0.518 4 0.008951033112996032 2 0.7041585445404053
0.518 5 0.0010936454762400583 2 0.34703588485717773
0.518 6 0.0009669174742241889 2 0.42008304595947266
0.518 7 0.00045172379471828175 2 0.5847389698028564
0.518 8 -0.0005298863840594478 2 0.38608217239379883
0.518 9 0.0009210228486521122 2 0.9542191028594971
0.52 0 0.0007674041992333015 2 0.4967949390411377
0.52 1 -0.0005768202084247358 2 0.39417004585266113
0.52 2 0.0010736711287086362 2 0.6778707504272461
0.52 3 0.0006321505775624787 2 0.9734225273132324
0.52 4 -1.0759328585643085e-05 2 0.6182067394256592
0.52 5 0.005277286595211015 2 0.6756341457366943
0.52 6 0.004459566103147657 2 0.7178177833557129
0.52 7 -0.0004536591464922734 2 0.595024824142456
0.52 8 0.0017626261195105662 2 0.8525431156158447
0.52 9 0.012698600140277162 2 0.44812583923339844
0.522 0 0.009506015615448116 2 0.8683352470397949
0.522 1 0.0015260046005129049 2 0.8133041858673096
0.522 2 0.017723892354052258 2 0.7957384586334229
0.522 3 0.0008950277437403552 2 0.5534379482269287
0.522 4 0.0003636223988289305 2 0.7435555458068848
0.522 5 0.01157557931626591 2 0.7160027027130127
0.522 6 0.0011844705960668276 2 0.5367574691772461
0.522 7 0.00027525290632682595 2 0.26799964904785156
0.522 8 0.0005316130413195967 2 1.1808562278747559
0.522 9 0.0012807294571321778 2 0.9121832847595215
0.524 0 0.0008048407929418337 2 0.7785646915435791
0.524 1 -0.00022763007738555403 2 0.6881532669067383
0.524 2 0.00023124835274727142 2 0.42310500144958496
0.524 3 0.0007162647561626389 2 0.48558831214904785
0.524 4 -5.6685664030253835e-05 2 0.5329544544219971
0.524 5 0.000841414725398945 2 0.6182787418365479
0.524 6 0.0009630891127109159 2 0.5763223171234131
0.524 7 0.00272225463596036 2 0.614304780960083
0.524 8 0.009812541908293311 2 0.5097768306732178
0.524 9 0.0006423229763236546 2 0.42154884338378906
0.526 0 -0.00019524602998366328 2 0.6164979934692383
0.526 1 0.001393298960428397 2 0.619725227355957
0.526 2 -0.00023533332823283965 2 0.5140135288238525
0.526 3 -0.0002063676090434395 2 0.5453755855560303
0.526 4 -0.00019447847619329553 2 0.6071269512176514
0.526 5 0.00027525290632682595 2 0.520709753036499
0.526 6 5.943084507618334e-05 2 0.5726542472839355
0.526 7 0.002314722474009395 2 0.6561827659606934
0.526 8 -6.395963880867932e-05 2 0.8015809059143066
0.526 9 0.0005139799917184761 2 0.481367826461792
0.528 0 0.0020362227634430205 2 1.0165526866912842
0.528 1 -5.872046053797587e-05 2 0.38518643379211426
0.528 2 0.0021975980598670174 2 0.5058150291442871
0.528 3 -0.00018827318855375093 2 0.5789430141448975
0.528 4 -7.189564492163526e-05 2 0.7037296295166016
0.528 5 0.0008447257415015448 2 0.35932493209838867
0.528 6 0.0006178640890592838 2 0.6205334663391113
0.528 7 0.0003535776338070657 2 0.817253589630127
0.528 8 0.0037047901580996682 2 0.8240110874176025
0.528 9 0.0009164963705664405 2 0.6504795551300049
0.53 0 0.00703418032698875 2 0.807736873626709
0.53 1 -0.0001581930021778145 2 0.8393175601959229
0.53 2 0.001364153492170262 2 0.23064303398132324
0.53 3 0.0014031250049335944 2 0.8810310363769531
0.53 4 0.00846316985150265 2 0.6063954830169678
0.53 5 0.0008814707418359639 2 0.9415392875671387
0.53 6 0.006563167230504187 2 0.5750219821929932
0.53 7 0.005619389948545181 2 0.7406156063079834
0.53 8 -0.00017777861120914733 2 0.7737903594970703
0.53 9 0.002854798777870125 2 0.497272253036499
0.532 0 0.007968918283706147 2 0.6694855690002441
0.532 1 0.004079537854013873 2 1.04500412940979
0.532 2 -2.203772856447784e-05 2 0.3947136402130127
0.532 3 0.00023016998116125184 2 0.5437405109405518
0.532 4 0.0017658258930888233 2 0.5389814376831055
0.532 5 -0.0004476830322701503 2 0.39142656326293945
0.532 6 0.0040370994915895015 2 0.7957093715667725
0.532 7 -0.0002598575072566733 2 0.5201582908630371
0.532 8 -0.00023009205609956287 2 0.7191658020019531
0.532 9 0.0023953002971178927 2 0.4646608829498291
0.534 0 -0.0002550646063116859 2 0.5316412448883057
0.534 1 -7.991216189517614e-05 2 0.39582109451293945
0.534 2 -0.0002192277308199629 2 0.48032236099243164
0.534 3 -0.00016744895555909688 2 0.8412415981292725
0.534 4 0.0007513326603378793 2 0.3855607509613037
0.534 5 -0.0001680493215248051 2 0.5987300872802734
0.534 6 0.0018124119450130937 2 0.39084506034851074
0.534 7 0.00046834014710491704 2 0.5708866119384766
0.534 8 0.014092045307899653 2 0.6435408592224121
0.534 9 0.0035081264978002666 2 0.5587007999420166
0.536 0 -0.00018679597968549263 2 0.7243804931640625
0.536 1 0.0038389520056150896 2 0.5509109497070312
0.536 2 -0.00010966704275917712 2 0.4518578052520752
0.536 3 0.0033834140893504823 2 0.4176928997039795
0.536 4 -0.0004541115402756591 2 0.2476646900177002
0.536 5 -8.386303981474756e-05 2 0.7195470333099365
0.536 6 -0.0002576645860334638 2 0.8482444286346436
0.536 7 0.0005717267461602793 2 0.721092939376831
0.536 8 0.007390805835444442 2 0.7309675216674805
0.536 9 0.0010578994581730342 2 0.7621068954467773
0.538 0 -0.0005070236955516512 2 0.31014275550842285
0.538 1 0.00012374813617325187 2 0.670773983001709
0.538 2 0.001630868321799325 2 0.8146154880523682
0.538 3 -0.000221095523701405 2 0.8562381267547607
0.538 4 0.0010092106442737964 2 0.65873122215271
0.538 5 -0.00023560026225837719 2 0.6604084968566895
0.538 6 -7.752417841049448e-05 2 0.6732487678527832
0.538 7 0.0019358872845727803 2 1.2713890075683594
0.538 8 0.0023034667072804613 2 0.7170991897583008
0.538 9 0.0012201927019345326 2 0.6332576274871826
0.54 0 0.0013789548207563944 2 0.9742903709411621
0.54 1 -0.0002377681807264597 2 0.7009291648864746
0.54 2 0.00196286001084114 2 0.6250686645507812
0.54 3 0.0012444248704470769 2 0.5381932258605957
0.54 4 -2.203772856447784e-05 2 0.42972564697265625
0.54 5 -0.0004473107480132344 2 0.45449113845825195
0.54 6 0.0003636223988289305 2 0.40819239616394043
0.54 7 -0.0002026547194449503 2 0.46750354766845703
0.54 8 0.0019684948819609733 2 0.6502015590667725
0.54 9 0.00013101800467601972 2 0.6276400089263916
0.542 0 -0.0001978868245914339 2 0.5668516159057617
0.542 1 0.019539935688934213 2 0.6035330295562744
0.542 2 -0.0004206600029018828 2 0.5082030296325684
0.542 3 0.000960390441607399 2 0.46408557891845703
0.542 4 0.002667864456033544 2 0.6350822448730469
0.542 5 0.00029208758429511073 2 0.42071104049682617
0.542 6 0.00032532447295142704 2 0.5581130981445312
0.542 7 0.003990757343210986 2 0.655686616897583
0.542 8 0.00014192428998288287 2 0.34814929962158203
0.542 9 0.006231460720846409 2 0.6163012981414795
0.544 0 0.0012388331892279445 2 0.6021175384521484
0.544 1 0.0008803399733395826 2 0.487807035446167
0.544 2 0.00043391812545198337 2 0.3816983699798584
0.544 3 0.00174989540076704 2 0.4198765754699707
0.544 4 -0.0002337437253683971 2 0.572096586227417
0.544 5 0.00923512804240015 2 0.5803556442260742
0.544 6 0.002569884263385942 2 0.7703831195831299
0.544 7 0.0006935839676668662 2 0.6032609939575195
0.544 8 0.001596196333966674 2 0.4172818660736084
0.544 9 0.006913047376526558 2 0.3669471740722656
0.546 0 0.001364153492170262 2 0.30121922492980957
0.546 1 0.001621806042137006 2 0.6506648063659668
0.546 2 0.00011249834966865423 2 0.6409549713134766
0.546 3 0.0038061216772980935 2 0.5542058944702148
0.546 4 0.0026865558958591505 2 0.6771280765533447
0.546 5 0.00022810844038713096 2 0.4451723098754883
0.546 6 -0.0001864327151573447 2 0.7117753028869629
0.546 7 -9.446771942641662e-05 2 0.4654116630554199
0.546 8 0.0021779258813830753 2 0.46291327476501465
0.546 9 0.001161255314927634 2 0.4660773277282715
0.548 0 0.0009924139112280667 2 0.6696276664733887
0.548 1 0.0019281263642613987 2 0.3866004943847656
0.548 2 0.004877128512775737 2 0.6229431629180908
0.548 3 8.692219308769772e-05 2 0.41643571853637695
0.548 4 0.002427922258722848 2 0.4873366355895996
0.548 5 0.003000720848251739 2 0.48117518424987793
0.548 6 0.0014338047926509582 2 0.5691473484039307
0.548 7 -0.00020228754189206597 2 0.7259054183959961
0.548 8 -0.0001978868245914339 2 0.38442564010620117
0.548 9 0.00046637474740087505 2 0.3640313148498535
0.55 0 0.00011655396720979752 2 0.3786652088165283
0.55 1 -0.00022081538867685014 2 0.5236988067626953
0.55 2 0.0021073507904868253 2 0.47330570220947266
0.55 3 0.0020553752039237554 2 0.2928812503814697
0.55 4 0.003660246630646865 2 0.673785924911499
0.55 5 0.001144858217891724 2 0.6335701942443848
0.55 6 -0.00023797280185571386 2 0.7822816371917725
0.55 7 0.0009686560808325738 2 0.4511721134185791
0.55 8 0.0010072410354515847 2 0.9984121322631836
0.55 9 0.0006104347582078161 2 0.34622883796691895
0.552 0 0.00038176222984836095 2 0.6754767894744873
0.552 1 0.0004380354986437557 2 0.540003776550293
0.552 2 0.00027423378086023154 2 0.7247869968414307
0.552 3 0.0019487522399729354 2 0.6082320213317871
0.552 4 0.002919105953480947 2 0.8796932697296143
0.552 5 0.0017409188974541537 2 0.9478368759155273
0.552 6 0.000766229033140744 2 0.6352548599243164
0.552 7 0.002053977488847485 2 0.8447329998016357
0.552 8 0.0025205679658709666 2 0.5740771293640137
0.552 9 0.0010842415975866647 2 0.7162871360778809
0.554 0 0.00510943341969925 2 1.0574226379394531
0.554 1 0.001506390936805203 2 0.7226271629333496
0.554 2 0.0010165598883612027 2 0.5442066192626953
0.554 3 0.004725465019638962 2 1.0353617668151855
0.554 4 -0.00020866495247292262 2 0.6499135494232178
0.554 5 0.0007608022507392575 2 0.708641767501831
0.554 6 -0.00022157187686104398 2 0.6611268520355225
0.554 7 0.0008096648115456583 2 0.6968505382537842
0.554 8 0.0033891866828082685 2 0.5665826797485352
0.554 9 0.008499456222187214 2 0.7338016033172607
0.556 0 -0.0002662630239679398 2 0.6113026142120361
0.556 1 0.0003636223988289305 2 0.37190961837768555
0.556 2 -0.00021605608664446808 2 0.6950101852416992
0.556 3 -0.00031644260782876015 2 0.6233124732971191
0.556 4 0.000393238102387111 2 0.7618255615234375
0.556 5 0.0038654437453058497 2 0.8261301517486572
0.556 6 -0.00023963999271099686 2 0.6321556568145752
0.556 7 0.0008643068405777271 2 0.6298825740814209
0.556 8 0.001364153492170262 2 0.24586963653564453
0.556 9 -3.765497567077757e-05 2 0.37680625915527344
0.558 0 -0.00047075675923460126 2 0.5146450996398926
0.558 1 0.000902585752134828 2 0.6166787147521973
0.558 2 -0.00021583750711899586 2 0.8799004554748535
0.558 3 3.097849217504198e-05 2 0.9692764282226562
0.558 4 -0.00045293037775219697 2 0.3614037036895752
0.558 5 0.0005307477312064423 2 0.5320146083831787
0.558 6 0.004659334777650049 2 0.6577656269073486
0.558 7 -3.884980260301907e-05 2 0.9497020244598389
0.558 8 0.009244915377655804 2 0.576979398727417
0.558 9 0.0035126039982575808 2 0.5572733879089355
0.56 0 0.00010909807127444154 2 0.3952643871307373
0.56 1 0.0007671680071549996 2 0.7040665149688721
0.56 2 0.0005635329166945321 2 0.6625709533691406
0.56 3 0.0006618742461014287 2 0.6491470336914062
0.56 4 0.012666932275276795 2 0.6124281883239746
0.56 5 -0.00024070918774933905 2 0.5476028919219971
0.56 6 0.002723945164754744 2 0.866175651550293
0.56 7 0.0004416422357541767 2 0.6342780590057373
0.56 8 0.000960390441607399 2 0.5966382026672363
0.56 9 0.010134981246554792 2 0.5978047847747803
0.562 0 -0.0001834725250612239 2 0.4817466735839844
0.562 1 0.0005256292613797844 2 0.878119945526123
0.562 2 0.00011655396720979752 2 0.48837995529174805
0.562 3 0.00031136136398484055 2 0.733736515045166
0.562 4 -0.00022500892718745955 2 0.581488847732544
0.562 5 0.0039774561020508945 2 0.6731135845184326
0.562 6 0.002327469298267946 2 0.8391339778900146
0.562 7 -0.00023599299550217825 2 0.7508904933929443
0.562 8 0.0002593391042735704 2 0.6350011825561523
0.562 9 0.0008655986522798225 2 0.7420101165771484
0.5640000000000001 0 -0.00010316397242972893 2 0.45810747146606445
0.5640000000000001 1 0.0010685249184990695 2 0.8791539669036865
0.5640000000000001 2 -0.0002201343309940648 2 0.9466850757598877
0.5640000000000001 3 0.0033874675692560823 2 0.8239333629608154
0.5640000000000001 4 -0.00015669932336134245 2 0.7552673816680908
0.5640000000000001 5 0.0008159083815114089 2 0.7063393592834473
0.5640000000000001 6 0.0042595256073236646 2 0.6477890014648438
0.5640000000000001 7 0.0025170008017219793 2 0.5657656192779541
0.5640000000000001 8 -8.210172074632905e-05 2 0.7322824001312256
0.5640000000000001 9 0.000382455195738121 2 1.0653831958770752
0.5660000000000001 0 0.0015260046005129049 2 0.7495384216308594
0.5660000000000001 1 0.0012292996275634555 2 0.6660366058349609
0.5660000000000001 2 -0.00023281110205852006 2 0.6321542263031006
0.5660000000000001 3 0.0007513326603378793 2 0.37221479415893555
0.5660000000000001 4 0.002702368776420552 2 0.29365062713623047
0.5660000000000001 5 -7.069510143405985e-05 2 0.8695635795593262
0.5660000000000001 6 0.0008555775977317883 2 0.6120090484619141
0.5660000000000001 7 -0.00021268006928813505 2 0.7651100158691406
0.5660000000000001 8 -0.0002695654382935917 2 0.4236762523651123
0.5660000000000001 9 -8.528713470309378e-05 2 0.4835972785949707
0.568 0 0.009928735275083716 2 0.7460873126983643
0.568 1 0.002145941408678364 2 0.6252789497375488
0.568 2 -0.00022492959536526082 2 1.0539131164550781
0.568 3 0.0027318252485423597 2 0.2458193302154541
0.568 4 -0.00023634389011696968 2 0.6447176933288574
0.568 5 0.0030741005846530735 2 0.6697099208831787
0.568 6 -0.0002471935947208634 2 0.46863436698913574
0.568 7 0.0005857758878806918 2 0.9493570327758789
0.568 8 0.0001645964200892698 2 0.762531042098999
0.568 9 0.00038315649494026054 2 0.5561566352844238
0.57 0 1.1782620874567145e-06 2 0.3698911666870117
0.57 1 0.003021369135731782 2 0.586392879486084
0.57 2 -0.00019445380322067682 2 0.5540025234222412
0.57 3 4.8228442976025774e-05 2 0.5790822505950928
0.57 4 0.00034026103959854717 2 0.7904129028320312
0.57 5 0.0006736482737990069 2 0.7155137062072754
0.57 6 0.0006790488471458564 2 0.6393544673919678
0.57 7 -0.0003365000373105452 2 0.5252394676208496
0.57 8 -0.00011016741567889185 2 0.777151346206665
0.57 9 0.001684020316792104 2 0.515385627746582
0.572 0 -0.0003984298038720341 2 0.4717390537261963
0.572 1 -0.00024085311123479012 2 0.46514344215393066
0.572 2 0.004301451849929062 2 0.7048392295837402
0.572 3 -0.00017729729225176148 2 0.5230157375335693
0.572 4 -0.00023404288608885928 2 0.5465238094329834
0.572 5 -3.4635186422973795e-05 2 0.46225690841674805
0.572 6 0.0006104347582078161 2 0.45511627197265625
0.572 7 0.00020022845816964236 2 0.6769402027130127
0.572 8 -0.0004541115402756591 2 0.5084004402160645
0.572 9 -0.000194886739751305 2 0.6812379360198975
0.574 0 -0.000240178514032478 2 0.5155494213104248
0.574 1 -0.0002598831112027193 2 0.7788736820220947
0.574 2 0.0015545536383060336 2 0.5231852531433105
0.574 3 -0.00017825589150638582 2 0.6035881042480469
0.574 4 -0.00023948112381914026 2 0.7290136814117432
0.574 5 0.001389924647866115 2 0.9640541076660156
0.574 6 -0.00020315797284308079 2 0.5639925003051758
0.574 7 0.00023540306375147572 2 0.9332530498504639
0.574 8 -0.00025458337603125725 2 0.444826602935791
0.574 9 0.0016539896351835163 2 0.5653009414672852
0.576 0 0.002009787527716607 2 0.6240122318267822
0.576 1 -7.235097690849917e-05 2 0.6062624454498291
0.576 2 0.0020027974974561116 2 0.6363174915313721
0.576 3 0.0010154720660640099 2 0.7032115459442139
0.576 4 0.0033248104140215728 2 0.8450126647949219
0.576 5 -0.00019445470370230361 2 0.7634768486022949
0.576 6 -0.00018644536950216406 2 0.6437387466430664
0.576 7 0.0034624886626886875 2 0.4970211982727051
0.576 8 -0.00022954020779283318 2 0.6887447834014893
0.576 9 0.004734436879180038 2 0.6157565116882324
0.578 0 0.0019185907981141678 2 0.6707260608673096
0.578 1 0.001164026579210185 2 0.7651238441467285
0.578 2 0.0041604158164049035 2 0.7435452938079834
0.578 3 -0.0001121829706310287 2 0.6408243179321289
0.578 4 0.0006317413503980217 2 0.7040610313415527
0.578 5 0.0001596479825401552 2 0.5613808631896973
0.578 6 -5.167997466031605e-06 2 0.8466286659240723
0.578 7 -0.00023966587090098665 2 0.6998252868652344
0.578 8 -0.0004541115402756591 2 0.48128819465637207
0.578 9 0.004666342481681656 2 0.3892827033996582
0.58 0 -0.0002316004879512807 2 0.6031811237335205
0.58 1 0.0013496020780493832 2 0.40168070793151855
0.58 2 0.006099908949446222 2 0.6464011669158936
0.58 3 -0.00023934844024106418 2 0.6306886672973633
0.58 4 -0.00025277141816533265 2 0.5035474300384521
0.58 5 0.003722838648846135 2 0.47803711891174316
0.58 6 0.00041073281397536435 2 0.551410436630249
0.58 7 0.002391679416405592 2 0.2978980541229248
0.58 8 0.000531152684754973 2 0.76534104347229
0.58 9 -0.00023487209064509886 2 0.5843100547790527
0.582 0 0.0016756775087879274 2 0.8199801445007324
0.582 1 0.0010929666294183763 2 0.5781888961791992
0.582 2 0.0003636223988289305 2 0.41140270233154297
0.582 3 0.0023882401099769787 2 0.46448493003845215
0.582 4 0.001602680491099349 2 0.5532486438751221
0.582 5 0.0010778756970125157 2 0.5852549076080322
0.582 6 0.001620817374255001 2 0.7346885204315186
0.582 7 -3.197737728806144e-05 2 0.4960346221923828
0.582 8 0.000158294290888901 2 0.8681938648223877
0.582 9 0.0019425194382374465 2 0.6646053791046143
0.584 0 0.0002477431315511795 2 0.5954334735870361
0.584 1 -0.00044471403805048016 2 0.316666841506958
0.584 2 0.0014186288230655585 2 0.4817922115325928
0.584 3 -6.392333580400884e-05 2 0.5579566955566406
0.584 4 -0.0002053482411459468 2 0.9217977523803711
0.584 5 0.0001576212576026334 2 0.6361455917358398
0.584 6 0.0013766062711080198 2 0.7632045745849609
0.584 7 8.85560822957082e-05 2 0.5499544143676758
0.584 8 0.0011201058181679342 2 0.402118444442749
0.584 9 3.2522744188740225e-05 2 0.4539511203765869
0.586 0 0.002774284414986942 2 0.4117581844329834
0.586 1 0.003488705457798886 2 0.7403428554534912
0.586 2 -0.0003141117143434855 2 0.46433448791503906
0.586 3 -7.991216189517614e-05 2 0.3561091423034668
0.586 4 -0.00024078264243170537 2 0.6124930381774902
0.586 5 0.001251678465658778 2 0.5284650325775146
0.586 6 -0.00023563329995876552 2 0.7984020709991455
0.586 7 0.00012225423100657476 2 0.5176131725311279
0.586 8 0.0018126782020514891 2 0.6189589500427246
0.586 9 0.0014359801672734881 2 0.6771786212921143
0.588 0 -0.00015824009023100705 2 0.43316149711608887
0.588 1 -0.0001652767365918617 2 0.7143783569335938
0.588 2 0.0008028096085539824 2 0.6478683948516846
0.588 3 0.004355305406180476 2 0.8147983551025391
0.588 4 -0.0001248338107973951 2 0.5770084857940674
0.588 5 0.00010682691787456941 2 0.7939636707305908
0.588 6 -0.00021257692604518625 2 0.6583621501922607
0.588 7 -9.539675822508681e-05 2 0.6390712261199951
0.588 8 0.0013519581836964225 2 0.4197812080383301
0.588 9 0.004231491115141372 2 0.6873929500579834
0.59 0 -9.516000774643501e-05 2 0.8027191162109375
0.59 1 0.0004466162158434776 2 0.99202561378479
0.59 2 0.0004100748693730768 2 0.9051303863525391
0.59 3 0.0006168871278752048 2 0.5204470157623291
0.59 4 -0.0004943038424061655 2 0.39908456802368164
0.59 5 0.0004522220760684589 2 0.6457853317260742
0.59 6 -0.0001872893373511394 2 0.7185695171356201
0.59 7 0.00046637474740087505 2 0.501873254776001
0.59 8 -0.00018728014263122233 2 0.6400506496429443
0.59 9 -7.871783418298278e-05 2 0.6884756088256836
0.592 0 0.0026269837278692066 2 0.6029188632965088
0.592 1 9.763202091528558e-05 2 0.8125622272491455
0.592 2 -0.00027672351049030214 2 0.579686164855957
0.592 3 6.596995846642376e-05 2 0.6155843734741211
0.592 4 0.001355318653411218 2 0.5099544525146484
0.592 5 0.0050205322299853505 2 0.6208329200744629
0.592 6 0.001683932502803619 2 0.7208354473114014
0.592 7 -0.00021103767778932878 2 0.8428473472595215
0.592 8 0.0021276576088077796 2 0.6667966842651367
0.592 9 -0.0003922747271991686 2 0.4527440071105957
0.594 0 0.0020330548604746528 2 0.5578389167785645
0.594 1 0.00015419782801707324 2 0.7330067157745361
0.594 2 0.0011765899587808252 2 0.9737594127655029
0.594 3 0.001060913261792018 2 0.6435930728912354
0.594 4 0.0008950277437403552 2 0.4289846420288086
0.594 5 -0.00032210166230382906 2 0.5245227813720703
0.594 6 -0.00016846924060566801 2 0.8185787200927734
0.594 7 0.004332376024692574 2 0.48276519775390625
0.594 8 -0.0004424668297277755 2 0.4333467483520508
0.594 9 0.0010824077568206128 2 0.43840503692626953
0.596 0 0.0030631893094052983 2 0.8961741924285889
0.596 1 -4.735467366579856e-05 2 1.036409854888916
0.596 2 -0.00022763007738555403 2 0.5160770416259766
0.596 3 0.00038735871540586386 2 0.519235372543335
0.596 4 3.137163268325466e-05 2 0.6211655139923096
0.596 5 0.002212745811354278 2 1.048058271408081
0.596 6 -0.00042357903103438724 2 0.5602221488952637
0.596 7 0.0009709999406996978 2 0.5277411937713623
0.596 8 0.0002551793439133902 2 0.47725677490234375
0.596 9 0.0008126927630696632 2 0.6635863780975342
0.598 0 0.0018220448544823086 2 0.5618021488189697
0.598 1 -0.0001951814027501245 2 0.6189796924591064
0.598 2 0.0007319582735416335 2 0.8331470489501953
0.598 3 0.00023629604743187634 2 0.49261999130249023
0.598 4 -3.5216907070949815e-05 2 0.5248384475708008
0.598 5 0.0007180171554573978 2 0.5812549591064453
0.598 6 -0.0002624961331361719 2 0.6606180667877197
0.598 7 0.002217216462252354 2 0.578026294708252
0.598 8 -0.0002967039389664227 2 0.5195300579071045
0.598 9 0.004566368069787204 2 0.6362230777740479
0.6 0 -0.00013894261511265759 2 0.6573343276977539
0.6 1 0.005867949937609679 2 0.5870180130004883
0.6 2 0.0026897749123826337 2 0.3717460632324219
0.6 3 -5.9622865412891054e-05 2 0.5269906520843506
0.6 4 -0.00023695974913475894 2 0.4593796730041504
0.6 5 -0.00023171111141744683 2 0.5727591514587402
0.6 6 0.0012572811801827564 2 0.5355217456817627
0.6 7 -3.950805768048291e-05 2 0.5451512336730957
0.6 8 0.0011606857304639494 2 0.4593932628631592
0.6 9 -0.00023639539440673874 2 0.8285620212554932
