0.1 0 0.9624487875865815 2 0.4356353282928467
0.1 1 0.7046497502722912 3 0.2995870113372803
0.1 2 0.7170063321757322 3 0.29371094703674316
0.1 3 0.6970391441359131 3 0.282501220703125
0.1 4 0.9705555519118167 2 0.2702672481536865
0.10800000000000001 0 0.6769368056004071 3 0.2634410858154297
0.10800000000000001 1 0.6744974051213818 3 0.3392159938812256
0.10800000000000001 2 0.9356073465740873 2 0.27767276763916016
0.10800000000000001 3 0.6262196767927862 3 0.32047057151794434
0.10800000000000001 4 0.9574143634000236 2 0.20162320137023926
0.116 0 0.9547188783881142 2 0.23712921142578125
0.116 1 0.6717419306121294 3 0.2821643352508545
0.116 2 0.94009993498655 2 0.2281811237335205
0.116 3 0.935352419036228 2 0.23360538482666016
0.116 4 0.9577728248381021 2 0.2945733070373535
0.124 0 0.9282010457606045 2 0.3506197929382324
0.124 1 0.6566793274709227 3 0.29241228103637695
0.124 2 0.9399157036217104 2 0.2292647361755371
0.124 3 0.937615553977909 2 0.22217655181884766
0.124 4 0.9287602866192813 2 0.23079705238342285
0.132 0 0.9376155539779091 2 0.32543301582336426
0.132 1 0.9329219241534902 2 0.29479360580444336
0.132 2 0.9399157036217105 2 0.23794341087341309
0.132 3 0.935352419036228 2 0.23530912399291992
0.132 4 0.9169927830545669 2 0.23794984817504883
0.14 0 0.9104703718425995 2 0.22394680976867676
0.14 1 0.9283115103892398 2 0.2209019660949707
0.14 2 0.9193145995300984 2 0.25864267349243164
0.14 3 0.91263425674436 2 0.29163384437561035
0.14 4 0.9062258844649831 2 0.2648732662200928
0.14800000000000002 0 0.5734313121284106 3 0.24380850791931152
0.14800000000000002 1 0.6371135190453185 3 0.29529833793640137
0.14800000000000002 2 0.6103727578198226 3 0.2794768810272217
0.14800000000000002 3 0.5688492709290075 3 0.23723769187927246
0.14800000000000002 4 0.6153098031632428 3 0.27440690994262695
0.156 0 0.5845813538025174 3 0.28862833976745605
0.156 1 0.4900295424329085 4 0.3095104694366455
0.156 2 0.8967456268662093 2 0.21178770065307617
0.156 3 0.8856869967207559 2 0.22767400741577148
0.156 4 0.49583054073890837 4 0.2692713737487793
0.164 0 0.8821164788433855 2 0.23111486434936523
0.164 1 0.8623021930373765 2 0.25348639488220215
0.164 2 0.8683384022381933 2 0.2383115291595459
0.164 3 0.8777544462047348 2 0.27942490577697754
0.164 4 0.8700669444857478 2 0.2628331184387207
0.17200000000000001 0 0.8819374287887684 2 0.25202035903930664
0.17200000000000001 1 0.8816215103412827 2 0.25647473335266113
0.17200000000000001 2 0.87219941995876 2 0.22764134407043457
0.17200000000000001 3 0.8585410549100893 2 0.22622036933898926
0.17200000000000001 4 0.5705687999156204 3 0.2829916477203369
0.18 0 0.8623507946393245 2 0.23957061767578125
0.18 1 0.48728659908730676 3 0.261796236038208
0.18 2 0.5682547096027073 3 0.308910608291626
0.18 3 0.8585410549100893 2 0.27679920196533203
0.18 4 0.8663498254843144 2 0.22803163528442383
0.188 0 0.8592985537153502 2 0.2498338222503662
0.188 1 0.8391454824919208 2 0.2853102684020996
0.188 2 0.8387998841599967 2 0.2692136764526367
0.188 3 0.5263771523802122 3 0.2794787883758545
0.188 4 0.8211880684439633 2 0.24086666107177734
0.196 0 0.831301585762421 2 0.2258150577545166
0.196 1 0.8303288011416805 2 0.2823753356933594
0.196 2 0.8439241170771375 2 0.25288939476013184
0.196 3 0.8157943645620434 2 0.23619675636291504
0.196 4 0.5554422972382183 3 0.2704744338989258
0.20400000000000001 0 0.7978160452718523 2 0.23740673065185547
0.20400000000000001 1 0.8131722175879824 2 0.24570536613464355
0.20400000000000001 2 0.7779074236184196 2 0.22208833694458008
0.20400000000000001 3 0.5139719361775115 3 0.2823929786682129
0.20400000000000001 4 0.7877649529336329 2 0.27596187591552734
0.21200000000000002 0 0.7957796301391432 2 0.2696547508239746
0.21200000000000002 1 0.786102426480116 2 0.2560610771179199
0.21200000000000002 2 0.8072387771782873 2 0.23286056518554688
0.21200000000000002 3 0.7909172407788204 2 0.22037100791931152
0.21200000000000002 4 0.796407004457445 2 0.22322487831115723
0.22 0 0.7653478314719454 2 0.23954486846923828
0.22 1 0.7510195394455492 2 0.21948814392089844
0.22 2 0.742160339366644 2 0.23900938034057617
0.22 3 0.49280798023823613 3 0.2770993709564209
0.22 4 0.5165383245277465 3 0.31267499923706055
0.228 0 0.7700155770263581 2 0.2076740264892578
0.228 1 0.7874137605998197 2 0.21165823936462402
0.228 2 0.4752851570227051 3 0.30413079261779785
0.228 3 0.44572661193684177 3 0.2715752124786377
0.228 4 0.7515751007697388 2 0.295574426651001
0.23600000000000002 0 0.32968444913858347 4 0.3584170341491699
0.23600000000000002 1 0.7079474625320752 2 0.23672008514404297
0.23600000000000002 2 0.7015360101734688 2 0.2890048027038574
0.23600000000000002 3 0.42555087011957254 3 0.3052031993865967
0.23600000000000002 4 0.737739796540584 2 0.2663304805755615
0.24400000000000002 0 0.4618697107215396 3 0.299818754196167
0.24400000000000002 1 0.42431173437534325 3 0.29663920402526855
0.24400000000000002 2 0.6968825144216663 2 0.24107098579406738
0.24400000000000002 3 0.7010340479383702 2 0.2475907802581787
0.24400000000000002 4 0.7038155911393367 2 0.24462509155273438
0.252 0 0.6818734432412945 2 0.2784411907196045
0.252 1 0.6957042400314253 2 0.2297530174255371
0.252 2 0.687502853735055 2 0.2568035125732422
0.252 3 0.3999098940648424 3 0.27385592460632324
0.252 4 0.6633093561924349 2 0.22719693183898926
0.26 0 0.6791909273826804 2 0.2462911605834961
0.26 1 0.6818228674982157 2 0.22718453407287598
0.26 2 0.6377413985454524 2 0.2514469623565674
0.26 3 0.4174992848094599 3 0.26398468017578125
0.26 4 0.6479136742860127 2 0.2409214973449707
0.268 0 0.6467658346731182 2 0.25798678398132324
0.268 1 0.6765595529555971 2 0.25239086151123047
0.268 2 0.6427599615578566 2 0.20826315879821777
0.268 3 0.39113314248869513 3 0.24344754219055176
0.268 4 0.6303154361405925 2 0.23667693138122559
0.276 0 0.6517637963746484 2 0.2611105442047119
0.276 1 0.6274518757769305 2 0.2929210662841797
0.276 2 0.3304285830373497 4 0.3492894172668457
0.276 3 0.6219130310300375 2 0.24485206604003906
0.276 4 0.5942511250128666 2 0.28325653076171875
0.28400000000000003 0 0.3798238333259024 3 0.33574986457824707
0.28400000000000003 1 0.6036689041149575 2 0.2509455680847168
0.28400000000000003 2 0.6001094465597049 2 0.24373507499694824
0.28400000000000003 3 0.37293917459751963 3 0.25046324729919434
0.28400000000000003 4 0.5820333207466518 2 0.27180004119873047
0.29200000000000004 0 0.5838983104852139 2 0.2736961841583252
0.29200000000000004 1 0.5860868652068867 2 0.2858128547668457
0.29200000000000004 2 0.3749685409396937 3 0.27216434478759766
0.29200000000000004 3 0.36121710471727625 3 0.3103938102722168
0.29200000000000004 4 0.5679046528954108 2 0.2605109214782715
0.30000000000000004 0 0.5769910535371858 2 0.23199868202209473
0.30000000000000004 1 0.5657636951815975 2 0.22540974617004395
0.30000000000000004 2 0.35329362163356054 3 0.30737781524658203
0.30000000000000004 3 0.5560026285070176 2 0.2420485019683838
0.30000000000000004 4 0.5439031588870568 2 0.2310640811920166
0.30800000000000005 0 0.3160332116178598 3 0.2714359760284424
0.30800000000000005 1 0.3124703900372303 3 0.28406453132629395
0.30800000000000005 2 0.3184209386057007 3 0.2571134567260742
0.30800000000000005 3 0.5459097361841573 2 0.2469024658203125
0.30800000000000005 4 0.5235423550928413 2 0.2113499641418457
0.316 0 0.3329923565059287 3 0.2989540100097656
0.316 1 0.32165099910294326 3 0.27922701835632324
0.316 2 0.4926785427907401 2 0.2569293975830078
0.316 3 0.5426325697815427 2 0.24515271186828613
0.316 4 0.5010684193726378 2 0.26262688636779785
0.324 0 0.474962118833069 2 0.23026514053344727
0.324 1 0.47461032629923106 2 0.26908087730407715
0.324 2 0.30692934387171433 3 0.31575560569763184
0.324 3 0.2861530913270942 3 0.296022891998291
0.324 4 0.5080834519456144 2 0.26412129402160645
0.332 0 0.45931592928995535 2 0.3113729953765869
0.332 1 0.43217247715196666 2 0.2716362476348877
0.332 2 0.27277394569438546 3 0.30934667587280273
0.332 3 0.3016065635504393 3 0.26288461685180664
0.332 4 0.2903355603069816 3 0.27183032035827637
0.33999999999999997 0 0.26688066489817114 3 0.27695131301879883
0.33999999999999997 1 0.3910805886841926 2 0.305020809173584
0.33999999999999997 2 0.26945216356517776 3 0.27751898765563965
0.33999999999999997 3 0.4256936184829035 2 0.22475934028625488
0.33999999999999997 4 0.4263674968801868 2 0.21836495399475098
0.348 0 0.42118569384757515 2 0.2337050437927246
0.348 1 0.4220738008380854 2 0.2293534278869629
0.348 2 0.4299383746122789 2 0.2242720127105713
0.348 3 0.4204604870345514 2 0.2506117820739746
0.348 4 0.4294030333335507 2 0.24571847915649414
0.356 0 0.3626540644565035 2 0.24746966361999512
0.356 1 0.3994613706571543 2 0.23605942726135254
0.356 2 0.4104634636263662 2 0.25132226943969727
0.356 3 0.21683752173691004 3 0.2700831890106201
0.356 4 0.37346216638704605 2 0.2587614059448242
0.364 0 0.22252905556171426 3 0.32459282875061035
0.364 1 0.3539052882066447 2 0.2533698081970215
0.364 2 0.3659249477076929 2 0.25231409072875977
0.364 3 0.38109937566387364 2 0.27331066131591797
0.364 4 0.42011437229254084 2 0.26437878608703613
0.372 0 0.3858600638065124 2 0.21889328956604004
0.372 1 0.3445550990586749 2 0.2703673839569092
0.372 2 0.33234057979634424 2 0.2370913028717041
0.372 3 0.20026841385559543 3 0.3310692310333252
0.372 4 0.21350304155775066 3 0.3151283264160156
0.38 0 0.22107172327565516 3 0.24998116493225098
0.38 1 0.31057421355046105 2 0.2904627323150635
0.38 2 0.3278625218057373 2 0.25270605087280273
0.38 3 0.21112298758641834 3 0.2814793586730957
0.38 4 0.3190329231650934 2 0.26528143882751465
0.388 0 0.30541246273628897 2 0.25941014289855957
0.388 1 0.30610174907868243 2 0.24322080612182617
0.388 2 0.3070073144658492 2 0.21872639656066895
0.388 3 0.30779365151375154 2 0.274904727935791
0.388 4 0.3229850630600539 2 0.258439302444458
0.396 0 0.25984443132252233 2 0.26308727264404297
0.396 1 0.2391078061478145 2 0.2184586524963379
0.396 2 0.25016814304722707 2 0.23928070068359375
0.396 3 0.2384345755846113 2 0.24922561645507812
0.396 4 0.21270889281732547 2 0.27045559883117676
0.404 0 0.16272562908106872 3 0.2839181423187256
0.404 1 0.24713363151176548 2 0.25008678436279297
0.404 2 0.23770109624733315 2 0.25359487533569336
0.404 3 0.22676198678138107 2 0.26271677017211914
0.404 4 0.2608991205356879 2 0.2761356830596924
0.41200000000000003 0 0.19294466888182873 2 0.2695753574371338
0.41200000000000003 1 0.23181323659914677 2 0.26651430130004883
0.41200000000000003 2 0.2577363800741986 2 0.24992918968200684
0.41200000000000003 3 0.13291821214346264 3 0.35872673988342285
0.41200000000000003 4 0.22848795108308886 2 0.2925434112548828
0.42000000000000004 0 0.19468001460258905 2 0.2552659511566162
0.42000000000000004 1 0.22028928634505854 2 0.37172627449035645
0.42000000000000004 2 0.14478666169673007 3 0.279865026473999
0.42000000000000004 3 0.19020246966434898 2 0.2705962657928467
0.42000000000000004 4 0.2223774918555709 2 0.24138355255126953
0.42800000000000005 0 0.14998798017387435 2 0.2843291759490967
0.42800000000000005 1 0.1832304992206103 2 0.2712836265563965
0.42800000000000005 2 0.19187466579224166 2 0.2488248348236084
0.42800000000000005 3 0.16895083076978162 2 0.2884047031402588
0.42800000000000005 4 0.20564018009745513 2 0.3039083480834961
0.43600000000000005 0 0.1718069322411914 2 0.29083824157714844
0.43600000000000005 1 0.1480444742997916 2 0.22496438026428223
0.43600000000000005 2 0.13764541207295425 2 0.27559399604797363
0.43600000000000005 3 0.06859516491257098 3 0.2867920398712158
0.43600000000000005 4 0.18665648857199552 2 0.24708914756774902
0.44400000000000006 0 0.029033331026291277 2 0.2418363094329834
0.44400000000000006 1 0.06438301335924125 4 0.33055996894836426
0.44400000000000006 2 0.1332238988626264 2 0.24477338790893555
0.44400000000000006 3 0.16245844037199492 2 0.2145998477935791
0.44400000000000006 4 0.09801941936144158 2 0.2052605152130127
0.45199999999999996 0 0.1263812480239222 2 0.23489785194396973
0.45199999999999996 1 0.07647470364609149 3 0.272815465927124
0.45199999999999996 2 0.10801815325426427 2 0.24773478507995605
0.45199999999999996 3 0.16623344757056877 2 0.3033144474029541
0.45199999999999996 4 0.09792570684078043 2 0.26898837089538574
0.45999999999999996 0 0.0024803287737341882 2 0.30124950408935547
0.45999999999999996 1 0.0 1 0.2308347225189209
0.45999999999999996 2 0.07663328342577215 3 0.2680535316467285
0.45999999999999996 3 0.0 1 0.2257857322692871
0.45999999999999996 4 0.07017534099442402 3 0.3475193977355957
0.46799999999999997 0 0.08589133366732452 2 0.28508830070495605
0.46799999999999997 1 0.10153958936272861 2 0.2597510814666748
0.46799999999999997 2 0.0 1 0.19363760948181152
0.46799999999999997 3 -0.0002290850156248764 2 0.26226234436035156
0.46799999999999997 4 0.10355772341991314 2 0.26931214332580566
0.476 0 0.0 1 0.2534141540527344
0.476 1 0.0825061332373334 2 0.23651933670043945
0.476 2 0.047499370942081204 3 0.27248668670654297
0.476 3 -0.00018644536950216428 2 0.2503082752227783
0.476 4 0.0 1 0.2348630428314209
0.484 0 0.0 1 0.22232651710510254
0.484 1 -0.00022497322004112316 2 0.2755303382873535
0.484 2 0.023406865693671137 2 0.2402329444885254
0.484 3 0.0 1 0.23241353034973145
0.484 4 0.04625670269297214 2 0.24059224128723145
0.492 0 0.01821194232572346 2 0.24587225914001465
0.492 1 0.0 1 0.25374841690063477
0.492 2 -0.00022913367685635587 2 0.24489498138427734
0.492 3 0.0 1 0.24093413352966309
0.492 4 0.0 1 0.26491761207580566
0.5 0 0.007584296548476099 2 0.25599193572998047
0.5 1 0.0 1 0.23654651641845703
0.5 2 0.0 1 0.2535536289215088
0.5 3 0.01176455427662342 2 0.2948625087738037
0.5 4 -0.00016846389344553816 2 0.23444414138793945
0.508 0 -0.000237754595405176 2 0.3164651393890381
0.508 1 0.0 1 0.21224308013916016
0.508 2 0.011739051062867099 2 0.2284243106842041
0.508 3 0.00019843379703666174 2 0.2887587547302246
0.508 4 0.0 1 0.21640658378601074
0.516 0 0.033652992553902035 2 0.24257922172546387
0.516 1 0.0 1 0.24616670608520508
0.516 2 0.00192290472346558 2 0.258617639541626
0.516 3 0.0 1 0.18823480606079102
0.516 4 0.0 1 0.20596003532409668
0.524 0 -5.5727081718298866e-05 2 0.28691983222961426
0.524 1 0.0 1 0.22876667976379395
0.524 2 0.0 1 0.22750568389892578
0.524 3 0.0 1 0.22926950454711914
0.524 4 0.0 1 0.20238494873046875
0.532 0 0.0003320801561299073 3 0.3037235736846924
0.532 1 0.000990670745119359 3 0.2556033134460449
0.532 2 -2.333134761252578e-05 2 0.24553179740905762
0.532 3 0.0 1 0.18543124198913574
0.532 4 0.04421676153880923 2 0.22811484336853027
0.54 0 0.006874113975646112 2 0.2442922592163086
0.54 1 0.003588349227836143 3 0.2920844554901123
0.54 2 0.0 1 0.22718358039855957
0.54 3 0.0 1 0.23067235946655273
0.54 4 0.0 1 0.3062863349914551
0.548 0 2.9402314164290232e-05 2 0.2995870113372803
0.548 1 0.03672040480939053 2 0.2597777843475342
0.548 2 0.0 1 0.24363946914672852
0.548 3 0.0 1 0.24213147163391113
0.548 4 0.0 1 0.24930644035339355
0.556 0 0.0 1 0.26700711250305176
0.556 1 0.0 1 0.23488855361938477
0.556 2 0.00014485570533063493 3 0.25452136993408203
0.556 3 0.0 1 0.2751030921936035
0.556 4 -9.920342985400572e-05 2 0.2552762031555176
0.5640000000000001 0 0.0 1 0.2757570743560791
0.5640000000000001 1 -0.00023934844024106389 2 0.22027111053466797
0.5640000000000001 2 -0.0002377607971256386 2 0.27607011795043945
0.5640000000000001 3 0.0 1 0.22413372993469238
0.5640000000000001 4 1.1017131250953075e-05 2 0.22560834884643555
0.5720000000000001 0 0.0 1 0.22234416007995605
0.5720000000000001 1 0.0 1 0.2534770965576172
0.5720000000000001 2 0.0 1 0.18052005767822266
0.5720000000000001 3 0.0 1 0.21944928169250488
0.5720000000000001 4 0.0 1 0.19254779815673828
0.58 0 0.0 1 0.26173973083496094
0.58 1 0.0 1 0.24589085578918457
0.58 2 -0.00022667932152386843 2 0.2791581153869629
0.58 3 -0.00021485959883828023 2 0.2389545440673828
0.58 4 0.0 1 0.2358567714691162
0.588 0 0.0 1 0.22002172470092773
0.588 1 0.0 1 0.23986005783081055
0.588 2 0.0 1 0.23819804191589355
0.588 3 0.0 1 0.24294281005859375
0.588 4 -0.00023777231583303033 2 0.27780938148498535
0.596 0 -0.0002146910130748719 2 0.24839496612548828
0.596 1 0.0 1 0.2186572551727295
0.596 2 4.813961785448613e-05 2 0.261122465133667
0.596 3 -0.00012483732861916864 2 0.2714529037475586
0.596 4 0.0 1 0.21930551528930664
0.604 0 0.0 1 0.23886322975158691
0.604 1 0.0 1 0.233778715133667
0.604 2 -0.0001479261384811092 2 0.2327585220336914
0.604 3 0.0 1 0.22873759269714355
0.604 4 -0.00023557179189513124 2 0.2636277675628662
0.612 0 -0.00022013086640808432 2 0.32006335258483887
0.612 1 0.0025349572029875938 2 0.2276003360748291
0.612 2 0.0 1 0.3210713863372803
0.612 3 0.0 1 0.23430299758911133
0.612 4 0.0 1 0.23409318923950195
0.62 0 0.00015647066997155905 2 0.25734686851501465
0.62 1 0.0 1 0.2036590576171875
0.62 2 0.0 1 0.27277660369873047
0.62 3 0.0 1 0.27400851249694824
0.62 4 0.0 1 0.20745277404785156
0.628 0 0.0 1 0.22292661666870117
0.628 1 -0.00023934465241699917 2 0.2618424892425537
0.628 2 0.0 1 0.287001371383667
0.628 3 -0.00022915002986931794 2 0.2269423007965088
0.628 4 4.810695619337977e-05 2 0.3274068832397461
0.636 0 0.0 1 0.2523167133331299
0.636 1 0.0 1 0.1842646598815918
0.636 2 -0.00021476812899790443 2 0.31017518043518066
0.636 3 0.000915767606117564 2 0.28240394592285156
0.636 4 0.0 1 0.25192809104919434
0.644 0 0.0003832830582151123 2 0.20300984382629395
0.644 1 0.0 1 0.2882697582244873
0.644 2 0.0 1 0.22938179969787598
0.644 3 0.0 1 0.21033930778503418
0.644 4 -0.00022493869198103998 2 0.2304999828338623
0.652 0 0.0 1 0.2180643081665039
0.652 1 -0.00011223074637197886 2 0.24289155006408691
0.652 2 0.0 1 0.24713492393493652
0.652 3 0.0 1 0.24370718002319336
0.652 4 0.0 1 0.18828940391540527
0.66 0 0.0 1 0.2718801498413086
0.66 1 -5.589955031041577e-05 2 0.2346658706665039
0.66 2 0.0 1 0.22066330909729004
0.66 3 0.0 1 0.2278454303741455
0.66 4 0.0 1 0.2043917179107666
0.668 0 0.0 1 0.22518086433410645
0.668 1 0.0 1 0.22287988662719727
0.668 2 0.0002503574748723536 2 0.2719690799713135
0.668 3 0.0 1 0.2397899627685547
0.668 4 0.0 1 0.21434783935546875
0.676 0 0.0 1 0.2400975227355957
0.676 1 0.0 1 0.2356090545654297
0.676 2 0.0 1 0.1992359161376953
0.676 3 0.0 1 0.26912665367126465
0.676 4 0.0 1 0.27272701263427734
0.6839999999999999 0 0.0 1 0.25309062004089355
0.6839999999999999 1 0.0 1 0.2711031436920166
0.6839999999999999 2 0.0 1 0.19305944442749023
0.6839999999999999 3 0.0 1 0.22150230407714844
0.6839999999999999 4 -7.097790139466871e-05 2 0.2811310291290283
0.692 0 0.0 1 0.23020529747009277
0.692 1 0.0 1 0.17703676223754883
0.692 2 -0.00014862076475549558 3 0.28209614753723145
0.692 3 0.0 1 0.25328636169433594
0.692 4 0.0 1 0.21496129035949707
0.7 0 0.0 1 0.21529698371887207
0.7 1 1.079907805910013e-05 2 0.3026585578918457
0.7 2 0.0 1 0.22707390785217285
0.7 3 -0.0002249585208213446 2 0.2480475902557373
0.7 4 -8.522836002256388e-05 2 0.2595534324645996
0.708 0 -0.0002147435226124346 2 0.2846832275390625
0.708 1 -0.00024063725276941887 2 0.23742413520812988
0.708 2 0.0006946998261131629 2 0.22553467750549316
0.708 3 0.0 1 0.22143030166625977
0.708 4 0.0 1 0.2443678379058838
0.716 0 0.0 1 0.22833490371704102
0.716 1 0.0 1 0.23804473876953125
0.716 2 0.0 1 0.24688100814819336
0.716 3 -2.3830247170636566e-05 2 0.24611377716064453
0.716 4 -3.9624128137009906e-05 2 0.31381678581237793
0.724 0 0.0 1 0.24095559120178223
0.724 1 0.0 1 0.1887035369873047
0.724 2 0.0 1 0.22017359733581543
0.724 3 0.0 1 0.29433536529541016
0.724 4 0.0 1 0.23866844177246094
0.732 0 0.0 1 0.22377896308898926
0.732 1 0.0 1 0.22147250175476074
0.732 2 0.0 1 0.20689010620117188
0.732 3 0.0 1 0.24827051162719727
0.732 4 -0.00024031133459678184 2 0.26520729064941406
0.74 0 -0.00012431406298120192 2 0.23610186576843262
0.74 1 -6.787516550755903e-06 2 0.31601524353027344
0.74 2 0.0 1 0.2656564712524414
0.74 3 0.0 1 0.21077680587768555
0.74 4 0.0 1 0.24817848205566406
0.748 0 0.0 1 0.2491147518157959
0.748 1 0.0 1 0.23793935775756836
0.748 2 0.0 1 0.19646048545837402
0.748 3 0.0002730909780708226 2 0.266585111618042
0.748 4 0.0 1 0.24761056900024414
0.756 0 0.0 1 0.2588064670562744
0.756 1 0.0 1 0.20577001571655273
0.756 2 0.0 1 0.18938589096069336
0.756 3 0.0 1 0.23495030403137207
0.756 4 -0.00022012173296704656 2 0.23668289184570312
0.764 0 0.0 1 0.25627875328063965
0.764 1 0.0 1 0.2573668956756592
0.764 2 0.0 1 0.2511725425720215
0.764 3 0.0 1 0.2432703971862793
0.764 4 -0.0002496881591613598 3 0.30694150924682617
0.772 0 0.0 1 0.257338285446167
0.772 1 0.0 1 0.2462444305419922
0.772 2 -0.00014794997914450403 2 0.28563404083251953
0.772 3 3.025593961758347e-05 2 0.27959275245666504
0.772 4 0.0 1 0.22155094146728516
0.78 0 0.0 1 0.2362210750579834
0.78 1 0.0 1 0.23388910293579102
0.78 2 0.0 1 0.2740797996520996
0.78 3 0.0 1 0.20466923713684082
0.78 4 -0.00020183627674887064 2 0.2352766990661621
0.788 0 0.0 1 0.22826147079467773
0.788 1 0.0 1 0.25203394889831543
0.788 2 0.0 1 0.21224737167358398
0.788 3 -0.00019452855401205392 2 0.2751634120941162
0.788 4 0.0 1 0.24537158012390137
0.796 0 -0.00020856883610928534 2 0.2585105895996094
0.796 1 0.0 1 0.25843119621276855
0.796 2 0.0 1 0.21471858024597168
0.796 3 0.0 1 0.22371220588684082
0.796 4 0.0 1 0.19870567321777344
0.8039999999999999 0 0.0 1 0.2234666347503662
0.8039999999999999 1 0.00044720247751827406 2 0.26877784729003906
0.8039999999999999 2 0.0002730909780708226 2 0.2622494697570801
0.8039999999999999 3 0.0 1 0.21693015098571777
0.8039999999999999 4 -0.00014786178637115144 2 0.2671990394592285
0.8119999999999999 0 0.0 1 0.2941570281982422
0.8119999999999999 1 0.0 1 0.24617552757263184
0.8119999999999999 2 0.0 1 0.2504756450653076
0.8119999999999999 3 0.0 1 0.2082831859588623
0.8119999999999999 4 0.0 1 0.24934864044189453
0.82 0 0.0 1 0.22865056991577148
0.82 1 0.0 1 0.254396915435791
0.82 2 -9.883105071269155e-05 2 0.25272035598754883
0.82 3 0.0 1 0.23703551292419434
0.82 4 0.0 1 0.2137765884399414
0.828 0 0.0 1 0.23499345779418945
0.828 1 0.0 1 0.25809288024902344
0.828 2 0.0 1 0.2258608341217041
0.828 3 0.0 1 0.20225000381469727
0.828 4 0.0 1 0.25599217414855957
0.836 0 0.0 1 0.21030044555664062
0.836 1 -0.00016847040260179762 2 0.28018975257873535
0.836 2 0.0 1 0.18111944198608398
0.836 3 0.0 1 0.22146248817443848
0.836 4 -0.00020184380604622139 2 0.25741076469421387
0.844 0 0.0 1 0.22260308265686035
0.844 1 0.0 1 0.23485636711120605
0.844 2 0.0 1 0.24645161628723145
0.844 3 -0.00022518882426560393 2 0.22351932525634766
0.844 4 0.0 1 0.24157476425170898
0.852 0 0.0 1 0.2275218963623047
0.852 1 0.0 1 0.2313988208770752
0.852 2 0.0 1 0.23255109786987305
0.852 3 0.0 1 0.26157355308532715
0.852 4 -2.383357680992101e-05 2 0.29792118072509766
0.86 0 0.0 1 0.24684405326843262
0.86 1 0.0 1 0.24311375617980957
0.86 2 0.0 1 0.23728299140930176
0.86 3 0.0 1 0.19349980354309082
0.86 4 0.0 1 0.20053791999816895
0.868 0 0.0 1 0.23003053665161133
0.868 1 0.0 1 0.23145484924316406
0.868 2 0.0 1 0.2941606044769287
0.868 3 -0.00014787149368711812 2 0.26677846908569336
0.868 4 0.0 1 0.2579612731933594
0.876 0 0.0 1 0.21329951286315918
0.876 1 -0.0002085873229480752 2 0.2888627052307129
0.876 2 0.0005296789651840475 2 0.26582837104797363
0.876 3 0.0 1 0.20884060859680176
0.876 4 0.0 1 0.25942158699035645
0.884 0 0.0 1 0.2529940605163574
0.884 1 0.0 1 0.21781539916992188
0.884 2 0.0 1 0.2912123203277588
0.884 3 0.0 1 0.2408430576324463
0.884 4 -0.00020186165222836963 2 0.21480441093444824
0.892 0 0.0 1 0.22380399703979492
0.892 1 4.80351327657068e-05 2 0.22740626335144043
0.892 2 0.0 1 0.2617921829223633
0.892 3 0.0 1 0.1828014850616455
0.892 4 0.0 1 0.2064046859741211
0.9 0 0.0 1 0.23313593864440918
0.9 1 0.0 1 0.24264264106750488
0.9 2 0.0 1 0.2361125946044922
0.9 3 0.0 1 0.2312159538269043
0.9 4 0.0 1 0.23468971252441406
