0.14 0 0.9286022516535728 2 0.304429292678833
0.14 1 0.9286022516535728 2 0.052132606506347656
0.14 2 1.0 2 0.04899024963378906
0.14 3 1.0 2 0.04909825325012207
0.14 4 1.0 2 0.05701160430908203
0.14 5 1.0 2 0.0510106086730957
0.14 6 1.0 2 0.049239158630371094
0.14 7 0.9286022516535728 2 0.04901432991027832
0.14 8 1.0 2 0.051991939544677734
0.14 9 0.9286022516535728 2 0.05901193618774414
0.14 10 0.8065446315451662 2 0.06701946258544922
0.14 11 0.9286022516535728 2 0.057109832763671875
0.14 12 1.0 2 0.057027578353881836
0.14 13 0.9286022516535728 2 0.05109214782714844
0.14 14 0.9286022516535728 2 0.0490114688873291
0.14 15 0.8773072618436142 2 0.057221174240112305
0.14 16 0.8773072618436142 2 0.04710030555725098
0.14 17 0.9286022516535728 2 0.0510096549987793
0.14 18 1.0 2 0.04611349105834961
0.14 19 1.0 2 0.052097320556640625
0.14 20 1.0 2 0.050011396408081055
0.14 21 1.0 2 0.048009634017944336
0.14 22 0.9286022516535728 2 0.05611300468444824
0.14 23 1.0 2 0.05505061149597168
0.14 24 0.8575159537539402 2 0.048995018005371094
0.14 25 0.8575159537539401 2 0.04901242256164551
0.14 26 1.0 2 0.06316924095153809
0.14 27 0.9286022516535728 2 0.051012277603149414
0.14 28 1.0 2 0.0820167064666748
0.14 29 1.0 2 0.0780184268951416
0.14 30 0.8575159537539402 2 0.052010536193847656
0.14 31 0.8575159537539402 2 0.0510106086730957
0.14 32 1.0 2 0.05900979042053223
0.14 33 1.0 2 0.04700899124145508
0.14 34 1.0 2 0.052010297775268555
0.14 35 0.9286022516535728 2 0.050011396408081055
0.14 36 0.9286022516535728 2 0.058010101318359375
0.14 37 1.0 2 0.051012277603149414
0.14 38 1.0 2 0.08401703834533691
0.14 39 1.0 2 0.06501388549804688
0.14 40 1.0 2 0.061014652252197266
0.14 41 0.9286022516535728 2 0.0690147876739502
0.14 42 0.9286022516535728 2 0.07701778411865234
0.14 43 1.0 2 0.07401537895202637
0.14 44 1.0 2 0.05701327323913574
0.14 45 1.0 2 0.06890201568603516
0.14 46 0.8335429056980596 2 0.08517026901245117
0.14 47 0.627097625990511 3 0.0780177116394043
0.14 48 1.0 2 0.052011728286743164
0.14 49 0.9286022516535728 2 0.05310368537902832
0.12000000000000001 0 1.0 2 0.2994377613067627
0.12000000000000001 1 1.0 2 0.05301618576049805
0.12000000000000001 2 1.0 2 0.049109697341918945
0.12000000000000001 3 0.9286022516535728 2 0.05699443817138672
0.12000000000000001 4 0.7535350117394466 3 0.08010077476501465
0.12000000000000001 5 1.0 2 0.04901432991027832
0.12000000000000001 6 0.9286022516535728 2 0.052011966705322266
0.12000000000000001 7 1.0 2 0.049010515213012695
0.12000000000000001 8 1.0 2 0.04999518394470215
0.12000000000000001 9 0.9286022516535728 2 0.062012672424316406
0.12000000000000001 10 0.9286022516535728 2 0.05800938606262207
0.12000000000000001 11 1.0 2 0.05301380157470703
0.12000000000000001 12 0.9286022516535728 2 0.05900716781616211
0.12000000000000001 13 1.0 2 0.04899263381958008
0.12000000000000001 14 0.9286022516535728 2 0.05101156234741211
0.12000000000000001 15 1.0 2 0.050218820571899414
0.12000000000000001 16 1.0 2 0.0489959716796875
0.12000000000000001 17 1.0 2 0.05599498748779297
0.12000000000000001 18 0.9286022516535728 2 0.06799745559692383
0.12000000000000001 19 1.0 2 0.052011966705322266
0.12000000000000001 20 1.0 2 0.05601310729980469
0.12000000000000001 21 1.0 2 0.04901266098022461
0.12000000000000001 22 1.0 2 0.0490109920501709
0.12000000000000001 23 1.0 2 0.0511322021484375
0.12000000000000001 24 0.9286022516535728 2 0.04899859428405762
0.12000000000000001 25 1.0 2 0.04901480674743652
0.12000000000000001 26 0.9286022516535728 2 0.06301569938659668
0.12000000000000001 27 1.0 2 0.05515623092651367
0.12000000000000001 28 1.0 2 0.06401348114013672
0.12000000000000001 29 1.0 2 0.08701944351196289
0.12000000000000001 30 0.9286022516535728 2 0.06001400947570801
0.12000000000000001 31 1.0 2 0.05082511901855469
0.12000000000000001 32 1.0 2 0.06112313270568848
0.12000000000000001 33 0.8575159537539402 2 0.0640106201171875
0.12000000000000001 34 1.0 2 0.05201292037963867
0.12000000000000001 35 1.0 2 0.05101132392883301
0.12000000000000001 36 0.8773072618436142 2 0.05801129341125488
0.12000000000000001 37 1.0 2 0.05901312828063965
0.12000000000000001 38 0.8575159537539402 2 0.08801770210266113
0.12000000000000001 39 0.6415622141759915 3 0.06701254844665527
0.12000000000000001 40 0.9286022516535728 2 0.0700688362121582
0.12000000000000001 41 0.8773072618436142 2 0.06501388549804688
0.12000000000000001 42 0.9286022516535728 2 0.06901335716247559
0.12000000000000001 43 1.0 2 0.05401492118835449
0.12000000000000001 44 1.0 2 0.08701968193054199
0.12000000000000001 45 0.8773072618436142 2 0.0650172233581543
0.12000000000000001 46 0.9286022516535728 2 0.056012868881225586
0.12000000000000001 47 0.9286022516535728 2 0.05001115798950195
0.12000000000000001 48 1.0 2 0.06501364707946777
0.12000000000000001 49 1.0 2 0.05401277542114258
0.1 0 1.0 2 0.31444358825683594
0.1 1 1.0 2 0.05113840103149414
0.1 2 1.0 2 0.052124738693237305
0.1 3 1.0 2 0.05099844932556152
0.1 4 0.9286022516535728 2 0.061013221740722656
0.1 5 1.0 2 0.051010847091674805
0.1 6 1.0 2 0.048139095306396484
0.1 7 1.0 2 0.051012516021728516
0.1 8 0.9286022516535728 2 0.04700922966003418
0.1 9 1.0 2 0.059012413024902344
0.1 10 0.9286022516535728 2 0.05514669418334961
0.1 11 1.0 2 0.06701803207397461
0.1 12 0.8773072618436142 2 0.05301237106323242
0.1 13 1.0 2 0.04908299446105957
0.1 14 1.0 2 0.04701066017150879
0.1 15 0.8575159537539401 2 0.047008514404296875
0.1 16 1.0 2 0.0511012077331543
0.1 17 0.9286022516535728 2 0.05301189422607422
0.1 18 1.0 2 0.07101559638977051
0.1 19 1.0 2 0.04701089859008789
0.1 20 1.0 2 0.0471186637878418
0.1 21 0.8773072618436142 2 0.05501198768615723
0.1 22 1.0 2 0.06612586975097656
0.1 23 1.0 2 0.05408763885498047
0.1 24 1.0 2 0.05999922752380371
0.1 25 0.9286022516535728 2 0.05801272392272949
0.1 26 1.0 2 0.06601238250732422
0.1 27 0.6976908689812422 3 0.06301188468933105
0.1 28 1.0 2 0.04799318313598633
0.1 29 0.9286022516535728 2 0.08211827278137207
0.1 30 0.9286022516535728 2 0.0630185604095459
0.1 31 1.0 2 0.05901336669921875
0.1 32 1.0 2 0.05400872230529785
0.1 33 1.0 2 0.06401467323303223
0.1 34 0.9286022516535728 2 0.058013916015625
0.1 35 0.9286022516535728 2 0.04901123046875
0.1 36 1.0 2 0.05501127243041992
0.1 37 0.9286022516535728 2 0.05099606513977051
0.1 38 1.0 2 0.09702515602111816
0.1 39 0.9286022516535728 2 0.06401324272155762
0.1 40 1.0 2 0.06906867027282715
0.1 41 1.0 2 0.0600123405456543
0.1 42 0.9286022516535728 2 0.07044553756713867
0.1 43 1.0 2 0.07700252532958984
0.1 44 1.0 2 0.08401894569396973
0.1 45 1.0 2 0.07601809501647949
0.1 46 0.6929615451729295 3 0.07501578330993652
0.1 47 0.9286022516535728 2 0.07201766967773438
0.1 48 0.9286022516535728 2 0.06701493263244629
0.1 49 0.9286022516535728 2 0.06301689147949219
0.16 0 0.7946207065282216 2 0.29018092155456543
0.16 1 0.9286022516535728 2 0.05719184875488281
0.16 2 0.8773072618436142 2 0.05108284950256348
0.16 3 0.8065446315451662 2 0.05029797554016113
0.16 4 1.0 2 0.05610537528991699
0.16 5 0.8575159537539402 2 0.050011396408081055
0.16 6 1.0 2 0.06021428108215332
0.16 7 0.8773072618436142 2 0.056012868881225586
0.16 8 1.0 2 0.062015533447265625
0.16 9 0.806544631545166 2 0.05196356773376465
0.16 10 0.9286022516535728 2 0.05301260948181152
0.16 11 0.9286022516535728 2 0.059053659439086914
0.16 12 0.8575159537539401 2 0.06801247596740723
0.16 13 0.8773072618436142 2 0.0630190372467041
0.16 14 0.8773072618436142 2 0.054123640060424805
0.16 15 0.9286022516535728 2 0.048012733459472656
0.16 16 0.9286022516535728 2 0.05401349067687988
0.16 17 1.0 2 0.05599713325500488
0.16 18 1.0 2 0.0510101318359375
0.16 19 1.0 2 0.05001187324523926
0.16 20 0.9286022516535728 2 0.053012847900390625
0.16 21 1.0 2 0.058141469955444336
0.16 22 0.9286022516535728 2 0.049170732498168945
0.16 23 1.0 2 0.05001020431518555
0.16 24 0.8575159537539401 2 0.05501103401184082
0.16 25 0.8773072618436142 2 0.05201268196105957
0.16 26 0.8335429056980596 2 0.06501555442810059
0.16 27 0.9286022516535728 2 0.04901266098022461
0.16 28 1.0 2 0.05299687385559082
0.16 29 0.9286022516535728 2 0.07001757621765137
0.16 30 0.9286022516535728 2 0.06301426887512207
0.16 31 1.0 2 0.0631711483001709
0.16 32 0.806544631545166 2 0.05813336372375488
0.16 33 1.0 2 0.06201314926147461
0.16 34 0.9286022516535728 2 0.051007747650146484
0.16 35 0.9286022516535728 2 0.05101180076599121
0.16 36 0.8065446315451662 2 0.04800987243652344
0.16 37 0.8773072618436142 2 0.05701470375061035
0.16 38 0.8575159537539402 2 0.12402915954589844
0.16 39 0.8773072618436142 2 0.062001705169677734
0.16 40 0.8773072618436142 2 0.06501555442810059
0.16 41 0.9286022516535728 2 0.0630197525024414
0.16 42 1.0 2 0.05700945854187012
0.16 43 1.0 2 0.07001662254333496
0.16 44 1.0 2 0.09602093696594238
0.16 45 0.8773072618436142 2 0.07201004028320312
0.16 46 0.9286022516535728 2 0.06301426887512207
0.16 47 1.0 2 0.06901764869689941
0.16 48 0.9286022516535728 2 0.06401371955871582
0.16 49 0.9286022516535728 2 0.05101323127746582
0.18 0 0.7245153084203911 2 0.05501246452331543
0.18 1 1.0 2 0.058012962341308594
0.18 2 0.9286022516535728 2 0.0490107536315918
0.18 3 0.8065446315451662 2 0.058014869689941406
0.18 4 0.8773072618436142 2 0.05201220512390137
0.18 5 1.0 2 0.05511331558227539
0.18 6 0.9286022516535728 2 0.05101180076599121
0.18 7 0.9286022516535728 2 0.05200982093811035
0.18 8 1.0 2 0.05100893974304199
0.18 9 0.8575159537539402 2 0.05000925064086914
0.18 10 0.8065446315451662 2 0.054500579833984375
0.18 11 0.8575159537539402 2 0.06301212310791016
0.18 12 0.9286022516535728 2 0.057013750076293945
0.18 13 1.0 2 0.055011749267578125
0.18 14 0.9286022516535728 2 0.05802631378173828
0.18 15 0.7245153084203911 2 0.055238962173461914
0.18 16 1.0 2 0.05001211166381836
0.18 17 0.9286022516535728 2 0.05201911926269531
0.18 18 0.6894791494633864 2 0.052524566650390625
0.18 19 0.763108324572318 2 0.05152440071105957
0.18 20 0.8773072618436142 2 0.04125261306762695
0.18 21 0.9286022516535728 2 0.07501769065856934
0.18 22 0.9286022516535728 2 0.03400778770446777
0.18 23 0.9286022516535728 2 0.06322002410888672
0.18 24 1.0 2 0.0510098934173584
0.18 25 0.9286022516535728 2 0.06039619445800781
0.18 26 0.6960116792679394 3 0.07279706001281738
0.18 27 0.8065446315451662 2 0.05000782012939453
0.18 28 0.8773072618436142 2 0.049015045166015625
0.18 29 0.6701392955273148 2 0.05186963081359863
0.18 30 1.0 2 0.04890275001525879
0.18 31 0.8575159537539401 2 0.04995155334472656
0.18 32 1.0 2 0.056737422943115234
0.18 33 0.8773072618436142 2 0.057985544204711914
0.18 34 0.763108324572318 2 0.061014652252197266
0.18 35 0.9286022516535728 2 0.05420708656311035
0.18 36 0.9286022516535728 2 0.07001352310180664
0.18 37 0.7128426776147976 2 0.11870169639587402
0.18 38 0.8575159537539402 2 0.07916069030761719
0.18 39 0.7559202555796879 2 0.06501507759094238
0.18 40 0.9286022516535728 2 0.06953763961791992
0.18 41 0.9286022516535728 2 0.07128763198852539
0.18 42 0.9286022516535728 2 0.05253911018371582
0.18 43 1.0 2 0.05401349067687988
0.18 44 0.9286022516535728 2 0.15911602973937988
0.18 45 1.0 2 0.05729174613952637
0.18 46 0.763108324572318 2 0.05703258514404297
0.18 47 1.0 2 0.05901288986206055
0.18 48 0.8575159537539401 2 0.06003832817077637
0.18 49 0.8773072618436142 2 0.06502771377563477
0.22 0 0.9286022516535728 2 0.07101917266845703
0.22 1 0.6572373895017843 2 0.051010847091674805
0.22 2 0.8773072618436142 2 0.07001614570617676
0.22 3 0.8575159537539401 2 0.07811641693115234
0.22 4 0.9286022516535728 2 0.04910540580749512
0.22 5 0.8065446315451662 2 0.0529942512512207
0.22 6 0.7128426776147976 2 0.05899548530578613
0.22 7 0.6746161775765513 2 0.04999685287475586
0.22 8 0.7631083245723179 2 0.051010847091674805
0.22 9 0.7592561769713603 2 0.05501103401184082
0.22 10 0.8575159537539402 2 0.054019927978515625
0.22 11 0.806544631545166 2 0.06101083755493164
0.22 12 0.6746161775765513 2 0.05601310729980469
0.22 13 0.8065446315451662 2 0.06134438514709473
0.22 14 0.8335429056980596 2 0.060089111328125
0.22 15 0.5948536586032955 2 0.053975582122802734
0.22 16 0.7631083245723179 2 0.05306243896484375
0.22 17 0.8065446315451662 2 0.055013179779052734
0.22 18 0.8065446315451662 2 0.049180030822753906
0.22 19 0.8773072618436142 2 0.19011330604553223
0.22 20 0.7946207065282216 2 0.03700995445251465
0.22 21 0.9286022516535728 2 0.06602597236633301
0.22 22 0.7245153084203911 2 0.0290067195892334
0.22 23 0.9286022516535728 2 0.05203962326049805
0.22 24 0.7559202555796879 2 0.05288410186767578
0.22 25 0.8065446315451662 2 0.05120515823364258
0.22 26 0.8773072618436142 2 0.050009727478027344
0.22 27 0.763108324572318 2 0.05056643486022949
0.22 28 0.9286022516535728 2 0.06138443946838379
0.22 29 0.9286022516535728 2 0.050011634826660156
0.22 30 0.8575159537539401 2 0.05601167678833008
0.22 31 0.9286022516535728 2 0.05065774917602539
0.22 32 0.6272831386244587 2 0.05524086952209473
0.22 33 0.7245153084203909 2 0.06101655960083008
0.22 34 0.8065446315451662 2 0.050539255142211914
0.22 35 0.6894791494633864 2 0.05552363395690918
0.22 36 0.8065446315451662 2 0.08701848983764648
0.22 37 0.9286022516535728 2 0.08101677894592285
0.22 38 0.8065446315451662 2 0.06901311874389648
0.22 39 0.9286022516535728 2 0.06201601028442383
0.22 40 0.7559202555796879 2 0.0783681869506836
0.22 41 0.7128426776147976 2 0.061020851135253906
0.22 42 0.806544631545166 2 0.07382869720458984
0.22 43 0.7128426776147976 2 0.07701706886291504
0.22 44 0.7592561769713603 2 0.06153440475463867
0.22 45 0.8335429056980596 2 0.06299304962158203
0.22 46 0.8773072618436142 2 0.07601714134216309
0.22 47 0.9286022516535728 2 0.06206560134887695
0.22 48 0.6746161775765515 2 0.05801105499267578
0.22 49 0.8773072618436142 2 0.06319785118103027
0.2 0 0.6894791494633864 2 0.056012630462646484
0.2 1 0.8575159537539402 2 0.05599832534790039
0.2 2 0.8575159537539402 2 0.07001471519470215
0.2 3 0.8335429056980596 2 0.055611371994018555
0.2 4 0.8773072618436142 2 0.05200910568237305
0.2 5 1.0 2 0.05501294136047363
0.2 6 0.9286022516535728 2 0.05801558494567871
0.2 7 0.9286022516535728 2 0.0580136775970459
0.2 8 0.7592561769713603 2 0.0490109920501709
0.2 9 0.8575159537539401 2 0.0580143928527832
0.2 10 0.7128426776147977 2 0.06312179565429688
0.2 11 0.806544631545166 2 0.06601452827453613
0.2 12 0.8065446315451662 2 0.056012868881225586
0.2 13 0.8575159537539401 2 0.0589902400970459
0.2 14 0.7128426776147976 2 0.04900336265563965
0.2 15 0.8773072618436142 2 0.05006241798400879
0.2 16 0.8773072618436142 2 0.06797432899475098
0.2 17 0.8575159537539402 2 0.05222272872924805
0.2 18 0.7245153084203911 2 0.04930305480957031
0.2 19 0.7468554827133226 3 0.09940195083618164
0.2 20 0.9286022516535728 2 0.07802104949951172
0.2 21 0.9286022516535728 2 0.0630197525024414
0.2 22 0.9286022516535728 2 0.06801462173461914
0.2 23 1.0 2 0.04902458190917969
0.2 24 0.5400317941493867 3 0.06801533699035645
0.2 25 0.806544631545166 2 0.056021690368652344
0.2 26 0.7631083245723179 2 0.05078458786010742
0.2 27 0.8575159537539402 2 0.05303049087524414
0.2 28 0.763108324572318 2 0.0590214729309082
0.2 29 0.7559202555796879 2 0.062014102935791016
0.2 30 0.8065446315451662 2 0.05205702781677246
0.2 31 0.9286022516535728 2 0.0733027458190918
0.2 32 0.9286022516535728 2 0.05187201499938965
0.2 33 0.8575159537539402 2 0.06501364707946777
0.2 34 0.8575159537539402 2 0.05901002883911133
0.2 35 0.763108324572318 2 0.05401277542114258
0.2 36 0.7559202555796879 2 0.07204246520996094
0.2 37 0.8575159537539402 2 0.08401632308959961
0.2 38 0.9286022516535728 2 0.06401491165161133
0.2 39 0.8773072618436142 2 0.07482337951660156
0.2 40 0.7946207065282216 2 0.0720529556274414
0.2 41 0.8575159537539402 2 0.0625004768371582
0.2 42 0.8065446315451662 2 0.07900094985961914
0.2 43 0.8065446315451662 2 0.0690164566040039
0.2 44 0.6894791494633864 2 0.05696821212768555
0.2 45 1.0 2 0.05713391304016113
0.2 46 0.6712312035290183 3 0.0789346694946289
0.2 47 0.7090934512311525 3 0.07004332542419434
0.2 48 0.8773072618436142 2 0.06508040428161621
0.2 49 1.0 2 0.06204485893249512
0.24000000000000002 0 0.9286022516535728 2 0.05922818183898926
0.24000000000000002 1 0.7245153084203909 2 0.062149763107299805
0.24000000000000002 2 0.4388653321124502 2 0.05099225044250488
0.24000000000000002 3 0.7128426776147976 2 0.05500912666320801
0.24000000000000002 4 0.8065446315451662 2 0.06110668182373047
0.24000000000000002 5 0.8065446315451662 2 0.05701184272766113
0.24000000000000002 6 0.7128426776147976 2 0.05099129676818848
0.24000000000000002 7 0.7128426776147977 2 0.061012983322143555
0.24000000000000002 8 0.9286022516535728 2 0.06001472473144531
0.24000000000000002 9 0.7128426776147977 2 0.05699658393859863
0.24000000000000002 10 0.8335429056980596 2 0.053011178970336914
0.24000000000000002 11 0.6746161775765513 2 0.07501721382141113
0.24000000000000002 12 0.7245153084203909 2 0.06401348114013672
0.24000000000000002 13 0.7946207065282216 2 0.05605745315551758
0.24000000000000002 14 0.763108324572318 2 0.05037665367126465
0.24000000000000002 15 0.5728775906815547 2 0.054056644439697266
0.24000000000000002 16 0.8773072618436142 2 0.058386802673339844
0.24000000000000002 17 0.8575159537539402 2 0.05579042434692383
0.24000000000000002 18 0.7631083245723179 2 0.05401325225830078
0.24000000000000002 19 0.7631083245723179 2 0.07753133773803711
0.24000000000000002 20 1.0 2 0.05701017379760742
0.24000000000000002 21 0.8335429056980596 2 0.061004638671875
0.24000000000000002 22 0.763108324572318 2 0.05001068115234375
0.24000000000000002 23 0.7266881418253447 2 0.07904410362243652
0.24000000000000002 24 0.806544631545166 2 0.06401276588439941
0.24000000000000002 25 0.763108324572318 2 0.05609440803527832
0.24000000000000002 26 0.8065446315451662 2 0.05061674118041992
0.24000000000000002 27 0.6701392955273148 2 0.05933523178100586
0.24000000000000002 28 0.8335429056980596 2 0.05164170265197754
0.24000000000000002 29 0.6272831386244587 2 0.05900764465332031
0.24000000000000002 30 0.7128426776147976 2 0.052521467208862305
0.24000000000000002 31 0.7559202555796879 2 0.060508012771606445
0.24000000000000002 32 0.8335429056980596 2 0.06079554557800293
0.24000000000000002 33 0.8575159537539402 2 0.06887531280517578
0.24000000000000002 34 0.45797005803147095 3 0.07301688194274902
0.24000000000000002 35 0.7266881418253447 2 0.09159088134765625
0.24000000000000002 36 0.6572373895017843 2 0.09702301025390625
0.24000000000000002 37 0.9286022516535728 2 0.07401657104492188
0.24000000000000002 38 0.5948536586032955 2 0.06901311874389648
0.24000000000000002 39 0.5508642506256433 2 0.07701706886291504
0.24000000000000002 40 0.8335429056980596 2 0.06400823593139648
0.24000000000000002 41 0.9286022516535728 2 0.06801486015319824
0.24000000000000002 42 0.7559202555796879 2 0.06702470779418945
0.24000000000000002 43 0.6746161775765515 2 0.06492209434509277
0.24000000000000002 44 0.8773072618436142 2 0.06129717826843262
0.24000000000000002 45 0.763108324572318 2 0.07211184501647949
0.24000000000000002 46 0.7946207065282216 2 0.06811857223510742
0.24000000000000002 47 0.8773072618436142 2 0.05580639839172363
0.24000000000000002 48 0.8065446315451662 2 0.05601835250854492
0.24000000000000002 49 0.9286022516535728 2 0.06564831733703613
0.26 0 0.7128426776147976 2 0.07001495361328125
0.26 1 0.7245153084203909 2 0.06707477569580078
0.26 2 0.7631083245723179 2 0.06185626983642578
0.26 3 0.6894791494633864 2 0.058261871337890625
0.26 4 0.6080864365663023 2 0.06052899360656738
0.26 5 0.9286022516535728 2 0.05014967918395996
0.26 6 0.6894791494633864 2 0.04900789260864258
0.26 7 0.501190349526497 2 0.0580294132232666
0.26 8 0.8575159537539401 2 0.05623316764831543
0.26 9 0.8773072618436142 2 0.050791025161743164
0.26 10 0.6322976674068046 2 0.051061391830444336
0.26 11 0.6399520592597279 2 0.053008079528808594
0.26 12 0.6701392955273148 2 0.05382585525512695
0.26 13 0.8065446315451662 2 0.06263041496276855
0.26 14 0.6894791494633864 2 0.0570218563079834
0.26 15 0.7946207065282216 2 0.06508183479309082
0.26 16 0.5992540218462625 2 0.06299567222595215
0.26 17 0.763108324572318 2 0.05708742141723633
0.26 18 0.7128426776147976 2 0.06179094314575195
0.26 19 0.6322976674068047 2 0.05699300765991211
0.26 20 0.578511490051223 2 0.0667273998260498
0.26 21 0.763108324572318 2 0.05707383155822754
0.26 22 0.47438027498553004 2 0.05801129341125488
0.26 23 0.6894791494633863 2 0.05775642395019531
0.26 24 0.7559202555796879 2 0.05802297592163086
0.26 25 0.4686069584125657 2 0.05477118492126465
0.26 26 0.5508642506256433 2 0.05901145935058594
0.26 27 1.0 2 0.06001400947570801
0.26 28 0.7128426776147977 2 0.06401491165161133
0.26 29 0.5248719204559841 2 0.15912127494812012
0.26 30 0.7946207065282216 2 0.09468221664428711
0.26 31 0.6894791494633864 2 0.09054398536682129
0.26 32 0.8335429056980596 2 0.15003418922424316
0.26 33 0.6701392955273148 2 0.06329774856567383
0.26 34 0.5665601694729498 2 0.0820164680480957
0.26 35 0.6746161775765513 2 0.07919812202453613
0.26 36 0.8065446315451662 2 0.05101323127746582
0.26 37 0.7946207065282216 2 0.05202674865722656
0.26 38 0.5693070372035668 2 0.0585172176361084
0.26 39 1.0 2 0.05101275444030762
0.26 40 0.8065446315451662 2 0.05101633071899414
0.26 41 0.7128426776147976 2 0.0549471378326416
0.26 42 0.5433587258260133 3 0.07352972030639648
0.26 43 0.6701392955273148 2 0.02451348304748535
0.26 44 0.763108324572318 2 0.0600128173828125
0.26 45 0.6322976674068047 2 0.057080745697021484
0.26 46 0.8773072618436142 2 0.07804560661315918
0.26 47 -0.007167360277974162 2 0.07326650619506836
0.26 48 0.8065446315451662 2 0.05103874206542969
0.26 49 0.8773072618436142 2 0.048020362854003906
0.28 0 0.4686069584125657 2 0.06352734565734863
0.28 1 0.5665601694729498 2 0.06121087074279785
0.28 2 0.6701392955273148 2 0.06979823112487793
0.28 3 0.7128426776147976 2 0.05827450752258301
0.28 4 0.6272831386244587 2 0.05085349082946777
0.28 5 0.5508642506256433 2 0.052079200744628906
0.28 6 0.5003217598627517 2 0.05391192436218262
0.28 7 0.5479412648671743 2 0.05752873420715332
0.28 8 0.6322976674068046 2 0.060014963150024414
0.28 9 0.8065446315451662 2 0.04803967475891113
0.28 10 0.8065446315451662 2 0.0521540641784668
0.28 11 0.6572373895017843 2 0.0615229606628418
0.28 12 0.41145085870799497 2 0.0601651668548584
0.28 13 0.5665601694729498 2 0.07470703125
0.28 14 0.7245153084203909 2 0.0670309066772461
0.28 15 0.5665601694729498 2 0.055941104888916016
0.28 16 0.47438027498553004 2 0.06245112419128418
0.28 17 0.763108324572318 2 0.058012962341308594
0.28 18 0.41754065356161485 2 0.07954239845275879
0.28 19 0.5728775906815547 2 0.07703828811645508
0.28 20 0.8065446315451662 2 0.05501961708068848
0.28 21 0.42160078328006095 3 0.07682228088378906
0.28 22 0.6399520592597279 2 0.07028651237487793
0.28 23 0.6322976674068046 2 0.07301807403564453
0.28 24 0.6322976674068046 2 0.07408690452575684
0.28 25 0.4667336772399775 2 0.05702042579650879
0.28 26 0.7128426776147976 2 0.06670188903808594
0.28 27 0.7245153084203909 2 0.07001590728759766
0.28 28 0.3818555360142163 2 0.06301236152648926
0.28 29 0.537389906898252 2 0.08001852035522461
0.28 30 0.8575159537539401 2 0.08502888679504395
0.28 31 0.5948536586032955 2 0.06666421890258789
0.28 32 0.6080864365663023 2 0.057877302169799805
0.28 33 0.47438027498553004 2 0.05401897430419922
0.28 34 0.7631083245723179 2 0.07164573669433594
0.28 35 0.6080864365663023 2 0.06727862358093262
0.28 36 0.7245153084203909 2 0.06384444236755371
0.28 37 0.8575159537539401 2 0.05974149703979492
0.28 38 0.560989803493885 2 0.07103705406188965
0.28 39 0.7266881418253447 2 0.054012298583984375
0.28 40 0.7592561769713603 2 0.06457328796386719
0.28 41 0.8575159537539402 2 0.05264782905578613
0.28 42 0.8335429056980596 2 0.05500674247741699
0.28 43 0.7128426776147977 2 0.056011199951171875
0.28 44 0.6701392955273148 2 0.05400490760803223
0.28 45 0.7592561769713603 2 0.060013532638549805
0.28 46 0.7245153084203909 2 0.06201505661010742
0.28 47 0.47438027498553004 2 0.0694129467010498
0.28 48 0.6894791494633864 2 0.05099225044250488
0.28 49 0.39769972515491564 3 0.0820157527923584
0.30000000000000004 0 0.6322976674068046 2 0.057042598724365234
0.30000000000000004 1 0.3818555360142163 2 0.072021484375
0.30000000000000004 2 0.6080864365663023 2 0.06615757942199707
0.30000000000000004 3 0.8575159537539402 2 0.06048297882080078
0.30000000000000004 4 0.8773072618436142 2 0.05601310729980469
0.30000000000000004 5 0.7592561769713603 2 0.05396103858947754
0.30000000000000004 6 0.5921475400556024 2 0.05455517768859863
0.30000000000000004 7 0.510152038605472 2 0.05601358413696289
0.30000000000000004 8 0.8773072618436142 2 0.05049562454223633
0.30000000000000004 9 0.501190349526497 2 0.059012413024902344
0.30000000000000004 10 0.7128426776147976 2 0.05645155906677246
0.30000000000000004 11 0.6322976674068047 2 0.05200695991516113
0.30000000000000004 12 0.806544631545166 2 0.053099870681762695
0.30000000000000004 13 0.6572373895017843 2 0.06417393684387207
0.30000000000000004 14 0.7128426776147977 2 0.07099580764770508
0.30000000000000004 15 0.7245153084203909 2 0.06156754493713379
0.30000000000000004 16 0.4604409864283399 2 0.07200169563293457
0.30000000000000004 17 0.510152038605472 2 0.0646355152130127
0.30000000000000004 18 0.7631083245723179 2 0.0704352855682373
0.30000000000000004 19 0.49692049675694044 2 0.06065678596496582
0.30000000000000004 20 0.4388653321124502 2 0.06757307052612305
0.30000000000000004 21 0.44223840914383106 2 0.05719780921936035
0.30000000000000004 22 0.66806173804014 2 0.06791186332702637
0.30000000000000004 23 0.6080864365663023 2 0.0690460205078125
0.30000000000000004 24 0.6572373895017843 2 0.05301380157470703
0.30000000000000004 25 0.6399520592597279 2 0.056995391845703125
0.30000000000000004 26 0.7631083245723179 2 0.06601691246032715
0.30000000000000004 27 0.6399520592597279 2 0.06601524353027344
0.30000000000000004 28 0.8773072618436142 2 0.08698153495788574
0.30000000000000004 29 0.5609898034938849 2 0.09080243110656738
0.30000000000000004 30 0.5609898034938849 2 0.07572102546691895
0.30000000000000004 31 0.7559202555796879 2 0.07038998603820801
0.30000000000000004 32 0.5508642506256433 2 0.07362151145935059
0.30000000000000004 33 0.6322976674068046 2 0.06669807434082031
0.30000000000000004 34 0.6080864365663023 2 0.05991363525390625
0.30000000000000004 35 0.5980264653628166 2 0.0675358772277832
0.30000000000000004 36 0.7245153084203911 2 0.09602046012878418
0.30000000000000004 37 0.5275443048699059 2 0.05105900764465332
0.30000000000000004 38 0.6572373895017843 2 0.06601333618164062
0.30000000000000004 39 0.5665601694729498 2 0.06401729583740234
0.30000000000000004 40 0.7592561769713603 2 0.062015533447265625
0.30000000000000004 41 0.66806173804014 2 0.05222034454345703
0.30000000000000004 42 0.0 1 0.025005817413330078
0.30000000000000004 43 0.0 1 0.03601551055908203
0.30000000000000004 44 0.5980264653628166 2 0.07652616500854492
0.30000000000000004 45 0.5101520386054721 2 0.0815272331237793
0.30000000000000004 46 0.5479412648671743 2 0.05738949775695801
0.30000000000000004 47 0.4667336772399775 2 0.05901336669921875
0.30000000000000004 48 0.4158631172854936 2 0.056899309158325195
0.30000000000000004 49 0.6322976674068046 2 0.05651450157165527
0.32 0 0.0 1 0.03703784942626953
0.32 1 0.5084935320818621 3 0.06801533699035645
0.32 2 0.0 1 0.029019832611083984
0.32 3 0.7266881418253447 2 0.07006096839904785
0.32 4 0.5728775906815547 2 0.05503082275390625
0.32 5 0.7946207065282216 2 0.0590357780456543
0.32 6 0.39430024565673844 2 0.05958986282348633
0.32 7 0.560989803493885 2 0.05201101303100586
0.32 8 0.5248719204559841 2 0.05452919006347656
0.32 9 0.578511490051223 2 0.05259108543395996
0.32 10 0.261196770354516 2 0.062148094177246094
0.32 11 0.537389906898252 2 0.061746835708618164
0.32 12 0.44923484596999286 2 0.05119514465332031
0.32 13 0.6399520592597279 2 0.05705666542053223
0.32 14 0.6322976674068046 2 0.06446337699890137
0.32 15 0.412949191660473 2 0.0650794506072998
0.32 16 0.5609898034938849 2 0.06600069999694824
0.32 17 0.5665601694729498 2 0.06002926826477051
0.32 18 0.61612165978259 2 0.07687664031982422
0.32 19 0.48457337259094396 2 0.06466126441955566
0.32 20 0.501190349526497 2 0.05451774597167969
0.32 21 0.5275443048699059 2 0.06701469421386719
0.32 22 0.7128426776147976 2 0.06425714492797852
0.32 23 0.7245153084203911 2 0.05406379699707031
0.32 24 0.0 1 0.027036190032958984
0.32 25 0.6399520592597279 2 0.06499457359313965
0.32 26 0.6894791494633864 2 0.06801295280456543
0.32 27 0.6272831386244587 2 0.06301355361938477
0.32 28 0.5980264653628166 2 0.10202336311340332
0.32 29 0.5665601694729498 2 0.06254434585571289
0.32 30 0.7245153084203909 2 0.08101177215576172
0.32 31 0.5693070372035668 2 0.0731208324432373
0.32 32 0.0 1 0.03101325035095215
0.32 33 0.5980264653628166 2 0.058046817779541016
0.32 34 0.6399520592597279 2 0.08601951599121094
0.32 35 0.42554090859106564 2 0.07552242279052734
0.32 36 0.6322976674068046 2 0.06222176551818848
0.32 37 0.6746161775765515 2 0.5823919773101807
0.32 38 0.6746161775765513 2 0.07731294631958008
0.32 39 0.6080864365663023 2 0.06803441047668457
0.32 40 0.36593525291373435 2 0.062015533447265625
0.32 41 0.0 1 0.02400374412536621
0.32 42 0.4667336772399775 2 0.02600574493408203
0.32 43 0.6701392955273148 2 0.05996298789978027
0.32 44 0.6894791494633863 2 0.07201051712036133
0.32 45 0.6572373895017843 2 0.07201504707336426
0.32 46 0.6894791494633864 2 0.06699419021606445
0.32 47 0.4388653321124502 2 0.07046866416931152
0.32 48 0.2864760597286233 2 0.04953885078430176
0.32 49 0.5101520386054721 2 0.05519533157348633
0.33999999999999997 0 0.47704309934632255 2 0.05190896987915039
0.33999999999999997 1 0.49692049675694044 2 0.06653881072998047
0.33999999999999997 2 0.4158631172854936 2 0.050215959548950195
0.33999999999999997 3 0.6894791494633864 2 0.05001068115234375
0.33999999999999997 4 0.0 1 0.02400040626525879
0.33999999999999997 5 0.0 1 0.022983551025390625
0.33999999999999997 6 0.6272831386244587 2 0.05318164825439453
0.33999999999999997 7 0.4548959141946361 2 0.0581822395324707
0.33999999999999997 8 0.0 1 0.02259969711303711
0.33999999999999997 9 0.44223840914383106 2 0.05211949348449707
0.33999999999999997 10 0.0 1 0.02501702308654785
0.33999999999999997 11 0.4255409085910657 2 0.05701327323913574
0.33999999999999997 12 0.0 1 0.023936986923217773
0.33999999999999997 13 0.510152038605472 2 0.05095982551574707
0.33999999999999997 14 0.7631083245723179 2 0.06401371955871582
0.33999999999999997 15 0.6701392955273148 2 0.05199480056762695
0.33999999999999997 16 0.0 1 0.024003267288208008
0.33999999999999997 17 0.0 1 0.02200484275817871
0.33999999999999997 18 0.6080864365663023 2 0.04800820350646973
0.33999999999999997 19 0.6746161775765513 2 0.04900789260864258
0.33999999999999997 20 0.3444526735878948 2 0.05100893974304199
0.33999999999999997 21 0.49692049675694044 2 0.05000615119934082
0.33999999999999997 22 0.294922717442691 2 0.05724596977233887
0.33999999999999997 23 0.5665601694729498 2 0.050013065338134766
0.33999999999999997 24 0.0 1 0.0346834659576416
0.33999999999999997 25 0.4686069584125657 2 0.05215811729431152
0.33999999999999997 26 0.501190349526497 2 0.07296371459960938
0.33999999999999997 27 0.36222569989642606 2 0.053774118423461914
0.33999999999999997 28 0.3887104336742041 2 0.05763053894042969
0.33999999999999997 29 0.42554090859106564 2 0.051010847091674805
0.33999999999999997 30 0.578511490051223 2 0.05528426170349121
0.33999999999999997 31 0.0 1 0.023862838745117188
0.33999999999999997 32 0.3755266787106773 2 0.06253170967102051
0.33999999999999997 33 0.33992524083459313 2 0.06201457977294922
0.33999999999999997 34 0.0 1 0.031040430068969727
0.33999999999999997 35 0.4388653321124502 2 0.0712273120880127
0.33999999999999997 36 0.7631083245723179 2 0.048571109771728516
0.33999999999999997 37 0.30483008529346617 2 0.05206036567687988
0.33999999999999997 38 0.6894791494633864 2 0.04887247085571289
0.33999999999999997 39 0.0 1 0.02391338348388672
0.33999999999999997 40 0.47704309934632255 2 0.054972171783447266
0.33999999999999997 41 0.34228608100675806 2 0.05352306365966797
0.33999999999999997 42 0.4686069584125657 2 0.06313323974609375
0.33999999999999997 43 0.7631083245723179 2 0.06801605224609375
0.33999999999999997 44 0.4135457434141304 2 0.05405902862548828
0.33999999999999997 45 0.6964105874134144 2 0.06615972518920898
0.33999999999999997 46 0.5299387237037455 2 0.051091670989990234
0.33999999999999997 47 0.5980264653628166 2 0.05501556396484375
0.33999999999999997 48 0.37234636062327015 2 0.057996511459350586
0.33999999999999997 49 0.0 1 0.029005765914916992
0.36 0 0.0 1 0.026033639907836914
0.36 1 0.5248719204559841 2 0.05693531036376953
0.36 2 0.3158987685833929 2 0.05290079116821289
0.36 3 0.5248719204559841 2 0.05033230781555176
0.36 4 0.7245153084203909 2 0.057045698165893555
0.36 5 0.3887104336742041 2 0.05086874961853027
0.36 6 0.0 1 0.024005413055419922
0.36 7 0.0 1 0.024042844772338867
0.36 8 0.2890887441998416 2 0.05843997001647949
0.36 9 0.0 1 0.024034976959228516
0.36 10 0.0 1 0.024005413055419922
0.36 11 0.0 1 0.024005413055419922
0.36 12 0.0 1 0.02394556999206543
0.36 13 0.0 1 0.025021791458129883
0.36 14 0.0 1 0.023891448974609375
0.36 15 0.0 1 0.022564411163330078
0.36 16 0.5980264653628166 2 0.05002427101135254
0.36 17 0.0 1 0.023005008697509766
0.36 18 0.49692049675694044 2 0.052643537521362305
0.36 19 0.33992524083459313 2 0.056139469146728516
0.36 20 0.0 1 0.022469758987426758
0.36 21 0.44223840914383106 2 0.05052518844604492
0.36 22 0.0 1 0.02351832389831543
0.36 23 0.8065446315451662 2 0.055997371673583984
0.36 24 0.44223840914383106 2 0.0570218563079834
0.36 25 0.24543574115116687 2 0.05509328842163086
0.36 26 0.33771649146422245 2 0.05350804328918457
0.36 27 0.537389906898252 2 0.05797863006591797
0.36 28 0.33992524083459313 2 0.060884714126586914
0.36 29 0.501190349526497 2 0.0530092716217041
0.36 30 0.1921054745042822 2 0.06023907661437988
0.36 31 0.0 1 0.02214670181274414
0.36 32 0.0 1 0.031004667282104492
0.36 33 0.0 1 0.024989843368530273
0.36 34 0.0 1 0.023000001907348633
0.36 35 0.0 1 0.030992746353149414
0.36 36 0.0 1 0.027290821075439453
0.36 37 0.0 1 0.024006128311157227
0.36 38 0.4604409864283399 2 0.05703330039978027
0.36 39 0.5275443048699059 2 0.052217721939086914
0.36 40 0.5948536586032955 2 0.05700945854187012
0.36 41 0.47438027498553 2 0.06006217002868652
0.36 42 0.0 1 0.030007600784301758
0.36 43 0.0 1 0.026021480560302734
0.36 44 0.4667336772399775 2 0.06402134895324707
0.36 45 0.578511490051223 2 0.06399345397949219
0.36 46 0.0 1 0.025011062622070312
0.36 47 0.37234636062327015 2 0.054013729095458984
0.36 48 0.0 1 0.024007558822631836
0.36 49 0.0 1 0.026061058044433594
0.38 0 0.3859961607848056 2 0.05900835990905762
0.38 1 0.2577404366741235 2 0.05411672592163086
0.38 2 0.0 1 0.028006792068481445
0.38 3 0.29908103775658174 2 0.05510759353637695
0.38 4 0.484573372590944 2 0.05601692199707031
0.38 5 0.36593525291373435 2 0.05302166938781738
0.38 6 0.09266911539915289 2 0.05512380599975586
0.38 7 0.26242748019593903 2 0.06787323951721191
0.38 8 0.0 1 0.02301168441772461
0.38 9 0.0 1 0.024224519729614258
0.38 10 0.5728775906815547 2 0.051025390625
0.38 11 0.3189235981961811 2 0.0770576000213623
0.38 12 0.4604409864283399 2 0.05798053741455078
0.38 13 0.412949191660473 2 0.05359220504760742
0.38 14 0.0 1 0.0249178409576416
0.38 15 0.0 1 0.023004770278930664
0.38 16 0.4667336772399775 2 0.051011085510253906
0.38 17 0.0 1 0.023047208786010742
0.38 18 0.4604409864283399 2 0.05301213264465332
0.38 19 0.0 1 0.023006677627563477
0.38 20 0.38871043367420405 2 0.050063371658325195
0.38 21 0.0 1 0.02299976348876953
0.38 22 0.0 1 0.024005651473999023
0.38 23 0.4375841986986555 2 0.049283504486083984
0.38 24 0.0 1 0.02400493621826172
0.38 25 0.2953860855705559 2 0.05900883674621582
0.38 26 0.5980264653628166 2 0.056884765625
0.38 27 0.0 1 0.0240020751953125
0.38 28 0.0 1 0.02322864532470703
0.38 29 0.0 1 0.023005008697509766
0.38 30 0.0 1 0.032022714614868164
0.38 31 0.0 1 0.025107383728027344
0.38 32 0.0 1 0.027612686157226562
0.38 33 0.0 1 0.03600811958312988
0.38 34 0.3377164914642225 2 0.07801675796508789
0.38 35 0.510152038605472 2 0.04953145980834961
0.38 36 0.0 1 0.023005008697509766
0.38 37 0.0 1 0.022907018661499023
0.38 38 0.22923497698997045 2 0.05503988265991211
0.38 39 0.49692049675694044 2 0.055011749267578125
0.38 40 0.0 1 0.022006511688232422
0.38 41 0.0 1 0.030377626419067383
0.38 42 0.36593525291373435 2 0.07403111457824707
0.38 43 0.0 1 0.024210453033447266
0.38 44 0.49692049675694044 2 0.05350518226623535
0.38 45 0.0 1 0.022426605224609375
0.38 46 0.6080864365663023 2 0.05101466178894043
0.38 47 0.41754065356161485 2 0.05719351768493652
0.38 48 0.0 1 0.024008512496948242
0.38 49 0.0 1 0.02758169174194336
0.4 0 0.0 1 0.023097515106201172
0.4 1 0.0 1 0.033005475997924805
0.4 2 0.0 1 0.023004531860351562
0.4 3 0.0 1 0.025005578994750977
0.4 4 0.29357759230945457 2 0.05390143394470215
0.4 5 0.0 1 0.0236208438873291
0.4 6 0.0 1 0.02317070960998535
0.4 7 0.0 1 0.024106979370117188
0.4 8 0.6399520592597279 2 0.05102038383483887
0.4 9 0.49692049675694044 2 0.05099177360534668
0.4 10 0.0 1 0.024042367935180664
0.4 11 0.0 1 0.02400517463684082
0.4 12 0.0 1 0.024411916732788086
0.4 13 0.4114508587079951 2 0.05454707145690918
0.4 14 0.0 1 0.025000333786010742
0.4 15 0.0 1 0.025004148483276367
0.4 16 0.0 1 0.024066925048828125
0.4 17 0.24543574115116687 2 0.052042484283447266
0.4 18 0.0 1 0.02465033531188965
0.4 19 0.0 1 0.024005413055419922
0.4 20 0.0 1 0.02300405502319336
0.4 21 0.0 1 0.02405381202697754
0.4 22 0.3887104336742041 2 0.055048227310180664
0.4 23 0.0 1 0.023084640502929688
0.4 24 0.0 1 0.02463841438293457
0.4 25 0.0 1 0.0243375301361084
0.4 26 0.0 1 0.024005889892578125
0.4 27 0.0 1 0.02300548553466797
0.4 28 0.0 1 0.023977994918823242
0.4 29 0.0 1 0.02655196189880371
0.4 30 0.0 1 0.023003816604614258
0.4 31 -0.00475740888116101 2 0.05430412292480469
0.4 32 0.0 1 0.03303956985473633
0.4 33 0.0 1 0.03200721740722656
0.4 34 0.0 1 0.02604818344116211
0.4 35 0.0 1 0.02500438690185547
0.4 36 0.0 1 0.025005817413330078
0.4 37 0.0 1 0.024005651473999023
0.4 38 0.0 1 0.024006366729736328
0.4 39 0.0 1 0.02706170082092285
0.4 40 0.4388653321124502 2 0.07301616668701172
0.4 41 0.0 1 0.021984338760375977
0.4 42 0.0 1 0.024112462997436523
0.4 43 0.0 1 0.024842500686645508
0.4 44 -0.00622269744193054 2 0.06292557716369629
0.4 45 0.0 1 0.02995443344116211
0.4 46 0.3859961607848056 2 0.055524587631225586
0.4 47 0.0 1 0.028917551040649414
0.4 48 0.0 1 0.024985313415527344
0.4 49 0.0 1 0.025925159454345703
0.42000000000000004 0 0.537389906898252 2 0.05531048774719238
0.42000000000000004 1 0.6964105874134144 2 0.073089599609375
0.42000000000000004 2 0.49692049675694044 2 0.05053830146789551
0.42000000000000004 3 0.0 1 0.023014068603515625
0.42000000000000004 4 0.0 1 0.022990942001342773
0.42000000000000004 5 0.0 1 0.023838520050048828
0.42000000000000004 6 0.0 1 0.0285189151763916
0.42000000000000004 7 0.0 1 0.02300286293029785
0.42000000000000004 8 0.0 1 0.01900196075439453
0.42000000000000004 9 0.0 1 0.022011995315551758
0.42000000000000004 10 0.0 1 0.025067806243896484
0.42000000000000004 11 0.0 1 0.02295660972595215
0.42000000000000004 12 0.0 1 0.02400660514831543
0.42000000000000004 13 0.0 1 0.02400040626525879
0.42000000000000004 14 0.0 1 0.023004770278930664
0.42000000000000004 15 0.0 1 0.02300548553466797
0.42000000000000004 16 0.0 1 0.024021148681640625
0.42000000000000004 17 0.0 1 0.027154207229614258
0.42000000000000004 18 0.0 1 0.027025461196899414
0.42000000000000004 19 0.0 1 0.024019718170166016
0.42000000000000004 20 0.0 1 0.024555206298828125
0.42000000000000004 21 0.0 1 0.031020641326904297
0.42000000000000004 22 0.0 1 0.02605748176574707
0.42000000000000004 23 0.0 1 0.02400970458984375
0.42000000000000004 24 0.14940624000808797 2 0.06398391723632812
0.42000000000000004 25 0.0 1 0.02852010726928711
0.42000000000000004 26 0.4686069584125657 2 0.05107617378234863
0.42000000000000004 27 0.0 1 0.02402043342590332
0.42000000000000004 28 0.0 1 0.02300429344177246
0.42000000000000004 29 0.0 1 0.02299976348876953
0.42000000000000004 30 0.0 1 0.024521589279174805
0.42000000000000004 31 0.0 1 0.024734973907470703
0.42000000000000004 32 0.0 1 0.023491382598876953
0.42000000000000004 33 0.0 1 0.028006315231323242
0.42000000000000004 34 0.0 1 0.025538921356201172
0.42000000000000004 35 0.0 1 0.0260009765625
0.42000000000000004 36 0.0 1 0.023009300231933594
0.42000000000000004 37 0.0 1 0.03300642967224121
0.42000000000000004 38 0.5980264653628166 2 0.05814647674560547
0.42000000000000004 39 0.0 1 0.02351236343383789
0.42000000000000004 40 0.0 1 0.023005962371826172
0.42000000000000004 41 0.0 1 0.025005578994750977
0.42000000000000004 42 0.0 1 0.023005008697509766
0.42000000000000004 43 0.0 1 0.02202439308166504
0.42000000000000004 44 0.0 1 0.027159452438354492
0.42000000000000004 45 0.0 1 0.02814507484436035
0.42000000000000004 46 0.0 1 0.02700662612915039
0.42000000000000004 47 0.23489337181734404 2 0.06702160835266113
0.42000000000000004 48 0.0 1 0.024005889892578125
0.42000000000000004 49 0.0 1 0.023162841796875
0.44000000000000006 0 0.0 1 0.025005102157592773
0.44000000000000006 1 0.0 1 0.024003982543945312
0.44000000000000006 2 0.0 1 0.027370452880859375
0.44000000000000006 3 0.0 1 0.024194955825805664
0.44000000000000006 4 0.0 1 0.023535490036010742
0.44000000000000006 5 -0.007095800605806286 2 0.0736083984375
0.44000000000000006 6 0.0 1 0.0240020751953125
0.44000000000000006 7 0.0 1 0.02565622329711914
0.44000000000000006 8 0.48021122742316447 2 0.06066322326660156
0.44000000000000006 9 0.0 1 0.023006439208984375
0.44000000000000006 10 0.0 1 0.022050857543945312
0.44000000000000006 11 0.0 1 0.023012399673461914
0.44000000000000006 12 0.0 1 0.025023221969604492
0.44000000000000006 13 0.4031277339372631 2 0.06401371955871582
0.44000000000000006 14 0.0 1 0.024985551834106445
0.44000000000000006 15 0.0 1 0.024004220962524414
0.44000000000000006 16 0.0 1 0.024202585220336914
0.44000000000000006 17 0.0 1 0.024025440216064453
0.44000000000000006 18 0.0 1 0.024001359939575195
0.44000000000000006 19 0.0 1 0.03100299835205078
0.44000000000000006 20 0.0 1 0.03300809860229492
0.44000000000000006 21 0.0 1 0.028005599975585938
0.44000000000000006 22 0.0 1 0.022901058197021484
0.44000000000000006 23 0.0 1 0.024013042449951172
0.44000000000000006 24 0.0 1 0.024022817611694336
0.44000000000000006 25 0.0 1 0.024004697799682617
0.44000000000000006 26 -0.00622269744193054 2 0.05501890182495117
0.44000000000000006 27 0.0 1 0.028166770935058594
0.44000000000000006 28 0.0 1 0.02300572395324707
0.44000000000000006 29 0.0 1 0.027980566024780273
0.44000000000000006 30 0.41754065356161485 2 0.048995018005371094
0.44000000000000006 31 0.0 1 0.027001380920410156
0.44000000000000006 32 0.0 1 0.024004459381103516
0.44000000000000006 33 0.0 1 0.023957490921020508
0.44000000000000006 34 0.0 1 0.0229642391204834
0.44000000000000006 35 0.0 1 0.025005578994750977
0.44000000000000006 36 0.0 1 0.02501964569091797
0.44000000000000006 37 0.0 1 0.024064064025878906
0.44000000000000006 38 0.294922717442691 2 0.05399632453918457
0.44000000000000006 39 0.0 1 0.023632049560546875
0.44000000000000006 40 0.0 1 0.026897430419921875
0.44000000000000006 41 0.0 1 0.02269458770751953
0.44000000000000006 42 0.0 1 0.021979570388793945
0.44000000000000006 43 0.0 1 0.02453756332397461
0.44000000000000006 44 0.0 1 0.022858619689941406
0.44000000000000006 45 0.0 1 0.023005962371826172
0.44000000000000006 46 0.0 1 0.0272674560546875
0.44000000000000006 47 0.0 1 0.023021459579467773
0.44000000000000006 48 0.276038623317763 2 0.07412099838256836
0.44000000000000006 49 0.0 1 0.024007797241210938
0.45999999999999996 0 0.0 1 0.023615121841430664
0.45999999999999996 1 0.0 1 0.03501129150390625
0.45999999999999996 2 0.0 1 0.02552938461303711
0.45999999999999996 3 0.0 1 0.024007081985473633
0.45999999999999996 4 0.0 1 0.026005983352661133
0.45999999999999996 5 0.0 1 0.02802729606628418
0.45999999999999996 6 0.0 1 0.024246931076049805
0.45999999999999996 7 0.0 1 0.024020910263061523
0.45999999999999996 8 0.33992524083459313 2 0.06101369857788086
0.45999999999999996 9 0.0 1 0.024036169052124023
0.45999999999999996 10 -0.007111527585898865 2 0.05764198303222656
0.45999999999999996 11 0.0 1 0.02291250228881836
0.45999999999999996 12 0.0 1 0.025984525680541992
0.45999999999999996 13 0.0 1 0.023022890090942383
0.45999999999999996 14 0.26242748019593903 2 0.0571293830871582
0.45999999999999996 15 0.2727457473669777 2 0.05393362045288086
0.45999999999999996 16 0.0 1 0.024010419845581055
0.45999999999999996 17 0.05937767535785666 2 0.05215597152709961
0.45999999999999996 18 0.29492271744269105 2 0.05299687385559082
0.45999999999999996 19 0.0 1 0.028009414672851562
0.45999999999999996 20 0.0 1 0.02752518653869629
0.45999999999999996 21 0.0 1 0.026006460189819336
0.45999999999999996 22 0.0 1 0.02402663230895996
0.45999999999999996 23 0.0 1 0.028012990951538086
0.45999999999999996 24 0.0 1 0.025013446807861328
0.45999999999999996 25 0.0 1 0.024002790451049805
0.45999999999999996 26 0.0 1 0.025092124938964844
0.45999999999999996 27 0.0 1 0.024109840393066406
0.45999999999999996 28 0.0 1 0.029013872146606445
0.45999999999999996 29 -0.007087974007297234 2 0.05655384063720703
0.45999999999999996 30 0.0 1 0.023949384689331055
0.45999999999999996 31 0.0 1 0.025068283081054688
0.45999999999999996 32 0.0 1 0.022484779357910156
0.45999999999999996 33 0.0 1 0.023031949996948242
0.45999999999999996 34 0.0 1 0.025528669357299805
0.45999999999999996 35 0.0 1 0.023003339767456055
0.45999999999999996 36 -0.00709580060580629 2 0.055768489837646484
0.45999999999999996 37 0.0 1 0.024550676345825195
0.45999999999999996 38 0.0 1 0.024005889892578125
0.45999999999999996 39 0.0 1 0.02400827407836914
0.45999999999999996 40 0.0 1 0.022007465362548828
0.45999999999999996 41 0.0 1 0.03400754928588867
0.45999999999999996 42 0.0 1 0.023105859756469727
0.45999999999999996 43 0.0 1 0.02405071258544922
0.45999999999999996 44 0.0 1 0.021840810775756836
0.45999999999999996 45 0.0 1 0.024007320404052734
0.45999999999999996 46 0.0 1 0.03800845146179199
0.45999999999999996 47 0.0 1 0.03300905227661133
0.45999999999999996 48 0.0 1 0.02400827407836914
0.45999999999999996 49 0.0 1 0.02951669692993164
0.48 0 -0.006214703265369533 2 0.07314300537109375
0.48 1 0.0 1 0.024513959884643555
0.48 2 0.0 1 0.027025699615478516
0.48 3 0.0 1 0.02300548553466797
0.48 4 0.0 1 0.02300572395324707
0.48 5 0.0 1 0.031006813049316406
0.48 6 0.0 1 0.02299046516418457
0.48 7 0.0 1 0.03190422058105469
0.48 8 0.0 1 0.026824474334716797
0.48 9 0.0 1 0.023142099380493164
0.48 10 0.0 1 0.02300119400024414
0.48 11 0.0 1 0.02302718162536621
0.48 12 0.0 1 0.0235140323638916
0.48 13 0.2522624705550444 2 0.059710025787353516
0.48 14 0.0 1 0.025072097778320312
0.48 15 0.0 1 0.024000883102416992
0.48 16 0.0 1 0.026007413864135742
0.48 17 0.0 1 0.024192333221435547
0.48 18 0.0 1 0.02699756622314453
0.48 19 0.17447068620354692 2 0.06901383399963379
0.48 20 0.0 1 0.023004770278930664
0.48 21 0.0 1 0.031987905502319336
0.48 22 0.0 1 0.02402210235595703
0.48 23 0.0 1 0.026141643524169922
0.48 24 0.0 1 0.026006221771240234
0.48 25 0.0 1 0.023722171783447266
0.48 26 0.0 1 0.026100635528564453
0.48 27 0.0 1 0.024030685424804688
0.48 28 0.0 1 0.02255868911743164
0.48 29 0.0 1 0.02400493621826172
0.48 30 0.0 1 0.026007652282714844
0.48 31 0.0 1 0.025330781936645508
0.48 32 0.0 1 0.02500748634338379
0.48 33 0.0 1 0.02296733856201172
0.48 34 0.0 1 0.027470827102661133
0.48 35 -9.596978568711006e-05 2 0.05800914764404297
0.48 36 0.0 1 0.02400517463684082
0.48 37 0.0 1 0.02400517463684082
0.48 38 0.0 1 0.02306842803955078
0.48 39 0.0 1 0.02452707290649414
0.48 40 -0.00475740888116101 2 0.05724811553955078
0.48 41 0.0 1 0.024006128311157227
0.48 42 0.0 1 0.02502918243408203
0.48 43 0.32355440584922895 2 0.056014299392700195
0.48 44 0.0 1 0.023063182830810547
0.48 45 0.2719496669410514 2 0.0629575252532959
0.48 46 0.0 1 0.03600788116455078
0.48 47 0.0 1 0.02400374412536621
0.48 48 0.0 1 0.02305912971496582
0.48 49 0.0 1 0.026002883911132812
0.5 0 0.0 1 0.023955583572387695
0.5 1 0.0 1 0.028003215789794922
0.5 2 0.0 1 0.0310056209564209
0.5 3 0.0 1 0.032006025314331055
0.5 4 0.0 1 0.024004459381103516
0.5 5 0.0 1 0.023000240325927734
0.5 6 0.0 1 0.024037837982177734
0.5 7 0.0 1 0.023032188415527344
0.5 8 0.0 1 0.026515960693359375
0.5 9 -0.007111527585898865 2 0.06100773811340332
0.5 10 0.0 1 0.028043746948242188
0.5 11 0.0 1 0.024022817611694336
0.5 12 0.0 1 0.026521682739257812
0.5 13 0.0 1 0.037038564682006836
0.5 14 0.0 1 0.023097753524780273
0.5 15 0.0 1 0.022943735122680664
0.5 16 0.0 1 0.034520626068115234
0.5 17 0.0 1 0.023021697998046875
0.5 18 0.0 1 0.02300572395324707
0.5 19 0.0 1 0.026057720184326172
0.5 20 0.0 1 0.02302098274230957
0.5 21 0.0 1 0.02701115608215332
0.5 22 0.0 1 0.024010658264160156
0.5 23 0.0 1 0.02301025390625
0.5 24 0.0 1 0.02504444122314453
0.5 25 -0.00741888869657401 2 0.08636975288391113
0.5 26 0.0 1 0.023023128509521484
0.5 27 0.0 1 0.025000572204589844
0.5 28 0.0 1 0.025014877319335938
0.5 29 0.0 1 0.03300309181213379
0.5 30 0.0 1 0.02300572395324707
0.5 31 0.0 1 0.02400517463684082
0.5 32 0.0 1 0.029006004333496094
0.5 33 0.0 1 0.023073196411132812
0.5 34 0.0 1 0.024870634078979492
0.5 35 0.0 1 0.030006885528564453
0.5 36 0.0 1 0.023166894912719727
0.5 37 0.0 1 0.024004220962524414
0.5 38 0.0 1 0.026007413864135742
0.5 39 0.0 1 0.023045778274536133
0.5 40 0.0 1 0.023028135299682617
0.5 41 0.0 1 0.023009777069091797
0.5 42 0.0 1 0.023004770278930664
0.5 43 0.0 1 0.023293256759643555
0.5 44 0.10030059267785173 2 0.052329301834106445
0.5 45 -0.0071673602779741665 2 0.05206871032714844
0.5 46 0.0 1 0.023005247116088867
0.5 47 0.0 1 0.02400994300842285
0.5 48 0.0 1 0.024005889892578125
0.5 49 0.0 1 0.023990392684936523
0.52 0 0.0 1 0.02301025390625
0.52 1 0.0 1 0.026924610137939453
0.52 2 0.0 1 0.02590656280517578
0.52 3 0.0 1 0.024988889694213867
0.52 4 0.0 1 0.024010419845581055
0.52 5 0.0 1 0.023843765258789062
0.52 6 0.0 1 0.0230100154876709
0.52 7 0.0 1 0.02800774574279785
0.52 8 0.0 1 0.02319025993347168
0.52 9 0.0 1 0.03526496887207031
0.52 10 0.0 1 0.024036407470703125
0.52 11 0.0 1 0.023004770278930664
0.52 12 0.0 1 0.031009912490844727
0.52 13 0.0 1 0.02317333221435547
0.52 14 0.0 1 0.023830652236938477
0.52 15 0.0 1 0.024085044860839844
0.52 16 0.0 1 0.02701091766357422
0.52 17 0.0 1 0.024005651473999023
0.52 18 0.0 1 0.024006128311157227
0.52 19 0.0 1 0.022908926010131836
0.52 20 0.0 1 0.023005008697509766
0.52 21 0.0 1 0.023005247116088867
0.52 22 0.0 1 0.022988319396972656
0.52 23 0.0 1 0.02310800552368164
0.52 24 0.0 1 0.03835701942443848
0.52 25 0.0 1 0.027048826217651367
0.52 26 0.0 1 0.023900985717773438
0.52 27 0.0 1 0.023017406463623047
0.52 28 0.0 1 0.02303314208984375
0.52 29 0.0 1 0.029923439025878906
0.52 30 0.0 1 0.024142980575561523
0.52 31 0.0 1 0.02405261993408203
0.52 32 0.0 1 0.025280237197875977
0.52 33 0.0 1 0.024005413055419922
0.52 34 0.0 1 0.03403115272521973
0.52 35 0.0 1 0.025686264038085938
0.52 36 0.0 1 0.022490978240966797
0.52 37 0.0 1 0.02803802490234375
0.52 38 0.0 1 0.02300572395324707
0.52 39 0.0 1 0.024019956588745117
0.52 40 0.0 1 0.023198843002319336
0.52 41 0.0 1 0.024990081787109375
0.52 42 -0.0047598066779045295 2 0.056142330169677734
0.52 43 0.0 1 0.023004531860351562
0.52 44 0.0 1 0.023003339767456055
0.52 45 0.0 1 0.027005672454833984
0.52 46 0.0 1 0.0241239070892334
0.52 47 0.0 1 0.02422332763671875
0.52 48 0.0 1 0.023003578186035156
0.52 49 0.0 1 0.02400660514831543
0.54 0 0.0 1 0.0360105037689209
0.54 1 0.0 1 0.02600693702697754
0.54 2 0.0 1 0.02556467056274414
0.54 3 0.0 1 0.025004148483276367
0.54 4 0.0 1 0.025171279907226562
0.54 5 0.0 1 0.02352619171142578
0.54 6 0.0 1 0.02301168441772461
0.54 7 0.0 1 0.023987293243408203
0.54 8 0.0 1 0.0240476131439209
0.54 9 0.0 1 0.02365255355834961
0.54 10 0.0 1 0.024022340774536133
0.54 11 -0.007610829303854609 2 0.06352877616882324
0.54 12 0.0 1 0.026005268096923828
0.54 13 0.0 1 0.023021221160888672
0.54 14 0.0 1 0.031027793884277344
0.54 15 0.0 1 0.02401876449584961
0.54 16 0.0 1 0.0230252742767334
0.54 17 0.0 1 0.024083852767944336
0.54 18 0.0 1 0.024004459381103516
0.54 19 0.0 1 0.023005962371826172
0.54 20 0.0 1 0.023624658584594727
0.54 21 0.0 1 0.02202749252319336
0.54 22 0.0 1 0.023989439010620117
0.54 23 0.0 1 0.02503371238708496
0.54 24 0.0 1 0.038008928298950195
0.54 25 -0.0047524596203180666 2 0.055930376052856445
0.54 26 0.0 1 0.023955583572387695
0.54 27 0.0 1 0.025007009506225586
0.54 28 0.0 1 0.03921675682067871
0.54 29 0.0 1 0.02300548553466797
0.54 30 0.0 1 0.023005247116088867
0.54 31 0.0 1 0.023009777069091797
0.54 32 0.0 1 0.023005247116088867
0.54 33 0.0 1 0.024012088775634766
0.54 34 0.0 1 0.022579669952392578
0.54 35 0.0 1 0.02529454231262207
0.54 36 0.0 1 0.027558326721191406
0.54 37 0.0 1 0.023972749710083008
0.54 38 -0.002669917868380413 2 0.06361508369445801
0.54 39 0.0 1 0.024007081985473633
0.54 40 0.0 1 0.024020671844482422
0.54 41 0.0 1 0.023035049438476562
0.54 42 0.0 1 0.023212909698486328
0.54 43 0.0 1 0.02706289291381836
0.54 44 0.0 1 0.025003910064697266
0.54 45 0.0 1 0.02502608299255371
0.54 46 0.0 1 0.028007030487060547
0.54 47 0.0 1 0.024000883102416992
0.54 48 0.0 1 0.023004770278930664
0.54 49 0.0 1 0.024989604949951172
0.56 0 0.0 1 0.03100442886352539
0.56 1 0.0 1 0.03101038932800293
0.56 2 0.0 1 0.03800845146179199
0.56 3 0.0 1 0.0240018367767334
0.56 4 0.0 1 0.02502918243408203
0.56 5 0.0 1 0.02500438690185547
0.56 6 -0.00622269744193054 2 0.05989646911621094
0.56 7 0.0 1 0.0230257511138916
0.56 8 0.0 1 0.026004791259765625
0.56 9 -0.00709580060580629 2 0.0555417537689209
0.56 10 0.0 1 0.02502155303955078
0.56 11 0.0 1 0.031017065048217773
0.56 12 0.0 1 0.026993751525878906
0.56 13 0.0 1 0.03056168556213379
0.56 14 0.0 1 0.0260012149810791
0.56 15 0.0 1 0.02402663230895996
0.56 16 0.0 1 0.02400040626525879
0.56 17 0.0 1 0.023614168167114258
0.56 18 0.0 1 0.023405790328979492
0.56 19 0.0 1 0.023627519607543945
0.56 20 0.0 1 0.029600858688354492
0.56 21 0.0 1 0.022014617919921875
0.56 22 0.0 1 0.02198004722595215
0.56 23 0.0 1 0.02701401710510254
0.56 24 0.0 1 0.03398323059082031
0.56 25 0.0 1 0.024005889892578125
0.56 26 0.0 1 0.02400493621826172
0.56 27 0.0 1 0.024003982543945312
0.56 28 0.0 1 0.025006532669067383
0.56 29 0.0 1 0.02408885955810547
0.56 30 0.0 1 0.023005247116088867
0.56 31 0.0 1 0.027007579803466797
0.56 32 0.0 1 0.025006771087646484
0.56 33 0.0 1 0.022895336151123047
0.56 34 0.0 1 0.022008180618286133
0.56 35 0.0 1 0.02600574493408203
0.56 36 0.0 1 0.028884410858154297
0.56 37 0.0 1 0.025033950805664062
0.56 38 0.0 1 0.024293899536132812
0.56 39 0.0 1 0.02400064468383789
0.56 40 0.0 1 0.02400040626525879
0.56 41 0.0 1 0.02308821678161621
0.56 42 0.0 1 0.025985002517700195
0.56 43 0.0 1 0.023005008697509766
0.56 44 0.0 1 0.024005889892578125
0.56 45 0.0 1 0.030518054962158203
0.56 46 0.0 1 0.023004770278930664
0.56 47 0.0 1 0.025008201599121094
0.56 48 0.0 1 0.026021957397460938
0.56 49 0.0 1 0.028012514114379883
0.58 0 0.0 1 0.02503490447998047
0.58 1 0.0 1 0.023006200790405273
0.58 2 0.0 1 0.023512601852416992
0.58 3 0.0 1 0.022005081176757812
0.58 4 0.0 1 0.022983312606811523
0.58 5 0.0 1 0.023006677627563477
0.58 6 0.0 1 0.023000717163085938
0.58 7 0.0 1 0.03000640869140625
0.58 8 -0.0027163556570253943 2 0.0538792610168457
0.58 9 0.0 1 0.02400517463684082
0.58 10 0.0 1 0.03801393508911133
0.58 11 0.0 1 0.025556325912475586
0.58 12 0.0 1 0.023062705993652344
0.58 13 0.0 1 0.032022953033447266
0.58 14 0.0 1 0.024005413055419922
0.58 15 0.0 1 0.023026227951049805
0.58 16 0.0 1 0.039010047912597656
0.58 17 0.0 1 0.022847652435302734
0.58 18 0.0 1 0.03200531005859375
0.58 19 0.0 1 0.024517536163330078
0.58 20 0.0 1 0.022004365921020508
0.58 21 0.0 1 0.024353742599487305
0.58 22 0.0 1 0.027004241943359375
0.58 23 0.0 1 0.026188135147094727
0.58 24 0.0 1 0.024019956588745117
0.58 25 -7.296789450023967e-05 2 0.05399894714355469
0.58 26 0.0 1 0.027987241744995117
0.58 27 0.0 1 0.0250699520111084
0.58 28 0.0 1 0.02516770362854004
0.58 29 0.0 1 0.026017427444458008
0.58 30 0.0 1 0.03300642967224121
0.58 31 0.0 1 0.023005247116088867
0.58 32 0.0 1 0.034114837646484375
0.58 33 -0.002699165606200664 2 0.06282734870910645
0.58 34 -0.00475740888116101 2 0.049396514892578125
0.58 35 0.0 1 0.02982926368713379
0.58 36 0.0 1 0.023031949996948242
0.58 37 0.0 1 0.023357152938842773
0.58 38 0.0 1 0.023006200790405273
0.58 39 0.0 1 0.02500438690185547
0.58 40 0.0 1 0.024005889892578125
0.58 41 0.0 1 0.024017333984375
0.58 42 0.0 1 0.024901628494262695
0.58 43 0.0 1 0.022988080978393555
0.58 44 0.0 1 0.02257061004638672
0.58 45 0.0 1 0.03443431854248047
0.58 46 0.0 1 0.05057644844055176
0.58 47 0.0 1 0.025011062622070312
0.58 48 0.0 1 0.022984981536865234
0.58 49 0.0 1 0.02398967742919922
0.6 0 0.0 1 0.02251291275024414
0.6 1 0.0 1 0.022009611129760742
0.6 2 -0.006216703168904773 2 0.061292171478271484
0.6 3 0.0 1 0.02400493621826172
0.6 4 0.0 1 0.02986741065979004
0.6 5 0.0 1 0.028994321823120117
0.6 6 0.0 1 0.023987770080566406
0.6 7 0.0 1 0.024005413055419922
0.6 8 0.0 1 0.024988889694213867
0.6 9 0.0 1 0.023000001907348633
0.6 10 0.0 1 0.024004459381103516
0.6 11 0.0 1 0.024010181427001953
0.6 12 0.0 1 0.023005008697509766
0.6 13 0.0 1 0.028987407684326172
0.6 14 0.0 1 0.026006221771240234
0.6 15 0.0 1 0.0230100154876709
0.6 16 0.0 1 0.030007123947143555
0.6 17 0.0 1 0.023525238037109375
0.6 18 0.0 1 0.025057077407836914
0.6 19 0.0 1 0.02433013916015625
0.6 20 0.0 1 0.026035308837890625
0.6 21 0.0 1 0.03200984001159668
0.6 22 0.0 1 0.03600668907165527
0.6 23 0.0 1 0.02600574493408203
0.6 24 0.0 1 0.023361921310424805
0.6 25 0.0 1 0.02398681640625
0.6 26 0.0 1 0.024007081985473633
0.6 27 0.0 1 0.023011445999145508
0.6 28 0.0 1 0.025001049041748047
0.6 29 0.0 1 0.024993181228637695
0.6 30 0.0 1 0.0239717960357666
0.6 31 0.0 1 0.023806095123291016
0.6 32 0.0 1 0.026720046997070312
0.6 33 0.0 1 0.022025346755981445
0.6 34 0.0 1 0.023005247116088867
0.6 35 0.0 1 0.0260012149810791
0.6 36 0.0 1 0.023310422897338867
0.6 37 0.0 1 0.0230104923248291
0.6 38 0.0 1 0.023989439010620117
0.6 39 0.0 1 0.02300429344177246
0.6 40 0.0 1 0.021991252899169922
0.6 41 0.0 1 0.025005340576171875
0.6 42 0.0 1 0.025023698806762695
0.6 43 0.0 1 0.024005413055419922
0.6 44 0.0 1 0.022983551025390625
0.6 45 0.0 1 0.033007144927978516
0.6 46 0.0 1 0.027009010314941406
0.6 47 0.0 1 0.031005382537841797
0.6 48 0.0 1 0.022288084030151367
0.6 49 0.0 1 0.032584190368652344
0.62 0 0.0 1 0.02355337142944336
0.62 1 0.0 1 0.023355722427368164
0.62 2 0.0 1 0.02300858497619629
0.62 3 -0.006214703265369533 2 0.05499720573425293
0.62 4 0.0 1 0.02409076690673828
0.62 5 0.0 1 0.022009849548339844
0.62 6 0.0 1 0.025015830993652344
0.62 7 0.0 1 0.02300429344177246
0.62 8 0.0 1 0.023664236068725586
0.62 9 0.0 1 0.02300715446472168
0.62 10 0.0 1 0.024847745895385742
0.62 11 0.0 1 0.02400493621826172
0.62 12 0.0 1 0.02369832992553711
0.62 13 0.0 1 0.02396845817565918
0.62 14 0.0 1 0.03296399116516113
0.62 15 0.0 1 0.023005247116088867
0.62 16 0.0 1 0.02500605583190918
0.62 17 0.0 1 0.027759790420532227
0.62 18 0.0 1 0.027033329010009766
0.62 19 0.0 1 0.026792049407958984
0.62 20 0.0 1 0.023999929428100586
0.62 21 0.0 1 0.024013757705688477
0.62 22 0.0 1 0.028007030487060547
0.62 23 0.0 1 0.02510857582092285
0.62 24 0.0 1 0.025319337844848633
0.62 25 0.0 1 0.023009300231933594
0.62 26 0.0 1 0.02300572395324707
0.62 27 0.0 1 0.026009082794189453
0.62 28 0.0 1 0.02406167984008789
0.62 29 0.0 1 0.026065587997436523
0.62 30 0.0 1 0.031007766723632812
0.62 31 0.0 1 0.025022268295288086
0.62 32 0.0 1 0.024005651473999023
0.62 33 0.0 1 0.0400242805480957
0.62 34 0.0 1 0.023883819580078125
0.62 35 0.0 1 0.023512601852416992
0.62 36 0.0 1 0.023004770278930664
0.62 37 0.0 1 0.02400493621826172
0.62 38 0.0 1 0.024010896682739258
0.62 39 0.0 1 0.023005008697509766
0.62 40 0.0 1 0.023005247116088867
0.62 41 0.0 1 0.024022817611694336
0.62 42 0.0 1 0.02400064468383789
0.62 43 0.0 1 0.023034334182739258
0.62 44 0.0 1 0.024032115936279297
0.62 45 0.0 1 0.02599191665649414
0.62 46 0.0 1 0.026004314422607422
0.62 47 0.0 1 0.032007455825805664
0.62 48 0.0 1 0.02353811264038086
0.62 49 0.0 1 0.024005651473999023
0.64 0 0.0 1 0.024005651473999023
0.64 1 0.0 1 0.02453327178955078
0.64 2 0.0 1 0.021913766860961914
0.64 3 0.0 1 0.022128820419311523
0.64 4 0.0 1 0.024021148681640625
0.64 5 0.0 1 0.024006128311157227
0.64 6 0.0 1 0.024008750915527344
0.64 7 0.0 1 0.02501058578491211
0.64 8 0.0 1 0.02400493621826172
0.64 9 0.0 1 0.02295827865600586
0.64 10 0.0 1 0.023244380950927734
0.64 11 0.0 1 0.023006200790405273
0.64 12 0.0 1 0.027004480361938477
0.64 13 0.0 1 0.022609710693359375
0.64 14 0.0 1 0.025020360946655273
0.64 15 0.0 1 0.024178266525268555
0.64 16 0.0 1 0.024005413055419922
0.64 17 0.0 1 0.024005413055419922
0.64 18 -0.007386163655319679 2 0.052001237869262695
0.64 19 0.0 1 0.02504420280456543
0.64 20 0.0 1 0.03852033615112305
0.64 21 0.0 1 0.02401447296142578
0.64 22 0.0 1 0.03400897979736328
0.64 23 0.0 1 0.024005413055419922
0.64 24 0.0 1 0.03500223159790039
0.64 25 0.0 1 0.0235135555267334
0.64 26 0.0 1 0.02404046058654785
0.64 27 0.0 1 0.02308940887451172
0.64 28 0.0 1 0.023514747619628906
0.64 29 0.0 1 0.027019262313842773
0.64 30 0.0 1 0.023000478744506836
0.64 31 0.0 1 0.023000001907348633
0.64 32 0.0 1 0.024000883102416992
0.64 33 -0.007167360277974162 2 0.05201244354248047
0.64 34 0.0 1 0.022567033767700195
0.64 35 0.0 1 0.02300548553466797
0.64 36 0.0 1 0.025007247924804688
0.64 37 0.0 1 0.024010896682739258
0.64 38 0.0 1 0.026410341262817383
0.64 39 0.0 1 0.0310056209564209
0.64 40 0.0 1 0.023512840270996094
0.64 41 0.0 1 0.025089025497436523
0.64 42 0.0 1 0.02300548553466797
0.64 43 0.0 1 0.024007797241210938
0.64 44 0.0 1 0.022475004196166992
0.64 45 0.0 1 0.030494213104248047
0.64 46 0.0 1 0.03300809860229492
0.64 47 0.0 1 0.030051469802856445
0.64 48 0.0 1 0.02301478385925293
0.64 49 0.0 1 0.024985074996948242
0.66 0 0.0 1 0.023984909057617188
0.66 1 0.0 1 0.02700662612915039
0.66 2 0.0 1 0.022989749908447266
0.66 3 0.0 1 0.023013591766357422
0.66 4 0.0 1 0.023006200790405273
0.66 5 0.0 1 0.023003339767456055
0.66 6 0.0 1 0.022528648376464844
0.66 7 0.0 1 0.023525476455688477
0.66 8 0.0 1 0.02400493621826172
0.66 9 0.0 1 0.02546215057373047
0.66 10 0.0 1 0.023003339767456055
0.66 11 0.0 1 0.03523087501525879
0.66 12 0.0 1 0.02401256561279297
0.66 13 0.0 1 0.023024559020996094
0.66 14 0.0 1 0.024010658264160156
0.66 15 0.0 1 0.02402973175048828
0.66 16 0.0 1 0.023900270462036133
0.66 17 0.0 1 0.02405405044555664
0.66 18 0.0 1 0.025005817413330078
0.66 19 0.0 1 0.030008316040039062
0.66 20 0.0 1 0.024289608001708984
0.66 21 0.0 1 0.023186922073364258
0.66 22 0.0 1 0.02389073371887207
0.66 23 0.0 1 0.02400827407836914
0.66 24 0.0 1 0.029990673065185547
0.66 25 0.0 1 0.03950953483581543
0.66 26 0.0 1 0.025701045989990234
0.66 27 0.0 1 0.02389812469482422
0.66 28 0.0 1 0.028006792068481445
0.66 29 0.0 1 0.024985074996948242
0.66 30 0.0 1 0.023008346557617188
0.66 31 0.0 1 0.0240936279296875
0.66 32 0.0 1 0.023021459579467773
0.66 33 0.0 1 0.040009260177612305
0.66 34 0.0 1 0.024016857147216797
0.66 35 0.0 1 0.03400731086730957
0.66 36 0.0 1 0.023004770278930664
0.66 37 0.0 1 0.024135112762451172
0.66 38 0.0 1 0.024005889892578125
0.66 39 0.0 1 0.023018360137939453
0.66 40 0.0 1 0.023005962371826172
0.66 41 0.0 1 0.02303004264831543
0.66 42 0.0 1 0.02300548553466797
0.66 43 0.0 1 0.025077104568481445
0.66 44 0.0 1 0.030038833618164062
0.66 45 0.0 1 0.024985551834106445
0.66 46 0.0 1 0.024039745330810547
0.66 47 0.0 1 0.02303624153137207
0.66 48 0.0 1 0.02400374412536621
0.66 49 0.0 1 0.024003982543945312
0.6799999999999999 0 0.0 1 0.03400731086730957
0.6799999999999999 1 0.0 1 0.026984453201293945
0.6799999999999999 2 0.0 1 0.023003578186035156
0.6799999999999999 3 0.0 1 0.024004220962524414
0.6799999999999999 4 0.0 1 0.032006025314331055
0.6799999999999999 5 0.0 1 0.02305889129638672
0.6799999999999999 6 0.0 1 0.024078845977783203
0.6799999999999999 7 0.0 1 0.025058507919311523
0.6799999999999999 8 0.0 1 0.02498769760131836
0.6799999999999999 9 0.0 1 0.02500128746032715
0.6799999999999999 10 0.0 1 0.027289390563964844
0.6799999999999999 11 0.0 1 0.02755570411682129
0.6799999999999999 12 0.0 1 0.024007081985473633
0.6799999999999999 13 0.0 1 0.022788524627685547
0.6799999999999999 14 0.0 1 0.02999114990234375
0.6799999999999999 15 0.0 1 0.023516178131103516
0.6799999999999999 16 0.0 1 0.028532981872558594
0.6799999999999999 17 0.0 1 0.023913860321044922
0.6799999999999999 18 0.0 1 0.023511409759521484
0.6799999999999999 19 0.0 1 0.023004770278930664
0.6799999999999999 20 0.0 1 0.023468017578125
0.6799999999999999 21 0.0 1 0.02400350570678711
0.6799999999999999 22 -0.004752459620318068 2 0.07431626319885254
0.6799999999999999 23 0.0 1 0.024005651473999023
0.6799999999999999 24 0.0 1 0.03757476806640625
0.6799999999999999 25 0.0 1 0.025567293167114258
0.6799999999999999 26 -0.0047598066779045295 2 0.0529637336730957
0.6799999999999999 27 0.0 1 0.02400493621826172
0.6799999999999999 28 -0.002722026941161995 2 0.05901217460632324
0.6799999999999999 29 0.0 1 0.025005578994750977
0.6799999999999999 30 0.0 1 0.024009227752685547
0.6799999999999999 31 0.0 1 0.02407240867614746
0.6799999999999999 32 0.0 1 0.031008243560791016
0.6799999999999999 33 0.0 1 0.023985862731933594
0.6799999999999999 34 0.0 1 0.024021148681640625
0.6799999999999999 35 0.0 1 0.027005910873413086
0.6799999999999999 36 0.0 1 0.022897005081176758
0.6799999999999999 37 0.0 1 0.023690462112426758
0.6799999999999999 38 0.0 1 0.02606201171875
0.6799999999999999 39 0.0 1 0.028089284896850586
0.6799999999999999 40 0.0 1 0.02598714828491211
0.6799999999999999 41 0.0 1 0.023000717163085938
0.6799999999999999 42 0.0 1 0.023970365524291992
0.6799999999999999 43 0.0 1 0.03198647499084473
0.6799999999999999 44 0.0 1 0.023006677627563477
0.6799999999999999 45 0.0 1 0.0241086483001709
0.6799999999999999 46 0.0 1 0.031012535095214844
0.6799999999999999 47 0.0 1 0.023977041244506836
0.6799999999999999 48 -0.0026276787726500564 2 0.05808544158935547
0.6799999999999999 49 0.0 1 0.023005962371826172
0.7 0 0.0 1 0.02940225601196289
0.7 1 0.0 1 0.032527923583984375
0.7 2 -0.004752459620318068 2 0.049553871154785156
0.7 3 0.0 1 0.023463726043701172
0.7 4 0.0 1 0.025519371032714844
0.7 5 0.0 1 0.026480913162231445
0.7 6 0.0 1 0.023991107940673828
0.7 7 0.0 1 0.02330303192138672
0.7 8 0.0 1 0.025002002716064453
0.7 9 0.0 1 0.025059223175048828
0.7 10 0.0 1 0.025020122528076172
0.7 11 0.0 1 0.024889707565307617
0.7 12 0.0 1 0.02500629425048828
0.7 13 0.0 1 0.029007911682128906
0.7 14 0.0 1 0.02799201011657715
0.7 15 0.0 1 0.022988557815551758
0.7 16 0.0 1 0.027036428451538086
0.7 17 0.0 1 0.024746179580688477
0.7 18 0.0 1 0.024003267288208008
0.7 19 0.0 1 0.03285980224609375
0.7 20 0.0 1 0.024013042449951172
0.7 21 0.0 1 0.023571014404296875
0.7 22 0.0 1 0.029006242752075195
0.7 23 0.0 1 0.023942232131958008
0.7 24 0.0 1 0.026055097579956055
0.7 25 0.0 1 0.02506852149963379
0.7 26 0.0 1 0.02500605583190918
0.7 27 0.0 1 0.02600574493408203
0.7 28 0.0 1 0.025452136993408203
0.7 29 0.0 1 0.02300405502319336
0.7 30 0.0 1 0.024137020111083984
0.7 31 0.0 1 0.024005413055419922
0.7 32 0.0 1 0.031859397888183594
0.7 33 0.0 1 0.03502631187438965
0.7 34 0.0 1 0.041007041931152344
0.7 35 0.0 1 0.028005361557006836
0.7 36 -0.004635943243554688 2 0.05156350135803223
0.7 37 0.0 1 0.02451467514038086
0.7 38 0.0 1 0.022962093353271484
0.7 39 0.0 1 0.025003671646118164
0.7 40 0.0 1 0.02354741096496582
0.7 41 0.0 1 0.022903919219970703
0.7 42 0.0 1 0.02301931381225586
0.7 43 0.0 1 0.024904251098632812
0.7 44 0.0 1 0.023004770278930664
0.7 45 0.0 1 0.023972272872924805
0.7 46 0.0 1 0.02399158477783203
0.7 47 0.0 1 0.02300572395324707
0.7 48 0.0 1 0.023558855056762695
0.7 49 0.0 1 0.02362227439880371
0.72 0 0.0 1 0.034006595611572266
0.72 1 0.0 1 0.03847479820251465
0.72 2 0.0 1 0.025005817413330078
0.72 3 -2.63471683948446e-05 2 0.06556415557861328
0.72 4 0.0 1 0.04001045227050781
0.72 5 0.0 1 0.024008989334106445
0.72 6 0.0 1 0.024204254150390625
0.72 7 0.0 1 0.024892091751098633
0.72 8 0.0 1 0.02299952507019043
0.72 9 0.0 1 0.02306652069091797
0.72 10 0.0 1 0.024027585983276367
0.72 11 0.0 1 0.024218320846557617
0.72 12 0.0 1 0.023005962371826172
0.72 13 0.0 1 0.023005008697509766
0.72 14 0.0 1 0.026528358459472656
0.72 15 0.0 1 0.02472972869873047
0.72 16 0.0 1 0.024003982543945312
0.72 17 0.0 1 0.024006366729736328
0.72 18 0.0 1 0.02200460433959961
0.72 19 0.0 1 0.025054454803466797
0.72 20 0.0 1 0.027005434036254883
0.72 21 0.0 1 0.026005029678344727
0.72 22 0.0 1 0.024005413055419922
0.72 23 0.0 1 0.023575544357299805
0.72 24 0.0 1 0.022608041763305664
0.72 25 0.0 1 0.033010005950927734
0.72 26 0.0 1 0.03098750114440918
0.72 27 0.0 1 0.023002147674560547
0.72 28 0.0 1 0.024005651473999023
0.72 29 0.0 1 0.02800774574279785
0.72 30 0.0 1 0.023006439208984375
0.72 31 0.0 1 0.028005123138427734
0.72 32 0.0 1 0.02500438690185547
0.72 33 0.0 1 0.023006200790405273
0.72 34 0.0 1 0.15003347396850586
0.72 35 0.0 1 0.030017852783203125
0.72 36 0.0 1 0.024332046508789062
0.72 37 0.0 1 0.02400040626525879
0.72 38 0.0 1 0.023561716079711914
0.72 39 0.0 1 0.024005651473999023
0.72 40 0.0 1 0.031080245971679688
0.72 41 0.0 1 0.0260009765625
0.72 42 0.0 1 0.02400493621826172
0.72 43 0.0 1 0.02400374412536621
0.72 44 0.0 1 0.024031877517700195
0.72 45 0.0 1 0.02500605583190918
0.72 46 0.0 1 0.023004770278930664
0.72 47 0.0 1 0.024605751037597656
0.72 48 0.0 1 0.024007797241210938
0.72 49 0.0 1 0.024025917053222656
0.74 0 0.0 1 0.025519847869873047
0.74 1 0.0 1 0.02604842185974121
0.74 2 0.0 1 0.025005340576171875
0.74 3 0.0 1 0.022972822189331055
0.74 4 -0.006214703265369533 2 0.05901193618774414
0.74 5 0.0 1 0.022983074188232422
0.74 6 0.0 1 0.024003267288208008
0.74 7 0.0 1 0.024034500122070312
0.74 8 0.0 1 0.024029254913330078
0.74 9 0.0 1 0.02305126190185547
0.74 10 0.0 1 0.02800583839416504
0.74 11 0.0 1 0.03152155876159668
0.74 12 0.0 1 0.025363445281982422
0.74 13 0.0 1 0.024106979370117188
0.74 14 0.0 1 0.024007797241210938
0.74 15 0.0 1 0.024792909622192383
0.74 16 0.0 1 0.025918245315551758
0.74 17 0.0 1 0.024004697799682617
0.74 18 0.0 1 0.023066043853759766
0.74 19 0.0 1 0.029006004333496094
0.74 20 0.0 1 0.024037837982177734
0.74 21 0.0 1 0.025006532669067383
0.74 22 0.0 1 0.02352285385131836
0.74 23 0.0 1 0.02720785140991211
0.74 24 0.0 1 0.02702808380126953
0.74 25 0.0 1 0.02400493621826172
0.74 26 0.0 1 0.03165316581726074
0.74 27 0.0 1 0.027008533477783203
0.74 28 0.0 1 0.02402782440185547
0.74 29 0.0 1 0.022018909454345703
0.74 30 0.0 1 0.025043725967407227
0.74 31 0.0 1 0.024580717086791992
0.74 32 0.0 1 0.0273592472076416
0.74 33 0.0 1 0.024003982543945312
0.74 34 0.0 1 0.025002479553222656
0.74 35 0.0 1 0.024023056030273438
0.74 36 0.0 1 0.026015520095825195
0.74 37 0.0 1 0.025016069412231445
0.74 38 0.0 1 0.024235248565673828
0.74 39 0.0 1 0.024019718170166016
0.74 40 0.0 1 0.04100918769836426
0.74 41 0.0 1 0.025672435760498047
0.74 42 0.0 1 0.038030385971069336
0.74 43 0.0 1 0.03500723838806152
0.74 44 0.0 1 0.024005651473999023
0.74 45 0.0 1 0.02600574493408203
0.74 46 0.0 1 0.023046493530273438
0.74 47 0.0 1 0.022487640380859375
0.74 48 0.0 1 0.03211641311645508
0.74 49 0.0 1 0.027910709381103516
0.76 0 0.0 1 0.022982120513916016
0.76 1 0.0 1 0.02300715446472168
0.76 2 0.0 1 0.02301192283630371
0.76 3 0.0 1 0.026114702224731445
0.76 4 0.0 1 0.022005558013916016
0.76 5 0.0 1 0.025013208389282227
0.76 6 0.0 1 0.023286819458007812
0.76 7 0.0 1 0.025017499923706055
0.76 8 0.0 1 0.02700352668762207
0.76 9 0.0 1 0.023004531860351562
0.76 10 0.0 1 0.023891687393188477
0.76 11 0.0 1 0.025852203369140625
0.76 12 -0.006232668508048411 2 0.05900216102600098
0.76 13 0.0 1 0.02400684356689453
0.76 14 0.0 1 0.024007558822631836
0.76 15 0.0 1 0.02402329444885254
0.76 16 0.0 1 0.025439023971557617
0.76 17 0.0 1 0.02700662612915039
0.76 18 0.0 1 0.023054838180541992
0.76 19 0.0 1 0.024010658264160156
0.76 20 0.0 1 0.02429056167602539
0.76 21 0.0 1 0.024091482162475586
0.76 22 0.0 1 0.02429485321044922
0.76 23 0.0 1 0.025005102157592773
0.76 24 0.0 1 0.03000640869140625
0.76 25 0.0 1 0.02499246597290039
0.76 26 0.0 1 0.03900480270385742
0.76 27 0.0 1 0.024985790252685547
0.76 28 0.0 1 0.02400517463684082
0.76 29 0.0 1 0.024004697799682617
0.76 30 0.0 1 0.02402186393737793
0.76 31 0.0 1 0.02249932289123535
0.76 32 0.0 1 0.02392411231994629
0.76 33 0.0 1 0.02301025390625
0.76 34 0.0 1 0.026004552841186523
0.76 35 0.0 1 0.023077011108398438
0.76 36 0.0 1 0.025860071182250977
0.76 37 0.0 1 0.030991077423095703
0.76 38 0.0 1 0.024004459381103516
0.76 39 0.0 1 0.02500438690185547
0.76 40 0.0 1 0.02791595458984375
0.76 41 0.0 1 0.024005651473999023
0.76 42 0.0 1 0.024025678634643555
0.76 43 0.0 1 0.026069164276123047
0.76 44 -0.006264383055197559 2 0.06099843978881836
0.76 45 0.0 1 0.027006149291992188
0.76 46 0.0 1 0.023080110549926758
0.76 47 0.0 1 0.023000717163085938
0.76 48 0.0 1 0.02600693702697754
0.76 49 -0.0027163556570253943 2 0.06501436233520508
0.78 0 0.0 1 0.02300429344177246
0.78 1 0.0 1 0.024141550064086914
0.78 2 0.0 1 0.03100752830505371
0.78 3 0.0 1 0.024001359939575195
0.78 4 0.0 1 0.024008989334106445
0.78 5 0.0 1 0.024005413055419922
0.78 6 0.0 1 0.026004552841186523
0.78 7 0.0 1 0.034215450286865234
0.78 8 0.0 1 0.02512192726135254
0.78 9 0.0 1 0.024007797241210938
0.78 10 0.0 1 0.023112058639526367
0.78 11 0.0 1 0.03900718688964844
0.78 12 0.0 1 0.025046348571777344
0.78 13 0.0 1 0.0310056209564209
0.78 14 0.0 1 0.02398824691772461
0.78 15 0.0 1 0.02559041976928711
0.78 16 0.0 1 0.024574756622314453
0.78 17 0.0 1 0.02300572395324707
0.78 18 0.0 1 0.024007081985473633
0.78 19 0.0 1 0.022988557815551758
0.78 20 0.0 1 0.0240023136138916
0.78 21 0.016599994762068544 2 0.05213356018066406
0.78 22 0.0 1 0.025565624237060547
0.78 23 0.0 1 0.02300572395324707
0.78 24 0.0 1 0.028526782989501953
0.78 25 0.0 1 0.031050920486450195
0.78 26 0.0 1 0.031043529510498047
0.78 27 0.0 1 0.023519039154052734
0.78 28 0.0 1 0.02807140350341797
0.78 29 0.0 1 0.02298879623413086
0.78 30 0.0 1 0.023026227951049805
0.78 31 0.0 1 0.022005319595336914
0.78 32 0.0 1 0.024005413055419922
0.78 33 0.0 1 0.024031400680541992
0.78 34 0.0 1 0.024072885513305664
0.78 35 0.0 1 0.023180246353149414
0.78 36 0.0 1 0.03199148178100586
0.78 37 0.0 1 0.02303338050842285
0.78 38 0.0 1 0.026958942413330078
0.78 39 -0.007087974007297234 2 0.06610369682312012
0.78 40 0.0 1 0.03103184700012207
0.78 41 0.0 1 0.024033546447753906
0.78 42 0.0 1 0.024021148681640625
0.78 43 0.0 1 0.023003339767456055
0.78 44 0.0 1 0.023097753524780273
0.78 45 0.0 1 0.028005123138427734
0.78 46 0.0 1 0.03098607063293457
0.78 47 0.0 1 0.030989408493041992
0.78 48 0.0 1 0.024939537048339844
0.78 49 0.0 1 0.02298426628112793
0.8 0 0.0 1 0.024024248123168945
0.8 1 0.0 1 0.023005247116088867
0.8 2 0.0 1 0.023972749710083008
0.8 3 -9.596978568711006e-05 2 0.05900716781616211
0.8 4 0.0 1 0.025000572204589844
0.8 5 0.0 1 0.024004697799682617
0.8 6 0.0 1 0.030004501342773438
0.8 7 0.0 1 0.024004459381103516
0.8 8 -2.63471683948446e-05 2 0.05301070213317871
0.8 9 0.0 1 0.026004791259765625
0.8 10 0.0 1 0.029004812240600586
0.8 11 0.0 1 0.02300262451171875
0.8 12 0.0 1 0.02400660514831543
0.8 13 0.0 1 0.025025367736816406
0.8 14 0.0 1 0.02500772476196289
0.8 15 0.0 1 0.02614426612854004
0.8 16 0.0 1 0.03206348419189453
0.8 17 0.0 1 0.027005910873413086
0.8 18 0.0 1 0.027008771896362305
0.8 19 0.0 1 0.022684812545776367
0.8 20 0.0 1 0.031049013137817383
0.8 21 0.0 1 0.02602553367614746
0.8 22 0.0 1 0.02601313591003418
0.8 23 0.0 1 0.02400493621826172
0.8 24 0.0 1 0.026052474975585938
0.8 25 0.0 1 0.03300666809082031
0.8 26 0.0 1 0.03200721740722656
0.8 27 0.0 1 0.03202319145202637
0.8 28 0.0 1 0.023487091064453125
0.8 29 0.0 1 0.023006200790405273
0.8 30 0.0 1 0.025518178939819336
0.8 31 0.0 1 0.0256805419921875
0.8 32 0.0 1 0.025004863739013672
0.8 33 0.0 1 0.02400660514831543
0.8 34 0.0 1 0.02400493621826172
0.8 35 0.0 1 0.033006906509399414
0.8 36 0.0 1 0.026003599166870117
0.8 37 0.0 1 0.02701115608215332
0.8 38 0.0 1 0.025048494338989258
0.8 39 -0.006216703168904773 2 0.05081486701965332
0.8 40 0.0 1 0.023144245147705078
0.8 41 0.0 1 0.024005413055419922
0.8 42 0.0 1 0.039023399353027344
0.8 43 0.0 1 0.025989294052124023
0.8 44 0.0 1 0.024983644485473633
0.8 45 0.0 1 0.025005340576171875
0.8 46 0.0 1 0.02621293067932129
0.8 47 0.0 1 0.02400493621826172
0.8 48 0.0 1 0.024058103561401367
0.8 49 0.0 1 0.024013280868530273
0.82 0 0.0 1 0.02403998374938965
0.82 1 0.0 1 0.023860931396484375
0.82 2 0.0 1 0.0245516300201416
0.82 3 0.0 1 0.02300548553466797
0.82 4 0.0 1 0.02596879005432129
0.82 5 0.0 1 0.025517940521240234
0.82 6 0.0 1 0.02998971939086914
0.82 7 0.0 1 0.02400517463684082
0.82 8 -0.007382228726156379 2 0.054524898529052734
0.82 9 0.0 1 0.023462772369384766
0.82 10 0.0 1 0.023883819580078125
0.82 11 0.0 1 0.02607870101928711
0.82 12 0.0 1 0.026003360748291016
0.82 13 0.0 1 0.030010461807250977
0.82 14 0.0 1 0.02398967742919922
0.82 15 0.0 1 0.02325439453125
0.82 16 0.0 1 0.025013208389282227
0.82 17 0.0 1 0.024518966674804688
0.82 18 0.0 1 0.02860260009765625
0.82 19 0.0 1 0.023025989532470703
0.82 20 0.0 1 0.02502155303955078
0.82 21 0.0 1 0.023006200790405273
0.82 22 0.0 1 0.027140378952026367
0.82 23 0.0 1 0.035196781158447266
0.82 24 0.0 1 0.025036334991455078
0.82 25 0.0 1 0.028005123138427734
0.82 26 0.0 1 0.022928714752197266
0.82 27 0.0 1 0.027005672454833984
0.82 28 0.0 1 0.026237010955810547
0.82 29 0.0 1 0.024006366729736328
0.82 30 0.0 1 0.025016307830810547
0.82 31 0.0 1 0.025057315826416016
0.82 32 0.0 1 0.025016307830810547
0.82 33 0.0 1 0.025989294052124023
0.82 34 0.0 1 0.02401423454284668
0.82 35 0.0 1 0.03100872039794922
0.82 36 0.0 1 0.024234771728515625
0.82 37 0.0 1 0.029015064239501953
0.82 38 0.0 1 0.03902935981750488
0.82 39 0.0 1 0.023967981338500977
0.82 40 0.023488366794861774 2 0.06601381301879883
0.82 41 0.0 1 0.024005889892578125
0.82 42 0.0 1 0.024004220962524414
0.82 43 -0.00474464142554436 2 0.05401420593261719
0.82 44 0.0 1 0.02400493621826172
0.82 45 0.0 1 0.02401280403137207
0.82 46 0.0 1 0.03600931167602539
0.82 47 0.0 1 0.030006885528564453
0.82 48 0.0 1 0.03916764259338379
0.82 49 0.011643158399105817 2 0.05465555191040039
0.84 0 0.0 1 0.032065391540527344
0.84 1 0.0 1 0.024013280868530273
0.84 2 0.0 1 0.02752089500427246
0.84 3 0.0 1 0.023569822311401367
0.84 4 0.0 1 0.033022403717041016
0.84 5 0.0 1 0.024003982543945312
0.84 6 0.0 1 0.024176836013793945
0.84 7 0.0 1 0.0380091667175293
0.84 8 0.0 1 0.026005268096923828
0.84 9 0.0 1 0.024518728256225586
0.84 10 0.0 1 0.02500462532043457
0.84 11 0.0 1 0.023525476455688477
0.84 12 0.0 1 0.023005247116088867
0.84 13 0.0 1 0.03902888298034668
0.84 14 0.0 1 0.023005247116088867
0.84 15 0.0 1 0.022452354431152344
0.84 16 0.0 1 0.03001856803894043
0.84 17 0.0 1 0.026004791259765625
0.84 18 -0.002669917868380409 2 0.061255693435668945
0.84 19 0.0 1 0.02300572395324707
0.84 20 0.0 1 0.023026704788208008
0.84 21 0.0 1 0.02962946891784668
0.84 22 0.0 1 0.029867172241210938
0.84 23 0.0 1 0.025175809860229492
0.84 24 0.0 1 0.027859210968017578
0.84 25 0.0 1 0.02400350570678711
0.84 26 -0.007610829303854609 2 0.05452752113342285
0.84 27 0.0 1 0.023908615112304688
0.84 28 0.0 1 0.02400517463684082
0.84 29 0.0 1 0.02300715446472168
0.84 30 0.0 1 0.024064064025878906
0.84 31 0.0 1 0.02401113510131836
0.84 32 0.0 1 0.02402496337890625
0.84 33 0.0 1 0.029022216796875
0.84 34 0.0 1 0.024015188217163086
0.84 35 -0.006264383055197553 2 0.07877731323242188
0.84 36 -9.596978568711384e-05 2 0.06286501884460449
0.84 37 0.0 1 0.030072450637817383
0.84 38 0.0 1 0.024004459381103516
0.84 39 0.0 1 0.02300548553466797
0.84 40 0.0 1 0.023005008697509766
0.84 41 0.0074822582925728924 2 0.057996511459350586
0.84 42 0.0 1 0.0250244140625
0.84 43 0.0 1 0.024989843368530273
0.84 44 0.0 1 0.024020671844482422
0.84 45 0.0 1 0.022513151168823242
0.84 46 0.0 1 0.03299427032470703
0.84 47 0.0 1 0.027518033981323242
0.84 48 0.0 1 0.02500438690185547
0.84 49 0.0 1 0.02514791488647461
0.86 0 0.0 1 0.0369870662689209
0.86 1 0.0 1 0.02500462532043457
0.86 2 0.0 1 0.03500723838806152
0.86 3 0.0 1 0.02523970603942871
0.86 4 0.0 1 0.023931503295898438
0.86 5 0.0 1 0.03209328651428223
0.86 6 0.0 1 0.02800893783569336
0.86 7 0.0 1 0.024049043655395508
0.86 8 0.0 1 0.024004220962524414
0.86 9 0.0 1 0.022754907608032227
0.86 10 0.0 1 0.025004148483276367
0.86 11 0.0 1 0.026676416397094727
0.86 12 0.0 1 0.025000333786010742
0.86 13 0.0 1 0.023054838180541992
0.86 14 0.0 1 0.02698516845703125
0.86 15 0.0 1 0.027004003524780273
0.86 16 0.0 1 0.030991554260253906
0.86 17 0.0 1 0.023520469665527344
0.86 18 0.0 1 0.024005889892578125
0.86 19 0.0 1 0.022573471069335938
0.86 20 0.0 1 0.03640246391296387
0.86 21 0.0 1 0.030231475830078125
0.86 22 0.0 1 0.02326679229736328
0.86 23 -0.006232668508048411 2 0.05213642120361328
0.86 24 0.0 1 0.0240018367767334
0.86 25 0.0 1 0.024138689041137695
0.86 26 0.0 1 0.025022029876708984
0.86 27 0.0 1 0.024142026901245117
0.86 28 0.0 1 0.03301429748535156
0.86 29 0.0 1 0.023004770278930664
0.86 30 0.0 1 0.026057958602905273
0.86 31 0.003418561393408758 2 0.06440520286560059
0.86 32 0.0 1 0.025012493133544922
0.86 33 0.0 1 0.025006771087646484
0.86 34 0.0 1 0.026021718978881836
0.86 35 0.0 1 0.023005962371826172
0.86 36 0.0 1 0.024356365203857422
0.86 37 0.0 1 0.025005578994750977
0.86 38 0.0 1 0.028193950653076172
0.86 39 0.0 1 0.024026155471801758
0.86 40 0.0 1 0.027006149291992188
0.86 41 0.0 1 0.025010347366333008
0.86 42 0.0 1 0.024030685424804688
0.86 43 0.0 1 0.024035930633544922
0.86 44 0.0 1 0.0239865779876709
0.86 45 0.0 1 0.033007144927978516
0.86 46 0.0 1 0.025005102157592773
0.86 47 0.0 1 0.03101515769958496
0.86 48 0.0 1 0.02300548553466797
0.86 49 0.0 1 0.02500605583190918
0.88 0 0.0 1 0.031000137329101562
0.88 1 0.0 1 0.02314019203186035
0.88 2 0.0 1 0.02500462532043457
0.88 3 0.0 1 0.023055315017700195
0.88 4 0.0 1 0.03452587127685547
0.88 5 0.0 1 0.02752542495727539
0.88 6 0.0 1 0.030007123947143555
0.88 7 0.0 1 0.02300572395324707
0.88 8 0.0 1 0.022985458374023438
0.88 9 0.0 1 0.023006200790405273
0.88 10 0.0 1 0.024005413055419922
0.88 11 0.0 1 0.03200697898864746
0.88 12 0.0 1 0.023005962371826172
0.88 13 0.0 1 0.022999286651611328
0.88 14 0.0 1 0.023003339767456055
0.88 15 0.0 1 0.02600717544555664
0.88 16 0.0 1 0.04201173782348633
0.88 17 0.0 1 0.02405071258544922
0.88 18 0.0 1 0.025200605392456055
0.88 19 0.0 1 0.02500629425048828
0.88 20 -2.6347168394843334e-05 2 0.0590357780456543
0.88 21 0.0 1 0.022032737731933594
0.88 22 0.0 1 0.025005817413330078
0.88 23 0.0 1 0.02984309196472168
0.88 24 0.0 1 0.030010461807250977
0.88 25 0.0 1 0.024005889892578125
0.88 26 0.0 1 0.024004220962524414
0.88 27 0.0 1 0.025053977966308594
0.88 28 0.0 1 0.02503657341003418
0.88 29 0.0 1 0.03894925117492676
0.88 30 0.0 1 0.023004770278930664
0.88 31 0.0 1 0.029995203018188477
0.88 32 0.0 1 0.02502894401550293
0.88 33 0.0 1 0.02453136444091797
0.88 34 -0.0047598066779045295 2 0.05425739288330078
0.88 35 0.0 1 0.03202319145202637
0.88 36 0.0 1 0.021877765655517578
0.88 37 0.0 1 0.026012897491455078
0.88 38 0.0 1 0.02402520179748535
0.88 39 0.0 1 0.024986743927001953
0.88 40 0.0 1 0.025043964385986328
0.88 41 0.0 1 0.02398538589477539
0.88 42 0.0 1 0.02400660514831543
0.88 43 0.0 1 0.03200793266296387
0.88 44 0.0 1 0.02486109733581543
0.88 45 0.0 1 0.024005413055419922
0.88 46 0.0 1 0.02403545379638672
0.88 47 -7.296789450023967e-05 2 0.0590815544128418
0.88 48 0.0 1 0.02540755271911621
0.88 49 0.0 1 0.026031017303466797
0.9 0 0.0 1 0.02401113510131836
0.9 1 0.0 1 0.0325162410736084
0.9 2 0.0 1 0.02700519561767578
0.9 3 0.0 1 0.03302168846130371
0.9 4 0.0 1 0.024010181427001953
0.9 5 0.0 1 0.024002552032470703
0.9 6 0.0 1 0.024005889892578125
0.9 7 0.0 1 0.02284836769104004
0.9 8 0.0 1 0.026029109954833984
0.9 9 0.0 1 0.03216123580932617
0.9 10 0.0 1 0.023424863815307617
0.9 11 0.0 1 0.0257108211517334
0.9 12 0.0 1 0.027007102966308594
0.9 13 0.0 1 0.039025306701660156
0.9 14 0.0 1 0.02400517463684082
0.9 15 0.0 1 0.02500748634338379
0.9 16 0.0 1 0.02400660514831543
0.9 17 0.0 1 0.02292609214782715
0.9 18 0.0 1 0.024005413055419922
0.9 19 0.0 1 0.03404641151428223
0.9 20 0.0 1 0.02401447296142578
0.9 21 0.0 1 0.026991605758666992
0.9 22 -0.006232668508048411 2 0.07277798652648926
0.9 23 0.0 1 0.03501009941101074
0.9 24 0.0 1 0.025008678436279297
0.9 25 0.0 1 0.02599310874938965
0.9 26 0.0 1 0.024985551834106445
0.9 27 0.0 1 0.02625274658203125
0.9 28 0.0 1 0.025133609771728516
0.9 29 0.0 1 0.025004148483276367
0.9 30 0.0 1 0.02403116226196289
0.9 31 0.0 1 0.02399158477783203
0.9 32 0.0 1 0.03549981117248535
0.9 33 0.0 1 0.02890944480895996
0.9 34 0.0 1 0.03100442886352539
0.9 35 0.0 1 0.025005817413330078
0.9 36 0.0 1 0.024003982543945312
0.9 37 0.0 1 0.026007413864135742
0.9 38 0.0 1 0.025012493133544922
0.9 39 0.0 1 0.027028322219848633
0.9 40 0.0 1 0.028865337371826172
0.9 41 0.007251252123963765 2 0.05299806594848633
0.9 42 0.0 1 0.03152346611022949
0.9 43 0.0 1 0.03300666809082031
0.9 44 0.0 1 0.02800607681274414
0.9 45 0.0 1 0.0285189151763916
0.9 46 0.0 1 0.026644229888916016
0.9 47 0.0 1 0.025059223175048828
0.9 48 0.0 1 0.03200674057006836
0.9 49 0.0 1 0.036035776138305664
0.92 0 0.0 1 0.024034738540649414
0.92 1 0.0 1 0.022287845611572266
0.92 2 0.0 1 0.023034095764160156
0.92 3 0.0 1 0.024003028869628906
0.92 4 0.0 1 0.025050640106201172
0.92 5 0.0 1 0.02403116226196289
0.92 6 0.0 1 0.024007081985473633
0.92 7 0.0 1 0.02400374412536621
0.92 8 0.0 1 0.02400827407836914
0.92 9 0.0 1 0.025844812393188477
0.92 10 0.0 1 0.02400374412536621
0.92 11 0.0 1 0.02563333511352539
0.92 12 0.0 1 0.02500128746032715
0.92 13 -0.004697794226801296 2 0.061040639877319336
0.92 14 0.0 1 0.02352619171142578
0.92 15 0.0 1 0.025006771087646484
0.92 16 0.0 1 0.03372836112976074
0.92 17 0.0 1 0.023005247116088867
0.92 18 0.0 1 0.030988693237304688
0.92 19 0.0 1 0.03301644325256348
0.92 20 0.007251252123963765 2 0.05884885787963867
0.92 21 0.0 1 0.028532028198242188
0.92 22 0.0 1 0.028519392013549805
0.92 23 0.04460806270604259 2 0.05903959274291992
0.92 24 0.0 1 0.032007455825805664
0.92 25 0.0 1 0.02403426170349121
0.92 26 0.0 1 0.026007652282714844
0.92 27 0.0 1 0.023024559020996094
0.92 28 0.0 1 0.025580644607543945
0.92 29 0.0 1 0.02500605583190918
0.92 30 0.0 1 0.024002790451049805
0.92 31 0.0 1 0.03600645065307617
0.92 32 0.0 1 0.025057554244995117
0.92 33 0.0 1 0.02498483657836914
0.92 34 0.0 1 0.024025917053222656
0.92 35 0.0 1 0.027136802673339844
0.92 36 0.0 1 0.0260012149810791
0.92 37 0.0 1 0.028031349182128906
0.92 38 0.0 1 0.025412559509277344
0.92 39 0.0 1 0.024006128311157227
0.92 40 0.0 1 0.025019168853759766
0.92 41 0.0 1 0.025005817413330078
0.92 42 0.0 1 0.032009124755859375
0.92 43 0.0 1 0.026773929595947266
0.92 44 0.0 1 0.032010793685913086
0.92 45 0.0 1 0.031007766723632812
0.92 46 0.0 1 0.02600693702697754
0.92 47 0.0 1 0.025513410568237305
0.92 48 0.0 1 0.024003267288208008
0.92 49 0.0 1 0.03500843048095703
0.94 0 0.0 1 0.027550697326660156
0.94 1 0.0 1 0.02703547477722168
0.94 2 0.0 1 0.03000783920288086
0.94 3 0.0 1 0.04039788246154785
0.94 4 0.0 1 0.026015520095825195
0.94 5 0.022444310827320284 2 0.05524325370788574
0.94 6 0.0 1 0.025005102157592773
0.94 7 0.0 1 0.023067712783813477
0.94 8 0.0 1 0.03706192970275879
0.94 9 0.0 1 0.023227214813232422
0.94 10 0.0 1 0.0312654972076416
0.94 11 0.0 1 0.026005268096923828
0.94 12 0.0 1 0.02318549156188965
0.94 13 0.0 1 0.02701258659362793
0.94 14 0.0 1 0.022924423217773438
0.94 15 0.0 1 0.03500795364379883
0.94 16 0.0 1 0.02404499053955078
0.94 17 0.0 1 0.02400946617126465
0.94 18 0.0 1 0.028856515884399414
0.94 19 0.0 1 0.023004531860351562
0.94 20 0.0 1 0.02393031120300293
0.94 21 0.0 1 0.022568702697753906
0.94 22 0.0 1 0.024007797241210938
0.94 23 0.0 1 0.024997949600219727
0.94 24 0.0 1 0.027040481567382812
0.94 25 0.0 1 0.02600860595703125
0.94 26 0.0 1 0.025005578994750977
0.94 27 0.0 1 0.026567697525024414
0.94 28 0.0 1 0.026005983352661133
0.94 29 0.0 1 0.024007081985473633
0.94 30 0.0 1 0.02599048614501953
0.94 31 0.0 1 0.025133609771728516
0.94 32 0.0 1 0.028032541275024414
0.94 33 0.0 1 0.02801203727722168
0.94 34 0.0 1 0.02402639389038086
0.94 35 0.0 1 0.024005413055419922
0.94 36 0.0 1 0.02498340606689453
0.94 37 0.0 1 0.02904534339904785
0.94 38 0.0 1 0.022640466690063477
0.94 39 0.0 1 0.022558212280273438
0.94 40 0.0 1 0.024989604949951172
0.94 41 0.0 1 0.03486990928649902
0.94 42 0.0 1 0.025940895080566406
0.94 43 0.0 1 0.030101299285888672
0.94 44 0.0 1 0.03300762176513672
0.94 45 0.0 1 0.024006128311157227
0.94 46 0.0 1 0.024062633514404297
0.94 47 0.0 1 0.04001498222351074
0.94 48 0.0 1 0.04137086868286133
0.94 49 0.0 1 0.032624244689941406
0.96 0 -0.00475740888116101 2 0.05252718925476074
0.96 1 0.0 1 0.024003267288208008
0.96 2 0.0 1 0.02244710922241211
0.96 3 0.0 1 0.02304553985595703
0.96 4 0.0 1 0.02477097511291504
0.96 5 0.0 1 0.024008512496948242
0.96 6 0.0 1 0.023005962371826172
0.96 7 0.0 1 0.028039216995239258
0.96 8 0.0 1 0.026261091232299805
0.96 9 0.003130200440575802 2 0.05692911148071289
0.96 10 0.0 1 0.03021407127380371
0.96 11 0.0 1 0.026004791259765625
0.96 12 0.0 1 0.02400517463684082
0.96 13 0.0 1 0.02400374412536621
0.96 14 0.0 1 0.02306079864501953
0.96 15 0.0 1 0.02502918243408203
0.96 16 0.0 1 0.024516820907592773
0.96 17 0.0 1 0.03400778770446777
0.96 18 0.0 1 0.038012027740478516
0.96 19 0.0 1 0.02498483657836914
0.96 20 0.0 1 0.027007579803466797
0.96 21 0.0 1 0.024005651473999023
0.96 22 0.0 1 0.0224606990814209
0.96 23 0.0 1 0.024990320205688477
0.96 24 0.0 1 0.02751779556274414
0.96 25 0.0 1 0.0339350700378418
0.96 26 0.0 1 0.02400040626525879
0.96 27 0.0 1 0.023003339767456055
0.96 28 0.0 1 0.024252653121948242
0.96 29 0.0 1 0.024025678634643555
0.96 30 -0.007111527585898865 2 0.0569920539855957
0.96 31 0.0 1 0.024001598358154297
0.96 32 0.0 1 0.03005242347717285
0.96 33 0.0 1 0.02900099754333496
0.96 34 0.0 1 0.024654626846313477
0.96 35 0.0 1 0.024005889892578125
0.96 36 0.0 1 0.023991107940673828
0.96 37 0.0 1 0.03333783149719238
0.96 38 0.0 1 0.023001670837402344
0.96 39 0.0 1 0.0235440731048584
0.96 40 0.0 1 0.04401230812072754
0.96 41 0.0 1 0.02451610565185547
0.96 42 0.011305247736850677 2 0.07101583480834961
0.96 43 0.0 1 0.031016826629638672
0.96 44 0.0 1 0.031749725341796875
0.96 45 0.0 1 0.03952193260192871
0.96 46 0.0 1 0.03200650215148926
0.96 47 0.016599994762068547 2 0.06636452674865723
0.96 48 0.0 1 0.031003236770629883
0.96 49 0.0 1 0.026042938232421875
0.98 0 0.0 1 0.03879499435424805
0.98 1 0.0 1 0.023073673248291016
0.98 2 0.0 1 0.023355960845947266
0.98 3 0.0 1 0.02400517463684082
0.98 4 0.0 1 0.025007009506225586
0.98 5 0.0 1 0.02301955223083496
0.98 6 0.0 1 0.02398061752319336
0.98 7 0.0 1 0.02298760414123535
0.98 8 0.0 1 0.025034427642822266
0.98 9 0.0 1 0.022002696990966797
0.98 10 0.0 1 0.02496170997619629
0.98 11 0.0 1 0.02577042579650879
0.98 12 0.0 1 0.024359941482543945
0.98 13 0.0 1 0.023915767669677734
0.98 14 0.0 1 0.027931928634643555
0.98 15 0.0 1 0.02551746368408203
0.98 16 0.0 1 0.027568340301513672
0.98 17 0.0 1 0.02300429344177246
0.98 18 0.0 1 0.023990631103515625
0.98 19 0.0 1 0.02310657501220703
0.98 20 0.0 1 0.02501368522644043
0.98 21 0.0 1 0.02303171157836914
0.98 22 0.0 1 0.023360490798950195
0.98 23 0.0 1 0.024006128311157227
0.98 24 0.0 1 0.025005578994750977
0.98 25 0.0 1 0.02276468276977539
0.98 26 0.0 1 0.023005008697509766
0.98 27 0.0 1 0.02402186393737793
0.98 28 0.0 1 0.023004531860351562
0.98 29 0.0 1 0.023000717163085938
0.98 30 0.0 1 0.02400970458984375
0.98 31 0.0 1 0.02301192283630371
0.98 32 0.0 1 0.024049043655395508
0.98 33 0.0 1 0.023018360137939453
0.98 34 0.0 1 0.022594213485717773
0.98 35 0.0 1 0.02398395538330078
0.98 36 0.0 1 0.026560068130493164
0.98 37 0.0 1 0.024004220962524414
0.98 38 0.0 1 0.025031566619873047
0.98 39 0.0 1 0.022953510284423828
0.98 40 0.0 1 0.024152517318725586
0.98 41 0.0 1 0.02300715446472168
0.98 42 0.0 1 0.023005008697509766
0.98 43 0.0 1 0.025005102157592773
0.98 44 0.0 1 0.02404332160949707
0.98 45 0.0 1 0.02600574493408203
0.98 46 0.0 1 0.023100852966308594
0.98 47 0.0 1 0.02301931381225586
0.98 48 0.0 1 0.023990392684936523
0.98 49 0.0 1 0.023575305938720703
1.0 0 0.0 1 0.030006885528564453
1.0 1 0.0 1 0.03206181526184082
1.0 2 0.0 1 0.023024797439575195
1.0 3 0.0 1 0.0239865779876709
1.0 4 0.0 1 0.025000572204589844
1.0 5 0.0 1 0.023990392684936523
1.0 6 0.0 1 0.02502608299255371
1.0 7 0.0 1 0.025135517120361328
1.0 8 0.0 1 0.023156166076660156
1.0 9 0.0 1 0.023893117904663086
1.0 10 0.0 1 0.024007320404052734
1.0 11 0.0 1 0.02358531951904297
1.0 12 0.0 1 0.023536205291748047
1.0 13 0.0 1 0.024985790252685547
1.0 14 0.0 1 0.023538827896118164
1.0 15 0.0 1 0.02300238609313965
1.0 16 0.0 1 0.02400684356689453
1.0 17 0.0 1 0.022581100463867188
1.0 18 0.0 1 0.02309894561767578
1.0 19 0.0 1 0.02310657501220703
1.0 20 0.0 1 0.02255845069885254
1.0 21 0.0 1 0.026462078094482422
1.0 22 0.0 1 0.023034334182739258
1.0 23 0.0 1 0.02300548553466797
1.0 24 0.0 1 0.024006366729736328
1.0 25 0.0 1 0.02298736572265625
1.0 26 0.0 1 0.023000240325927734
1.0 27 0.0 1 0.023026466369628906
1.0 28 0.0 1 0.022548198699951172
1.0 29 0.0 1 0.022006750106811523
1.0 30 0.0 1 0.02326226234436035
1.0 31 0.0 1 0.023009538650512695
1.0 32 -0.007087974007297234 2 0.0565485954284668
1.0 33 0.0 1 0.023983478546142578
1.0 34 0.0 1 0.02449798583984375
1.0 35 0.0 1 0.02401256561279297
1.0 36 0.0 1 0.023943662643432617
1.0 37 0.0 1 0.025005578994750977
1.0 38 0.0 1 0.023929357528686523
1.0 39 0.0 1 0.023548364639282227
1.0 40 0.0 1 0.024004220962524414
1.0 41 0.0 1 0.02549004554748535
1.0 42 0.0 1 0.023985624313354492
1.0 43 0.0 1 0.02603006362915039
1.0 44 0.0 1 0.023029565811157227
1.0 45 0.0 1 0.033519744873046875
1.0 46 0.0 1 0.02317214012145996
1.0 47 0.0 1 0.023824691772460938
1.0 48 0.0 1 0.02501392364501953
1.0 49 0.0 1 0.024003267288208008
