0.2 0 0.0 1 0.0 1
0.2 1 0.0 1 0.0 1
0.2 2 0.0 1 4.068622149122384e-15 2
0.2 3 0.0 1 0.0 1
0.2 4 0.0 1 4.068622149122384e-15 2
0.2 5 0.0 1 4.068622149122384e-15 2
0.2 6 0.0 1 0.0 1
0.2 7 0.0 1 0.0 1
0.2 8 0.0 1 0.0019678740909879894 2
0.2 9 0.0 1 0.0 1
0.1 0 0.0 1 4.068622149122384e-15 2
0.1 1 0.0 1 0.0 1
0.1 2 0.0 1 4.068622149122384e-15 2
0.1 3 0.0 1 0.0019678740909879894 2
0.1 4 0.0 1 0.0 1
0.1 5 0.0 1 4.068622149122384e-15 2
0.1 6 0.0 1 0.0 1
0.1 7 0.0 1 0.0 1
0.1 8 0.0 1 4.068622149122384e-15 2
0.1 9 0.0 1 0.0 1
0.3 0 0.0 1 0.0 1
0.3 1 0.0 1 0.0 1
0.3 2 0.0 1 0.0 1
0.3 3 -0.000796782837260599 3 0.0 1
0.3 4 0.0 1 0.0 1
0.3 5 0.0 1 4.068622149122384e-15 2
0.3 6 0.0 1 4.068622149122384e-15 2
0.3 7 0.0 1 4.068622149122384e-15 2
0.3 8 0.0 1 4.068622149122384e-15 2
0.3 9 0.0017103089854216152 2 4.068622149122384e-15 2
0.4 0 0.0 1 0.0 1
0.4 1 0.0 1 4.068622149122384e-15 2
0.4 2 0.0 1 0.0 1
0.4 3 0.0 1 0.0 1
0.4 4 0.0 1 -0.001963938342804781 2
0.4 5 0.0 1 0.0 1
0.4 6 0.0 1 4.068622149122384e-15 2
0.4 7 0.0 1 0.0 1
0.4 8 0.0 1 0.0 1
0.4 9 0.0 1 -0.001963938342804781 2
0.5 0 0.0 1 4.068622149122384e-15 2
0.5 1 0.0 1 4.068622149122384e-15 2
0.5 2 0.0 1 4.068622149122384e-15 2
0.5 3 0.0 1 0.0 1
0.5 4 0.0 1 4.068622149122384e-15 2
0.5 5 0.0 1 0.0 1
0.5 6 1.7332777518169226e-05 2 4.068622149122384e-15 2
0.5 7 0.0 1 0.0 1
0.5 8 0.0 1 4.068622149122384e-15 2
0.5 9 0.0 1 4.068622149122384e-15 2
0.6 0 0.0 1 0.0 1
0.6 1 0.0 1 0.0 1
0.6 2 0.0 1 0.0 1
0.6 3 0.0 1 4.068622149122384e-15 2
0.6 4 0.0 1 0.0019678740909879894 2
0.6 5 0.0 1 4.068622149122384e-15 2
0.6 6 0.0 1 0.0 1
0.6 7 0.0 1 0.0 1
0.6 8 0.0 1 4.068622149122384e-15 2
0.6 9 0.0 1 0.0 1
0.7 0 0.0 1 0.0 1
0.7 1 0.0 1 0.0 1
0.7 2 -0.0003065273443475102 2 0.0 1
0.7 3 0.0 1 4.068622149122384e-15 2
0.7 4 0.0 1 0.0 1
0.7 5 0.0017077659282424252 2 0.0 1
0.7 6 0.0 1 0.0 1
0.7 7 0.0 1 0.0 1
0.7 8 0.02124507963561744 2 0.0 1
0.7 9 0.0 1 0.0 1
0.8 0 0.0 1 4.068622149122384e-15 2
0.8 1 0.0 1 0.0 1
0.8 2 0.0 1 4.068622149122384e-15 2
0.8 3 0.0 1 4.068622149122384e-15 2
0.8 4 0.0 1 0.0 1
0.8 5 0.0 1 4.068622149122384e-15 2
0.8 6 0.0 1 0.0 1
0.8 7 0.0 1 0.0 1
0.8 8 0.0 1 0.0 1
0.8 9 0.0 1 0.0 1
0.9 0 0.0 1 0.0 1
0.9 1 0.0 1 0.0 1
0.9 2 0.0 1 4.068622149122384e-15 2
0.9 3 0.03855853043344405 2 4.068622149122384e-15 2
0.9 4 0.0 1 0.0 1
0.9 5 0.0 1 0.0 1
0.9 6 0.0 1 0.0 1
0.9 7 0.0 1 4.068622149122384e-15 2
0.9 8 0.10599986041683869 2 4.068622149122384e-15 2
0.9 9 0.0 1 0.0 1
1.0 0 0.0 1 4.068622149122384e-15 2
1.0 1 0.0 1 0.0 1
1.0 2 0.07357941223870719 2 -0.0013392348928570517 2
1.0 3 0.0 1 0.0 1
1.0 4 0.0 1 0.0 1
1.0 5 0.0 1 4.068622149122384e-15 2
1.0 6 0.0 1 4.068622149122384e-15 2
1.0 7 0.0 1 0.0 1
1.0 8 0.0 1 4.068622149122384e-15 2
1.0 9 0.06028195595094455 2 4.068622149122384e-15 2
2.0 0 0.45435049308021386 2 -0.001963938342804781 2
2.0 1 0.34444716884658033 2 4.068622149122384e-15 2
2.0 2 0.37933205179916957 2 0.0 1
2.0 3 0.46222989675723847 2 0.0 1
2.0 4 0.43692792616819165 2 0.0 1
2.0 5 0.38841735205487765 2 0.0 1
2.0 6 0.3529878737139223 2 0.0 1
2.0 7 0.36104465499829047 2 0.0 1
2.0 8 0.4211525830632792 2 0.0 1
2.0 9 0.4531464138165511 2 0.0 1
3.0 0 0.6613514531102528 2 0.0 1
3.0 1 0.6082058276783993 2 4.068622149122384e-15 2
3.0 2 0.6664993206583965 2 0.0 1
3.0 3 0.6622684971765491 2 0.0019678740909879894 2
3.0 4 0.6191772569530305 2 0.0 1
3.0 5 0.6527777936029808 2 4.068622149122384e-15 2
3.0 6 0.6088594445345952 2 4.068622149122384e-15 2
3.0 7 0.6158232401756477 2 0.0 1
3.0 8 0.6276639496412618 2 0.0 1
3.0 9 0.6683692708679135 2 4.068622149122384e-15 2
4.0 0 0.7865063474524118 2 4.068622149122384e-15 2
4.0 1 0.8478755240143715 2 0.0 1
4.0 2 0.787081553578163 2 0.0 1
4.0 3 0.7400253203126962 2 0.0 1
4.0 4 0.8160046382620225 2 0.0 1
4.0 5 0.7789940936252203 2 0.0 1
4.0 6 0.8073067824979684 2 0.0 1
4.0 7 0.7674353226385979 2 0.0 1
4.0 8 0.8207799694217948 2 0.0 1
4.0 9 0.8361859663851237 2 0.0 1
5.0 0 0.9126498038812536 2 4.068622149122384e-15 2
5.0 1 0.9475340708544511 2 0.0 1
5.0 2 0.9126498038812536 2 0.0 1
5.0 3 0.92032312962191 2 4.068622149122384e-15 2
5.0 4 0.8944722530847433 2 -0.001963938342804781 2
5.0 5 0.8712866634767319 2 4.068622149122384e-15 2
5.0 6 0.914266357213131 2 0.0 1
5.0 7 0.8817418437124542 2 0.0 1
5.0 8 0.9126498038812536 2 4.068622149122384e-15 2
5.0 9 0.9131755446641081 2 -0.0013392348928570517 2
6.0 0 0.9398867303090873 2 4.068622149122384e-15 2
6.0 1 0.9546970433301786 2 4.068622149122384e-15 2
6.0 2 0.9265865311413806 2 0.0 1
6.0 3 0.9811693365110503 2 0.0 1
6.0 4 0.9475340708544511 2 0.0 1
6.0 5 0.9707591747969702 2 0.0 1
6.0 6 0.9475340708544511 2 4.068622149122384e-15 2
6.0 7 0.9407356836396894 2 -0.001963938342804781 2
6.0 8 0.9735099943241037 2 4.068622149122384e-15 2
6.0 9 0.9623504404510599 2 4.068622149122384e-15 2
7.0 0 0.9330913980869939 2 0.0 1
7.0 1 0.9811693365110503 2 0.0 1
7.0 2 0.9791708810534733 2 0.0 1
7.0 3 0.9735099943241036 2 0.0 1
7.0 4 0.9895839817496578 2 0.0 1
7.0 5 0.9707591747969702 2 0.0 1
7.0 6 1.0 2 0.0 1
7.0 7 0.9546970433301788 2 0.0 1
7.0 8 0.9791708810534733 2 -0.001963938342804781 2
7.0 9 0.9895839817496578 2 0.0 1
8.0 0 0.9895839817496578 2 0.0 1
8.0 1 1.0 2 4.068622149122384e-15 2
8.0 2 0.9895839817496578 2 4.068622149122384e-15 2
8.0 3 1.0 2 0.0 1
8.0 4 0.9811693365110503 2 0.0 1
8.0 5 1.0 2 0.0 1
8.0 6 0.9895839817496578 2 0.0 1
8.0 7 0.9895839817496576 2 0.0 1
8.0 8 1.0 2 0.0 1
8.0 9 1.0 2 0.0 1
9.0 0 1.0 2 0.0 1
9.0 1 1.0 2 -0.001963938342804781 2
9.0 2 1.0 2 0.0 1
9.0 3 1.0 2 4.068622149122384e-15 2
9.0 4 0.9895839817496578 2 0.0 1
9.0 5 1.0 2 0.0 1
9.0 6 1.0 2 0.0 1
9.0 7 0.9895839817496578 2 0.0 1
9.0 8 1.0 2 0.0 1
9.0 9 1.0 2 0.0 1
10.0 0 1.0 2 0.0 1
10.0 1 1.0 2 0.0 1
10.0 2 1.0 2 4.068622149122384e-15 2
10.0 3 1.0 2 4.068622149122384e-15 2
10.0 4 1.0 2 0.0 1
10.0 5 1.0 2 0.0 1
10.0 6 1.0 2 0.0 1
10.0 7 1.0 2 0.0 1
10.0 8 1.0 2 4.068622149122384e-15 2
10.0 9 1.0 2 0.0 1
