0.1 0 0.9521039297299722 2 3.2392256259918213
0.1 1 0.9472863559157801 2 3.0267088413238525
0.1 2 0.9495579225337799 2 3.1040613651275635
0.1 3 0.9631205684752464 2 3.0225026607513428
0.1 4 0.9574143634000236 2 3.092024326324463
0.1 5 0.9496710611468958 2 3.0924665927886963
0.1 6 0.9424004243114543 2 3.1649272441864014
0.1 7 0.9572056220957258 2 3.1587464809417725
0.1 8 0.937615553977909 2 3.1962714195251465
0.1 9 0.9446399926412703 2 2.953341245651245
0.10800000000000001 0 0.9522856739719938 2 3.3051960468292236
0.10800000000000001 1 0.9259733016152703 2 3.4093310832977295
0.10800000000000001 2 0.9194746652689103 2 3.144798994064331
0.10800000000000001 3 0.9471253907124564 2 3.04079270362854
0.10800000000000001 4 0.9496710611468958 2 3.1497204303741455
0.10800000000000001 5 0.9637633517761028 2 2.976106882095337
0.10800000000000001 6 0.9447410229342142 2 2.95278000831604
0.10800000000000001 7 0.9495579225337799 2 3.146697521209717
0.10800000000000001 8 0.9472863559157801 2 3.117258071899414
0.10800000000000001 9 0.9287602866192813 2 3.054550886154175
0.116 0 0.9337865987203781 2 3.005462408065796
0.116 1 0.9398244466280463 2 3.2740378379821777
0.116 2 0.9309269393181296 2 3.413053035736084
0.116 3 0.9447924843363125 2 3.2679219245910645
0.116 4 0.9170542163955473 2 3.2307591438293457
0.116 5 0.9261154887266075 2 3.1987640857696533
0.116 6 0.94009993498655 2 3.171037197113037
0.116 7 0.9327622798990461 2 3.1626975536346436
0.116 8 0.94009993498655 2 3.1456446647644043
0.116 9 0.9479523348741938 2 3.206303834915161
0.124 0 0.9259733016152703 2 3.23079252243042
0.124 1 0.9472863559157801 2 3.1924972534179688
0.124 2 0.9279959863117166 2 3.1244170665740967
0.124 3 0.9237776241654527 2 3.169165849685669
0.124 4 0.9132173926846521 2 3.1151113510131836
0.124 5 0.9105823167662686 2 3.1103739738464355
0.124 6 0.9334102977044649 2 3.138042688369751
0.124 7 0.935352419036228 2 3.1113500595092773
0.124 8 0.9176151815375536 2 3.0780887603759766
0.124 9 0.9150673236183162 2 3.1005876064300537
0.132 0 0.9328020497401707 2 3.0906057357788086
0.132 1 0.9197008625301308 2 3.1206443309783936
0.132 2 0.9171776078741563 2 3.1107723712921143
0.132 3 0.937615553977909 2 3.105239152908325
0.132 4 0.9129823365439356 2 3.1110198497772217
0.132 5 0.9083890699656412 2 3.094238758087158
0.132 6 0.9006387525349149 2 3.0846240520477295
0.132 7 0.9236752072408114 2 3.0985238552093506
0.132 8 0.9169927830545669 2 3.133328437805176
0.132 9 0.9214141318061263 2 3.1623764038085938
0.14 0 0.8863524758619784 2 3.090280055999756
0.14 1 0.9237776241654527 2 3.211606740951538
0.14 2 0.9237776241654527 2 3.089728355407715
0.14 3 0.9126342567443598 2 3.1056442260742188
0.14 4 0.889824480013811 2 3.093134880065918
0.14 5 0.8958050897335811 2 3.1105453968048096
0.14 6 0.9086623862963177 2 3.107567310333252
0.14 7 0.9283115103892399 2 3.0713038444519043
0.14 8 0.9020077488974906 2 3.132647752761841
0.14 9 0.8917094876495668 2 3.125995635986328
0.14800000000000002 0 0.9020827365904707 2 3.1348986625671387
0.14800000000000002 1 0.8876595172939797 2 3.1006076335906982
0.14800000000000002 2 0.8962243980430759 2 3.185096025466919
0.14800000000000002 3 0.9003901855668265 2 3.0750651359558105
0.14800000000000002 4 0.8817988418676568 2 3.13520884513855
0.14800000000000002 5 0.8622860057239327 2 3.080169200897217
0.14800000000000002 6 0.8651170001979847 2 3.0962040424346924
0.14800000000000002 7 0.893700734557458 2 3.0962769985198975
0.14800000000000002 8 0.8840171174624848 2 3.118593454360962
0.14800000000000002 9 0.877754446204735 2 3.086637020111084
0.156 0 0.8817002070613017 2 3.1259570121765137
0.156 1 0.9051909615123658 2 3.1089279651641846
0.156 2 0.8939041328921407 2 3.094261407852173
0.156 3 0.8683384022381934 2 3.1643402576446533
0.156 4 0.8757640619018361 2 3.080681800842285
0.156 5 0.8699272792947459 2 3.1079471111297607
0.156 6 0.8837336856360604 2 3.068260669708252
0.156 7 0.8798817781722975 2 3.0960195064544678
0.156 8 0.8937909583309835 2 3.0671417713165283
0.156 9 0.8797657217363515 2 3.096714735031128
0.164 0 0.8800371481776813 2 3.0813522338867188
0.164 1 0.866422964518689 2 3.0902175903320312
0.164 2 0.8529493036814887 2 3.252422332763672
0.164 3 0.8438003441528865 2 3.3326680660247803
0.164 4 0.8776978282436848 2 3.3510115146636963
0.164 5 0.8492972956881423 2 3.1815006732940674
0.164 6 0.8368226983449129 2 3.128944158554077
0.164 7 0.875949454751824 2 3.146941900253296
0.164 8 0.8700669444857478 2 3.096895933151245
0.164 9 0.8718425410298215 2 3.103668451309204
0.17200000000000001 0 0.8587762540647343 2 3.11514949798584
0.17200000000000001 1 0.8457017328742392 2 3.122831106185913
0.17200000000000001 2 0.8547975682509112 2 3.1009809970855713
0.17200000000000001 3 0.8474926646272859 2 3.1714985370635986
0.17200000000000001 4 0.8221181321123954 2 3.1042957305908203
0.17200000000000001 5 0.8243042594514124 2 3.064955711364746
0.17200000000000001 6 0.8424044752929706 2 3.094180107116699
0.17200000000000001 7 0.836822698344913 2 3.0660557746887207
0.17200000000000001 8 0.8370833952657957 2 3.140059471130371
0.17200000000000001 9 0.8208663496503344 2 3.076613187789917
0.18 0 0.8295517722961065 2 3.117342948913574
0.18 1 0.8331773679902607 2 3.085659980773926
0.18 2 0.8244454908912442 2 3.083528995513916
0.18 3 0.8625458005411332 2 3.0924105644226074
0.18 4 0.8295885041473287 2 3.159820795059204
0.18 5 0.8210729475236503 2 3.128718137741089
0.18 6 0.8180357383976954 2 3.098231315612793
0.18 7 0.8415458712948919 2 3.1254541873931885
0.18 8 0.8162378430490366 2 3.0805234909057617
0.18 9 0.8492972956881422 2 3.1257288455963135
0.188 0 0.8073010617765956 2 3.0761301517486572
0.188 1 0.8099761079853752 2 3.0898616313934326
0.188 2 0.8048138790791126 2 3.0975944995880127
0.188 3 0.8022382232975339 2 3.114009380340576
0.188 4 0.8299819743545123 2 3.158428192138672
0.188 5 0.8159713298117192 2 3.1030616760253906
0.188 6 0.7912529418142737 2 3.112157106399536
0.188 7 0.8123373374353993 2 3.1279399394989014
0.188 8 0.8249666205940366 2 3.109973192214966
0.188 9 0.8106052456716973 2 3.1458375453948975
0.196 0 0.791010314660673 2 3.0980217456817627
0.196 1 0.7813336792866298 2 3.124053478240967
0.196 2 0.7931202470216568 2 3.0906808376312256
0.196 3 0.8073010617765956 2 3.157682180404663
0.196 4 0.8028728888671962 2 3.100860834121704
0.196 5 0.8295395342285034 2 3.109548568725586
0.196 6 0.7976793819575184 2 3.085272789001465
0.196 7 0.7775329938151411 2 3.1538758277893066
0.196 8 0.7862016728975817 2 3.088168144226074
0.196 9 0.804016345546988 2 3.09895396232605
0.20400000000000001 0 0.7811240818375929 2 3.193249225616455
0.20400000000000001 1 0.8189008051508397 2 3.1002352237701416
0.20400000000000001 2 0.8056537217303046 2 3.1468396186828613
0.20400000000000001 3 0.7787929085383049 2 3.0754191875457764
0.20400000000000001 4 0.8174740621635309 2 3.1029624938964844
0.20400000000000001 5 0.7745665026946092 2 3.09907865524292
0.20400000000000001 6 0.7925065691887603 2 3.1321754455566406
0.20400000000000001 7 0.794276019302274 2 3.1085636615753174
0.20400000000000001 8 0.7908428786703869 2 3.1178667545318604
0.20400000000000001 9 0.8038945928096802 2 3.1688716411590576
0.21200000000000002 0 0.7655061482406331 2 3.0394437313079834
0.21200000000000002 1 0.794276019302274 2 3.126568078994751
0.21200000000000002 2 0.7686179288316162 2 3.0632688999176025
0.21200000000000002 3 0.7531570879337304 2 3.12654447555542
0.21200000000000002 4 0.7516334649338484 2 3.0946426391601562
0.21200000000000002 5 0.7616518514083941 2 3.144172191619873
0.21200000000000002 6 0.7457272119985465 2 3.1178104877471924
0.21200000000000002 7 0.7643011254621168 2 3.113460063934326
0.21200000000000002 8 0.7639941412192608 2 3.113306999206543
0.21200000000000002 9 0.7684566061591019 2 3.1252589225769043
0.22 0 0.7439357277978966 2 3.084312677383423
0.22 1 0.7414669251433652 2 3.1119320392608643
0.22 2 0.7671859281431923 2 3.150465726852417
0.22 3 0.7251320326504426 2 3.215209484100342
0.22 4 0.73231985533872 2 3.0748291015625
0.22 5 0.753897381749561 2 3.1051228046417236
0.22 6 0.7297894772400044 2 3.1533358097076416
0.22 7 0.7464080542414693 2 3.1382932662963867
0.22 8 0.7705380458291118 2 3.135564088821411
0.22 9 0.7546672565184056 2 3.159795045852661
0.228 0 0.6998900690236339 2 3.173727035522461
0.228 1 0.7227155733453886 2 3.1190452575683594
0.228 2 0.7260447795323071 2 3.109467029571533
0.228 3 0.736810435396232 2 3.1719679832458496
0.228 4 0.7221487534957387 2 3.1028642654418945
0.228 5 0.7294016968706508 2 3.13108491897583
0.228 6 0.704575099151136 2 3.7058730125427246
0.228 7 0.7079186695333102 2 3.3160674571990967
0.228 8 0.7396239950998056 2 3.0809054374694824
0.228 9 0.7264980888433931 2 3.187933921813965
0.23600000000000002 0 0.7059169895149977 2 3.1685805320739746
0.23600000000000002 1 0.6892019695341641 2 3.1070754528045654
0.23600000000000002 2 0.6853085993009861 2 3.2279510498046875
0.23600000000000002 3 0.7012345124125509 2 3.0686705112457275
0.23600000000000002 4 0.6968244499621112 2 3.1471400260925293
0.23600000000000002 5 0.6781957515456258 2 3.1095423698425293
0.23600000000000002 6 0.7175601858342117 2 3.094658851623535
0.23600000000000002 7 0.7295178457338602 2 3.1283462047576904
0.23600000000000002 8 0.7107607930443056 2 3.0525150299072266
0.23600000000000002 9 0.7097201278838253 2 3.066206932067871
0.24400000000000002 0 0.6685196201743699 2 3.0996382236480713
0.24400000000000002 1 0.6847216630258015 2 3.0968098640441895
0.24400000000000002 2 0.6740752556003569 2 3.080432653427124
0.24400000000000002 3 0.7044495768049175 2 3.088068962097168
0.24400000000000002 4 0.6581145457707496 2 3.073298215866089
0.24400000000000002 5 0.6845062931732626 2 3.09604811668396
0.24400000000000002 6 0.6872740679086141 2 3.162348508834839
0.24400000000000002 7 0.6789151906844464 2 3.113980770111084
0.24400000000000002 8 0.7017936063670783 2 3.1535379886627197
0.24400000000000002 9 0.6769053726429134 2 3.0623795986175537
0.252 0 0.6490061874789375 2 3.134885549545288
0.252 1 0.6738024559692045 2 3.1220948696136475
0.252 2 0.6559988236782371 2 3.100637197494507
0.252 3 0.6569068789159433 2 3.149139881134033
0.252 4 0.649208099015645 2 3.1064558029174805
0.252 5 0.662536008076829 2 3.1080899238586426
0.252 6 0.6675379705605234 2 3.063617467880249
0.252 7 0.6685196201743699 2 3.139899730682373
0.252 8 0.6459552929396192 2 3.0980355739593506
0.252 9 0.6478360503430404 2 3.102424144744873
0.26 0 0.664006214423615 2 3.0695478916168213
0.26 1 0.6464895101626631 2 3.0995941162109375
0.26 2 0.6600022978611841 2 3.1316978931427
0.26 3 0.6315207635377816 2 3.0542612075805664
0.26 4 0.6613949165152987 2 3.09999942779541
0.26 5 0.6256203162826965 2 3.1452527046203613
0.26 6 0.6482160644589848 2 3.10286283493042
0.26 7 0.6388589141849869 2 3.0943033695220947
0.26 8 0.6415361347220734 2 3.0990099906921387
0.26 9 0.6841591862415419 2 3.1135284900665283
0.268 0 0.6013293890142681 2 3.093064069747925
0.268 1 0.604940749269067 2 3.1209638118743896
0.268 2 0.6156193227045782 2 3.05218768119812
0.268 3 0.6181770874153348 2 3.1247246265411377
0.268 4 0.6327704677093762 2 3.0686583518981934
0.268 5 0.6197751259245385 2 3.0522189140319824
0.268 6 0.6415654687172366 2 3.0334901809692383
0.268 7 0.6169408197684678 2 3.076833963394165
0.268 8 0.6216826809540494 2 3.117175340652466
0.268 9 0.6121612472858021 2 3.092510938644409
0.276 0 0.5853650878027312 2 3.134263038635254
0.276 1 0.5872785657493943 2 3.105695962905884
0.276 2 0.586244942223461 2 3.1075663566589355
0.276 3 0.6144221184463377 2 3.074479103088379
0.276 4 0.6001339034440497 2 3.131120204925537
0.276 5 0.5948317453555692 2 3.13801908493042
0.276 6 0.5885575763387717 2 3.09328031539917
0.276 7 0.6193684563355488 2 3.072596311569214
0.276 8 0.5668098636487404 2 3.064279556274414
0.276 9 0.5942170552787118 2 3.056490898132324
0.28400000000000003 0 0.5672478955740065 2 3.0662646293640137
0.28400000000000003 1 0.5971789271385424 2 3.1060678958892822
0.28400000000000003 2 0.5860571429426571 2 3.1102569103240967
0.28400000000000003 3 0.5799219825583547 2 3.1404759883880615
0.28400000000000003 4 0.5833165426886607 2 3.106523275375366
0.28400000000000003 5 0.5693771460705971 2 3.1308534145355225
0.28400000000000003 6 0.5614153882377974 2 3.118811845779419
0.28400000000000003 7 0.5675573996953794 2 3.040148973464966
0.28400000000000003 8 0.5817323104912768 2 3.1585464477539062
0.28400000000000003 9 0.5824489556268486 2 3.080308675765991
0.29200000000000004 0 0.5617364086063954 2 3.116102933883667
0.29200000000000004 1 0.5402861137943442 2 3.097200393676758
0.29200000000000004 2 0.556789876061273 2 3.078885316848755
0.29200000000000004 3 0.5546101118280223 2 3.0907788276672363
0.29200000000000004 4 0.555000500333018 2 3.0327868461608887
0.29200000000000004 5 0.5505531276085713 2 3.0843398571014404
0.29200000000000004 6 0.5321396446158687 2 3.0636916160583496
0.29200000000000004 7 0.5383344529929296 2 3.1703033447265625
0.29200000000000004 8 0.5513580684991478 2 3.0845947265625
0.29200000000000004 9 0.5535228559032483 2 3.075364112854004
0.30000000000000004 0 0.5025041339188501 2 3.140195608139038
0.30000000000000004 1 0.5185375052523572 2 3.059000253677368
0.30000000000000004 2 0.5389843330001592 2 3.099043130874634
0.30000000000000004 3 0.531269479434056 2 3.1475603580474854
0.30000000000000004 4 0.5214566862024701 2 3.1344449520111084
0.30000000000000004 5 0.5601314458257428 2 3.345743179321289
0.30000000000000004 6 0.5357432569731864 2 3.1933653354644775
0.30000000000000004 7 0.5235525316615713 2 3.1980135440826416
0.30000000000000004 8 0.5310593910056681 2 3.184431314468384
0.30000000000000004 9 0.5128776678212348 2 3.2254042625427246
0.30800000000000005 0 0.48017215878776887 2 3.1800692081451416
0.30800000000000005 1 0.5174054024295955 2 3.2299110889434814
0.30800000000000005 2 0.4797115035478263 2 3.18613338470459
0.30800000000000005 3 0.5035519122566717 2 3.083157777786255
0.30800000000000005 4 0.4818052179364145 2 3.1612303256988525
0.30800000000000005 5 0.48213140293208545 2 3.0598299503326416
0.30800000000000005 6 0.49970141347883396 2 3.1029443740844727
0.30800000000000005 7 0.48626909418419895 2 3.0616443157196045
0.30800000000000005 8 0.5233720996040755 2 3.0693371295928955
0.30800000000000005 9 0.48731757443524815 2 3.053231716156006
0.316 0 0.47243157144474895 2 3.104015588760376
0.316 1 0.4802063538857507 2 3.080904006958008
0.316 2 0.5084065316970575 2 3.1370062828063965
0.316 3 0.46255694369489914 2 3.0996506214141846
0.316 4 0.45836864763789864 2 3.071394681930542
0.316 5 0.49609987577605086 2 3.1243226528167725
0.316 6 0.5054436313783974 2 3.036736488342285
0.316 7 0.4594516900975702 2 3.080932140350342
0.316 8 0.491051175111071 2 3.1124181747436523
0.316 9 0.48425560488385383 2 3.077936887741089
0.324 0 0.45537722103994965 2 3.1246795654296875
0.324 1 0.46385255075878257 2 3.1001851558685303
0.324 2 0.5051124753001852 2 3.1025335788726807
0.324 3 0.43173207563967453 2 3.0443711280822754
0.324 4 0.4689431993479503 2 3.0799665451049805
0.324 5 0.4323741153201628 2 3.0987470149993896
0.324 6 0.46097473684351925 2 3.097627878189087
0.324 7 0.4584387009729335 2 3.099644422531128
0.324 8 0.4527106877708201 2 3.2022998332977295
0.324 9 0.4464119225008102 2 3.2042899131774902
0.332 0 0.437146507714588 2 3.2572574615478516
0.332 1 0.4199350431868894 2 3.1514523029327393
0.332 2 0.452734636335737 2 3.3653006553649902
0.332 3 0.4088073083999357 2 3.4231953620910645
0.332 4 0.4181748756852673 2 3.317891836166382
0.332 5 0.44325847143742925 2 3.3589365482330322
0.332 6 0.42620230272689413 2 3.3775503635406494
0.332 7 0.43360606973984445 2 3.30137300491333
0.332 8 0.4236564502727573 2 3.2518699169158936
0.332 9 0.4369955047457827 2 3.3161938190460205
0.33999999999999997 0 0.3991647922294489 2 3.36720871925354
0.33999999999999997 1 0.39261114113516316 2 3.2770214080810547
0.33999999999999997 2 0.40858914258510054 2 3.3645217418670654
0.33999999999999997 3 0.3995918336433483 2 3.2425718307495117
0.33999999999999997 4 0.4572052015485971 2 3.266909122467041
0.33999999999999997 5 0.4055046291996187 2 3.33455753326416
0.33999999999999997 6 0.3892699109012217 2 3.313051700592041
0.33999999999999997 7 0.3777929436232407 2 3.284472942352295
0.33999999999999997 8 0.39785253036172147 2 3.3254599571228027
0.33999999999999997 9 0.42804177859453635 2 3.1158783435821533
0.348 0 0.3554099115586362 2 3.1861464977264404
0.348 1 0.35935240252510087 2 3.1711158752441406
0.348 2 0.34683107387237905 2 3.231551170349121
0.348 3 0.38837028690025494 2 3.1840221881866455
0.348 4 0.3641057973328025 2 3.0869507789611816
0.348 5 0.37765488807488845 2 3.0788087844848633
0.348 6 0.38601433210986513 2 3.161374807357788
0.348 7 0.3621738377448834 2 3.0924062728881836
0.348 8 0.3743930620167028 2 3.113691806793213
0.348 9 0.3969861803171677 2 3.056097984313965
0.356 0 0.35582518111789535 2 3.107192277908325
0.356 1 0.345404199166564 2 3.1036109924316406
0.356 2 0.35607211891055557 2 3.0695419311523438
0.356 3 0.31360897564589896 2 3.1723313331604004
0.356 4 0.3967664450178716 2 3.066439390182495
0.356 5 0.3600230345651437 2 3.1360905170440674
0.356 6 0.34914351767955515 2 3.131319761276245
0.356 7 0.3430340854225574 2 3.1402764320373535
0.356 8 0.36773067477230087 2 3.2033650875091553
0.356 9 0.32368755204161237 2 3.1092467308044434
0.364 0 0.32509608190157663 2 3.0927276611328125
0.364 1 0.3077976902560298 2 3.077495574951172
0.364 2 0.31879839986643527 2 3.133579969406128
0.364 3 0.32871005835014944 2 3.123945474624634
0.364 4 0.33168508754513365 2 3.0977110862731934
0.364 5 0.33049250701251515 2 3.1486425399780273
0.364 6 0.3445184955847828 2 3.077873468399048
0.364 7 0.33698208656995055 2 3.197017192840576
0.364 8 0.3415077768347067 2 3.0861270427703857
0.364 9 0.3256573910670401 2 3.125108003616333
0.372 0 0.28666358400202757 2 3.077291488647461
0.372 1 0.32760774917553875 2 3.114733934402466
0.372 2 0.2919912568907424 2 3.092597723007202
0.372 3 0.34322977787408565 2 3.099236488342285
0.372 4 0.2951321252604436 2 3.0637195110321045
0.372 5 0.3385878910032286 2 3.103896379470825
0.372 6 0.3047103087900354 2 3.1383297443389893
0.372 7 0.31257144790581254 2 3.0891053676605225
0.372 8 0.303054132131228 2 3.1999452114105225
0.372 9 0.3171314365440906 2 3.0651357173919678
0.38 0 0.2829440520190681 2 3.1111576557159424
0.38 1 0.31337931489972914 2 3.098330497741699
0.38 2 0.3010597817674356 2 3.1247060298919678
0.38 3 0.27064830300916237 2 3.1200032234191895
0.38 4 0.3089463950506854 2 3.0893681049346924
0.38 5 0.25654983175484086 2 3.108928680419922
0.38 6 0.2819702652443151 2 3.118504524230957
0.38 7 0.2856493217045907 2 3.109894037246704
0.38 8 0.29976077837403814 2 3.0894696712493896
0.38 9 0.26952103684895434 2 3.0873820781707764
0.388 0 0.24537540515308007 2 3.1296756267547607
0.388 1 0.24583343119982767 2 3.048647880554199
0.388 2 0.28155827137202555 2 3.1383156776428223
0.388 3 0.25168637971385444 2 3.11090350151062
0.388 4 0.2628840639141092 2 3.070221185684204
0.388 5 0.2649764240432788 2 3.1233601570129395
0.388 6 0.2623933176323325 2 3.1136837005615234
0.388 7 0.27540742860212525 2 3.097360610961914
0.388 8 0.2810814231303744 2 3.0984857082366943
0.388 9 0.26355210367304527 2 3.1325864791870117
0.396 0 0.2921536457510568 2 3.1070313453674316
0.396 1 0.2763147635495374 2 3.157956838607788
0.396 2 0.20671940891513071 2 3.126699924468994
0.396 3 0.22548631500747077 2 3.084094285964966
0.396 4 0.24333132657232334 2 3.1032602787017822
0.396 5 0.22470628655613006 2 3.066929817199707
0.396 6 0.2360723094189664 2 3.108654499053955
0.396 7 0.1929519535166265 2 3.1324546337127686
0.396 8 0.2338127058049951 2 3.0647318363189697
0.396 9 0.219552440631739 2 3.095496892929077
0.404 0 0.18594377333292075 2 3.1055283546447754
0.404 1 0.20452098764139787 2 3.106828212738037
0.404 2 0.2157618753841697 2 3.1292946338653564
0.404 3 0.22588158590340632 2 3.0655713081359863
0.404 4 0.19409071602080702 2 3.112614154815674
0.404 5 0.2111897483658797 2 3.1183767318725586
0.404 6 0.20073069975660798 2 3.148552417755127
0.404 7 0.2273888227848984 2 3.1805787086486816
0.404 8 0.2527753081919728 2 3.092710256576538
0.404 9 0.23738851580784168 2 3.101961612701416
0.41200000000000003 0 0.16202518281230008 2 3.1411712169647217
0.41200000000000003 1 0.18970959499573065 2 3.1722252368927
0.41200000000000003 2 0.16231280109787216 2 3.1997158527374268
0.41200000000000003 3 0.1635207339212101 2 3.458218574523926
0.41200000000000003 4 0.23563738123447983 2 3.0113940238952637
0.41200000000000003 5 0.19388182750369165 2 2.992830753326416
0.41200000000000003 6 0.173719989847981 2 3.149510622024536
0.41200000000000003 7 0.15131371292647522 2 3.151559352874756
0.41200000000000003 8 0.21097760298112056 2 3.629215717315674
0.41200000000000003 9 0.20768148330259972 2 3.35518741607666
0.42000000000000004 0 0.16837057193459604 2 3.3295624256134033
0.42000000000000004 1 0.17765355219468934 2 3.4252355098724365
0.42000000000000004 2 0.15611762435395724 2 3.197112560272217
0.42000000000000004 3 0.13855498865510302 2 3.070136308670044
0.42000000000000004 4 0.12620785342904883 2 3.1858255863189697
0.42000000000000004 5 0.18826141225866036 2 3.107520818710327
0.42000000000000004 6 0.17450312853562017 2 3.128028631210327
0.42000000000000004 7 0.1603415829377051 2 3.214717388153076
0.42000000000000004 8 0.19011742078992838 2 3.084017753601074
0.42000000000000004 9 0.16465513525361522 2 3.2294869422912598
0.42800000000000005 0 0.17022611168424215 2 3.1285054683685303
0.42800000000000005 1 0.12728821456538908 2 3.132638931274414
0.42800000000000005 2 0.15844884253339314 2 3.1079630851745605
0.42800000000000005 3 0.15739359355329685 2 3.042686939239502
0.42800000000000005 4 0.13384351649337617 2 2.984839677810669
0.42800000000000005 5 0.13038246735999195 2 2.955495595932007
0.42800000000000005 6 0.14706023479636335 2 3.0748720169067383
0.42800000000000005 7 0.10060174507625093 2 3.0503742694854736
0.42800000000000005 8 0.14242966371936433 2 3.1310977935791016
0.42800000000000005 9 0.14650941039467757 2 3.0590591430664062
0.43600000000000005 0 0.1333866953475008 2 3.021538496017456
0.43600000000000005 1 0.15777149543474023 2 3.1083791255950928
0.43600000000000005 2 0.05813407617545737 2 3.0339341163635254
0.43600000000000005 3 0.10778178163698103 2 3.0888009071350098
0.43600000000000005 4 0.13557626400410075 2 3.073777437210083
0.43600000000000005 5 0.14436898250342325 2 3.03537917137146
0.43600000000000005 6 0.12610876859626036 2 3.1569533348083496
0.43600000000000005 7 0.13894923460475184 2 3.1811742782592773
0.43600000000000005 8 0.07561783218676851 2 3.0924324989318848
0.43600000000000005 9 0.10396088286945969 2 3.0753414630889893
0.44400000000000006 0 0.07916824902958391 2 3.0356123447418213
0.44400000000000006 1 0.11578145009079926 2 3.2347428798675537
0.44400000000000006 2 0.10769637627329381 2 2.966430187225342
0.44400000000000006 3 0.09057057320439015 2 3.0575246810913086
0.44400000000000006 4 0.11874866188271953 2 3.030646562576294
0.44400000000000006 5 0.12329842336256283 2 3.0066282749176025
0.44400000000000006 6 0.05212374189483928 2 2.922288417816162
0.44400000000000006 7 0.06608237782986762 2 2.9746506214141846
0.44400000000000006 8 0.08083889237921199 2 2.9471025466918945
0.44400000000000006 9 0.06903534048523173 2 3.1020357608795166
0.45199999999999996 0 0.03092314150174353 2 3.0059330463409424
0.45199999999999996 1 0.04131779188194076 2 3.1300418376922607
0.45199999999999996 2 0.10790300643805506 2 2.960068464279175
0.45199999999999996 3 0.05036483499620261 2 3.1118662357330322
0.45199999999999996 4 0.0004380831217051272 2 3.150635242462158
0.45199999999999996 5 0.04001845858448169 2 3.0734329223632812
0.45199999999999996 6 0.13850318814114668 2 2.9704484939575195
0.45199999999999996 7 0.051763188587630724 2 3.0796620845794678
0.45199999999999996 8 0.10719131133483889 2 3.0818986892700195
0.45199999999999996 9 0.048847235283291025 2 3.0206658840179443
0.45999999999999996 0 0.11247293333772877 2 3.119107484817505
0.45999999999999996 1 0.06210767151967884 2 3.044692277908325
0.45999999999999996 2 0.01003728970118908 2 2.9695520401000977
0.45999999999999996 3 0.04999575169630416 2 2.936812400817871
0.45999999999999996 4 0.05995375942494957 2 2.9534342288970947
0.45999999999999996 5 0.056396616350643025 2 2.9642415046691895
0.45999999999999996 6 -0.00019450194225180902 2 2.9652583599090576
0.45999999999999996 7 0.048027451302719244 2 3.0848987102508545
0.45999999999999996 8 0.02094070606309646 2 3.2131128311157227
0.45999999999999996 9 0.09840590605624094 2 3.036046266555786
0.46799999999999997 0 -0.00021485096465207444 2 3.0516903400421143
0.46799999999999997 1 0.04841908775568637 2 2.9966177940368652
0.46799999999999997 2 0.06752387374630218 2 3.0494847297668457
0.46799999999999997 3 0.05225479763435177 2 2.9881539344787598
0.46799999999999997 4 0.03418367735973916 2 3.086864471435547
0.46799999999999997 5 0.059374450428181305 2 2.985956907272339
0.46799999999999997 6 0.040226745149073116 2 3.4067561626434326
0.46799999999999997 7 0.0039398918247110625 2 3.039539337158203
0.46799999999999997 8 0.05767172603702867 2 2.9520742893218994
0.46799999999999997 9 0.0536395671513472 2 2.9808950424194336
0.476 0 0.0555160847737443 2 3.0118472576141357
0.476 1 0.026540336126642756 2 3.3244407176971436
0.476 2 0.05569221966368096 2 3.0356106758117676
0.476 3 0.041751119485343484 2 3.0116727352142334
0.476 4 0.024539265279236833 2 3.0215775966644287
0.476 5 0.03534207221815576 2 3.0175468921661377
0.476 6 0.010294678515485508 2 3.0848464965820312
0.476 7 0.03279167017347554 2 3.0426464080810547
0.476 8 0.022918531973519302 2 3.0959465503692627
0.476 9 0.010857779647126468 2 3.0093538761138916
0.484 0 0.05904619866947714 2 3.0143094062805176
0.484 1 0.06448504727971593 2 3.125994920730591
0.484 2 -0.0002203666799061983 2 3.030324935913086
0.484 3 0.03639639265914028 2 2.9621033668518066
0.484 4 0.026356819194926127 2 3.013817310333252
0.484 5 0.04989954423448005 2 3.007955551147461
0.484 6 0.048881120462866974 2 3.290680408477783
0.484 7 0.01184003297467732 2 3.0701797008514404
0.484 8 0.06698747345176082 2 2.975294351577759
0.484 9 0.05090962664809861 2 3.0592098236083984
0.492 0 0.011270753284478898 2 3.2513418197631836
0.492 1 0.020224544157499302 2 3.0830423831939697
0.492 2 0.01178987124584928 2 3.5745112895965576
0.492 3 0.0007322537342334715 2 3.387242317199707
0.492 4 0.013773748060610195 2 3.127624750137329
0.492 5 0.0013390200707932656 2 2.974928855895996
0.492 6 0.020408821602152585 2 3.0940229892730713
0.492 7 0.00272113558188831 2 3.1319923400878906
0.492 8 0.00017500955220039742 2 3.1224725246429443
0.492 9 0.016250111470639615 2 3.497109889984131
0.5 0 0.006536324416998127 2 3.1048431396484375
0.5 1 0.01879464356355729 2 2.999255895614624
0.5 2 0.0043167639397937 2 3.0794975757598877
0.5 3 0.03338291024429237 2 3.123171806335449
0.5 4 0.0028116899665553067 2 3.185127019882202
0.5 5 0.01517444718704707 2 3.1152729988098145
0.5 6 0.02261364163631493 2 3.0180890560150146
0.5 7 1.1454747336026978e-05 2 3.1211094856262207
0.5 8 0.05012981511772679 2 3.0440359115600586
0.5 9 0.002719019128943538 2 3.208099842071533
0.508 0 -7.097227201584654e-05 2 2.9856770038604736
0.508 1 0.015003884941567732 2 2.9769082069396973
0.508 2 0.005861457038399211 2 2.9630227088928223
0.508 3 0.001667778968358363 2 2.9913103580474854
0.508 4 0.003714095108668722 2 3.063143253326416
0.508 5 4.8035132765707536e-05 2 3.384002447128296
0.508 6 0.010800343329816801 2 3.0912468433380127
0.508 7 0.013676244444437262 2 3.154902458190918
0.508 8 0.019438580556500423 2 3.3951539993286133
0.508 9 -0.0002290983188269164 2 3.0414376258850098
0.516 0 0.0012933844254588377 2 3.2938308715820312
0.516 1 0.025831042359461206 2 3.2536416053771973
0.516 2 0.006724877707642568 2 3.206089973449707
0.516 3 0.004440062833719106 2 3.022947311401367
0.516 4 0.009944863887392477 2 2.972048759460449
0.516 5 0.00017517561288645403 2 3.0155482292175293
0.516 6 0.008660975120085243 2 3.1695258617401123
0.516 7 0.005525613940763756 2 3.1593198776245117
0.516 8 -5.787052129473504e-06 2 3.111032485961914
0.516 9 0.002302035246594373 2 3.0509443283081055
0.524 0 0.022917790930081703 2 2.959651470184326
0.524 1 0.00661690998253021 2 3.101330280303955
0.524 2 0.00046797473053926354 2 3.390216827392578
0.524 3 0.0024803287737341882 2 3.169668197631836
0.524 4 -0.00019466968200914343 2 3.221637725830078
0.524 5 0.01287072762726918 2 3.191974401473999
0.524 6 0.015642296456578067 2 3.3073108196258545
0.524 7 0.006652368221412743 2 3.3065438270568848
0.524 8 0.002046686191844163 2 3.3132476806640625
0.524 9 -6.743082079215456e-06 2 3.324105978012085
0.532 0 0.01136184125106391 2 3.3290631771087646
0.532 1 0.002132953596757277 2 3.2867400646209717
0.532 2 0.005439297930399616 2 3.3103108406066895
0.532 3 -0.00023978764076905824 2 3.343291997909546
0.532 4 0.00032998188349682856 2 3.647324800491333
0.532 5 0.008296886854694905 2 3.5964696407318115
0.532 6 0.002024292521689148 2 3.631070613861084
0.532 7 0.010556471038734593 2 3.6691527366638184
0.532 8 0.0020535947126425593 2 3.6719367504119873
0.532 9 0.0007315484332201579 2 3.5786495208740234
0.54 0 0.0037921904689536302 2 3.51544189453125
0.54 1 0.005794554473015772 2 3.4758188724517822
0.54 2 0.00040943526958232596 2 3.5875701904296875
0.54 3 0.0017124177242004 2 3.581620931625366
0.54 4 0.007264630767077156 2 3.6200151443481445
0.54 5 0.0012451972564776763 2 3.7014389038085938
0.54 6 0.00281575605410393 2 3.615000009536743
0.54 7 0.0005946429295989321 2 3.6393299102783203
0.54 8 0.008708434873511105 2 3.6057538986206055
0.54 9 0.01730964426685278 2 3.5787453651428223
0.548 0 -0.00023774160282848797 2 3.5318663120269775
0.548 1 0.0010325286177576163 2 3.644855499267578
0.548 2 0.014634244948412634 2 3.5642573833465576
0.548 3 0.001377936682577615 2 3.7427337169647217
0.548 4 0.0015226918857768502 2 3.5713560581207275
0.548 5 -4.0188860600482894e-05 2 3.668917179107666
0.548 6 0.006818376024733224 2 3.8497095108032227
0.548 7 0.00020761197247488774 2 3.5659263134002686
0.548 8 0.017051329208953903 2 3.5690643787384033
0.548 9 0.006830962607926627 2 3.853411912918091
0.556 0 0.006714585928363506 2 3.6388802528381348
0.556 1 -3.980117301537987e-05 2 3.5470898151397705
0.556 2 0.010785942399777336 2 3.537069082260132
0.556 3 -0.00018661664803971202 2 3.4821434020996094
0.556 4 -0.00023774426023392257 2 3.550555467605591
0.556 5 0.002595859900350454 2 3.782815456390381
0.556 6 0.0005071447832957471 2 3.676790237426758
0.556 7 -0.00023955233011087882 2 3.9669950008392334
0.556 8 0.0012879991712682931 2 3.8013195991516113
0.556 9 -0.00013672340611515962 2 3.9425032138824463
0.5640000000000001 0 0.012595582234353201 2 3.5944714546203613
0.5640000000000001 1 0.008937726854570085 2 3.605699062347412
0.5640000000000001 2 0.00371763015525277 2 3.4672350883483887
0.5640000000000001 3 0.0019700145264876486 2 3.4248995780944824
0.5640000000000001 4 -9.91008610344701e-05 2 3.396289587020874
0.5640000000000001 5 0.005464018857481707 2 3.259399652481079
0.5640000000000001 6 -2.279310095981582e-05 2 3.3141512870788574
0.5640000000000001 7 0.00723395431026121 2 3.374936580657959
0.5640000000000001 8 0.0028475074144212326 2 3.508056402206421
0.5640000000000001 9 0.0004988089554124328 2 3.463529586791992
0.5720000000000001 0 0.0001750938419208859 2 3.49834942817688
0.5720000000000001 1 0.0009149709026185271 2 3.390573740005493
0.5720000000000001 2 0.006169459872854083 2 3.3491644859313965
0.5720000000000001 3 0.00197010820047079 2 3.2818305492401123
0.5720000000000001 4 -0.00014766426607218435 2 3.6673524379730225
0.5720000000000001 5 0.001890515050394719 2 3.6159942150115967
0.5720000000000001 6 0.0013324404671899038 2 3.6023168563842773
0.5720000000000001 7 0.001792491434747762 2 3.6660990715026855
0.5720000000000001 8 0.0016204372440595577 2 3.627678632736206
0.5720000000000001 9 0.002928622534610545 2 3.7851955890655518
0.58 0 0.00029979017605272896 2 3.479987144470215
0.58 1 -0.0002377575485469654 2 3.5866525173187256
0.58 2 -0.00012462126950472322 2 3.5672800540924072
0.58 3 0.003848060801170105 2 3.508610248565674
0.58 4 0.001916693896262183 2 3.534491539001465
0.58 5 0.004619130875446697 2 3.7083818912506104
0.58 6 0.0022044376701369694 2 3.612865924835205
0.58 7 0.00022294650254053026 2 3.5317952632904053
0.58 8 0.0003527327529774832 2 3.5776782035827637
0.58 9 0.005048957302613564 2 3.4689669609069824
0.588 0 0.0035145813197442572 2 3.560547113418579
0.588 1 0.0034365978289415526 2 3.3895864486694336
0.588 2 -7.058223429297441e-05 2 3.2970333099365234
0.588 3 0.006438871091405422 2 3.542959451675415
0.588 4 0.0005640793539698736 2 3.860612154006958
0.588 5 -0.0002403205658490126 2 3.725027084350586
0.588 6 0.00017760107742171807 2 3.719170093536377
0.588 7 0.00032737405510562326 2 3.762340545654297
0.588 8 1.1354738503816573e-05 2 3.7492835521698
0.588 9 0.000994469805461712 2 3.742058515548706
0.596 0 -0.00024034364850986228 2 3.643825054168701
0.596 1 0.00035710881546369697 2 3.6435225009918213
0.596 2 -0.00016838459343823575 2 3.667692184448242
0.596 3 0.0004243792546003556 2 3.630002498626709
0.596 4 0.00792997856022934 2 3.350835084915161
0.596 5 0.0006095072393557317 2 3.4836769104003906
0.596 6 0.001331873662576643 2 3.324601411819458
0.596 7 -0.00012233058335241846 2 3.3988497257232666
0.596 8 -0.0001365621376852347 2 3.389824390411377
0.596 9 4.86683747305485e-05 2 3.399822473526001
0.604 0 -0.00023020934369628057 2 3.637962818145752
0.604 1 0.00193047009644119 2 3.401435136795044
0.604 2 -0.00024038459768791563 2 3.5175302028656006
0.604 3 -0.000229086155819311 2 3.3688454627990723
0.604 4 0.0008619889401619486 2 3.4681408405303955
0.604 5 0.0023424071937122857 2 3.5798897743225098
0.604 6 0.0001532425627853078 2 3.4644858837127686
0.604 7 -0.00024085311123479012 2 3.3974685668945312
0.604 8 0.008056430533302579 2 3.5227062702178955
0.604 9 0.005545191430565747 2 3.540921926498413
0.612 0 0.005281052016437475 2 3.198941707611084
0.612 1 0.00044539845391442217 2 3.332322359085083
0.612 2 1.089941102592743e-05 2 3.6914539337158203
0.612 3 -0.00017778148525063493 2 3.7610645294189453
0.612 4 0.00010861858289358069 2 3.6205191612243652
0.612 5 0.0021500621808751732 2 3.6489686965942383
0.612 6 0.0017120193435424082 2 3.596329689025879
0.612 7 0.00011024998767582343 2 3.643827199935913
0.612 8 0.00032600600754585884 2 3.7481908798217773
0.612 9 0.0014878223997818049 2 3.534553050994873
0.62 0 0.00432059307491956 2 3.5907750129699707
0.62 1 -0.0001944499003028736 2 3.406731367111206
0.62 2 0.00265545472992078 2 3.553781509399414
0.62 3 0.004616474733254237 2 3.7420756816864014
0.62 4 -0.00015853202915636807 2 3.4586191177368164
0.62 5 0.00202560071497553 2 3.5831823348999023
0.62 6 -6.729911819435028e-06 2 3.6733505725860596
0.62 7 0.003098389279167542 2 3.5162830352783203
0.62 8 0.0007306505539385494 2 3.7407219409942627
0.62 9 0.0004685839612871405 2 3.6802427768707275
0.628 0 0.0036430751418406954 2 3.6468584537506104
0.628 1 0.0020355918149566124 2 3.61474871635437
0.628 2 0.0013777934807321752 2 3.393728733062744
0.628 3 -0.00019455624872454335 2 3.473931074142456
0.628 4 0.00017528469521194896 2 3.49985933303833
0.628 5 0.0010671892209581555 2 3.4747867584228516
0.628 6 0.001712275756016737 2 3.6099753379821777
0.628 7 0.002845561774031969 2 3.7055134773254395
0.628 8 0.0002494047592680753 2 3.4622175693511963
0.628 9 -5.541654059284528e-05 2 3.4972121715545654
0.636 0 0.0020091744010210144 2 3.8688464164733887
0.636 1 0.001865392378119287 2 3.3733348846435547
0.636 2 -0.00023549781401452873 2 3.63498592376709
0.636 3 0.0003018089611850539 2 3.416826009750366
0.636 4 -8.46112460073633e-05 2 3.6299891471862793
0.636 5 0.0024689053351070736 2 3.3022637367248535
0.636 6 0.002083282885274215 2 3.0708820819854736
0.636 7 -0.00014786671185534363 2 3.1913199424743652
0.636 8 0.00022286518852258889 2 3.0957319736480713
0.636 9 1.079907805910013e-05 2 3.0724122524261475
0.644 0 0.0005989823180172295 2 3.0795624256134033
0.644 1 0.00010862548817629168 2 3.12562894821167
0.644 2 -0.00020863353398644816 2 3.0635130405426025
0.644 3 0.00038470186100178396 2 3.092813730239868
0.644 4 1.1489935260349631e-05 2 3.1605467796325684
0.644 5 3.243842315924545e-05 2 3.0812294483184814
0.644 6 0.001969858418664826 2 3.0783426761627197
0.644 7 0.0006280745203600631 2 3.173652410507202
0.644 8 8.776982308058198e-05 2 3.312452554702759
0.644 9 -0.0001864413464941963 2 3.1136927604675293
0.652 0 0.0018702542349914508 2 3.352358102798462
0.652 1 -0.00017778335478812178 2 3.3532516956329346
0.652 2 -0.00020182595208125402 2 3.441251516342163
0.652 3 0.0003807276654705933 2 3.3623650074005127
0.652 4 -0.0001944510584514954 2 3.4044573307037354
0.652 5 0.00030787257713171606 2 3.3461620807647705
0.652 6 -0.0002018417417005024 2 3.5226287841796875
0.652 7 0.0006971109358154262 2 3.3295302391052246
0.652 8 0.00017549963280680074 2 3.3654563426971436
0.652 9 -0.00011192847969743018 2 3.376967668533325
0.66 0 0.0014309265316458436 2 3.3609635829925537
0.66 1 0.002188002519477038 2 3.457179307937622
0.66 2 0.00023360857919358267 2 3.601142644882202
0.66 3 0.00219259635855112 2 3.4240198135375977
0.66 4 0.006430879177270877 2 3.4034533500671387
0.66 5 -5.491806855040399e-05 2 3.4316325187683105
0.66 6 -9.883105071269061e-05 2 3.426239490509033
0.66 7 -0.00011035893348934824 2 3.358475923538208
0.66 8 -0.00018650366751472007 2 3.32765531539917
0.66 9 -0.00021473232204654365 2 3.3680779933929443
0.668 0 0.0024781174617300975 2 3.3637330532073975
0.668 1 0.0036402246256171033 2 3.4091413021087646
0.668 2 0.001331314529533413 2 3.5197150707244873
0.668 3 0.001116382561120556 2 3.581765651702881
0.668 4 0.0001106819192057919 2 3.3856441974639893
0.668 5 0.0002487015199757523 2 3.4468870162963867
0.668 6 0.00043812479723756293 2 3.589862108230591
0.668 7 -0.00019453225920918878 2 3.418834686279297
0.668 8 4.86683747305485e-05 2 3.2685184478759766
0.668 9 -0.000124856413811289 2 3.3375632762908936
0.676 0 2.9287486252604627e-05 2 3.224151372909546
0.676 1 0.0004983772485191694 2 3.504552125930786
0.676 2 -0.0002355285353880208 2 3.4785966873168945
0.676 3 -0.00014760650302328936 2 3.6012532711029053
0.676 4 0.0020783526821399685 2 3.5326650142669678
0.676 5 0.00013289216516647147 2 3.721996307373047
0.676 6 3.269467536018889e-05 2 3.3069138526916504
0.676 7 -0.0001585093857926499 2 3.3553659915924072
0.676 8 -0.00023577228570381608 2 3.343214511871338
0.676 9 0.0005001201312688751 2 3.323939800262451
0.6839999999999999 0 -0.0002355285353880208 2 3.3379194736480713
0.6839999999999999 1 0.0009144949484870646 2 3.486067295074463
0.6839999999999999 2 0.0037169302757756643 2 3.345832347869873
0.6839999999999999 3 0.0014795635794094513 2 3.3703091144561768
0.6839999999999999 4 0.00056127559478832 2 3.412602424621582
0.6839999999999999 5 0.0008048407929418337 2 3.5014822483062744
0.6839999999999999 6 0.0001525713219426669 2 3.809382438659668
0.6839999999999999 7 0.00040889896070757235 2 3.9128642082214355
0.6839999999999999 8 -0.00016847344117736857 2 3.8182740211486816
0.6839999999999999 9 0.00038948921798881973 2 3.9109256267547607
0.692 0 -9.918391816728141e-05 2 3.7310307025909424
0.692 1 -5.5741449875108175e-05 2 3.8140358924865723
0.692 2 -0.00022941309796126283 2 3.670423746109009
0.692 3 0.0038670961662505524 2 3.552597999572754
0.692 4 0.0014337619474719724 2 3.6028735637664795
0.692 5 0.001469011221807779 2 3.49580979347229
0.692 6 -0.00014792069099609387 2 3.4963150024414062
0.692 7 -0.0002404968661826318 2 3.494736433029175
0.692 8 -7.090466755804634e-05 2 3.399299383163452
0.692 9 3.04071177376696e-05 2 3.3924217224121094
0.7 0 -0.00024047950566422773 2 3.482177972793579
0.7 1 -0.0002398918964803698 2 3.4570980072021484
0.7 2 -0.00018646185388670813 2 3.5797524452209473
0.7 3 8.789532811584797e-05 2 3.4126157760620117
0.7 4 -3.9445935786155236e-05 2 3.436641216278076
0.7 5 -3.5302245129109124e-05 2 3.6647439002990723
0.7 6 -6.980303132087452e-05 2 3.4441401958465576
0.7 7 0.00028049644330177927 2 3.5565390586853027
0.7 8 0.0024240248702260807 2 3.156848669052124
0.7 9 1.3112525144152108e-05 2 3.1138498783111572
0.708 0 0.00035957811414016297 2 3.087179183959961
0.708 1 -0.00023849944359891157 2 3.3320116996765137
0.708 2 -0.00018643271515734404 2 3.2532265186309814
0.708 3 -0.00023775459540517583 2 4.287889242172241
0.708 4 -0.00018668740012298072 2 3.631671905517578
0.708 5 -2.917294508268613e-05 2 4.540731906890869
0.708 6 -5.517451525703283e-05 2 3.7635581493377686
0.708 7 0.0003803565958243906 2 3.730372428894043
0.708 8 3.314380957721203e-05 2 3.712864637374878
0.708 9 -0.00024079590272985859 2 4.4673075675964355
0.716 0 0.001331873662576643 2 3.7605206966400146
0.716 1 -0.00017777624361948517 2 3.856879711151123
0.716 2 -0.00023261453150719163 2 3.9520018100738525
0.716 3 -0.0001684722428915385 2 3.816098213195801
0.716 4 -7.094923580358465e-05 2 3.4796104431152344
0.716 5 0.00013011258094572148 2 3.586552143096924
0.716 6 0.0011570115932082756 2 3.4623520374298096
0.716 7 0.0033669467340029288 2 3.334522008895874
0.716 8 0.0012872042346255019 2 4.312110185623169
0.716 9 0.003100559781929931 2 3.90423846244812
0.724 0 0.0001533594889717025 2 3.5914266109466553
0.724 1 -0.00011233756079946542 2 3.4219768047332764
0.724 2 0.00108616496492028 2 3.370251417160034
0.724 3 -0.00022941309796126283 2 3.504606246948242
0.724 4 0.00033062522606766776 2 4.01990008354187
0.724 5 0.0006268119970046869 2 3.4963436126708984
0.724 6 0.00122294809280205 2 3.4730100631713867
0.724 7 0.0019935669280539458 2 3.400541067123413
0.724 8 -0.00017777394256858397 2 3.4787468910217285
0.724 9 0.00019845014082049442 2 3.452822208404541
0.732 0 -0.00022943954858907194 2 3.41829776763916
0.732 1 0.0008024963055888362 2 3.3834569454193115
0.732 2 -0.00020199869482025005 2 3.3857972621917725
0.732 3 0.0008764701351674759 2 3.436417579650879
0.732 4 -5.4661358886355825e-05 2 3.302619695663452
0.732 5 -0.00020205429705565033 2 3.1947150230407715
0.732 6 -0.00022010409789328825 2 3.290769338607788
0.732 7 0.004790954731653683 2 3.3069794178009033
0.732 8 -0.0002356422736423887 2 3.600764036178589
0.732 9 -8.33252867058948e-05 2 3.1870667934417725
0.74 0 1.1387149934541453e-05 2 3.2588765621185303
0.74 1 -0.0001118948827898412 2 3.3193769454956055
0.74 2 0.00033113474787972177 2 3.083503246307373
0.74 3 0.0006965684826227578 2 3.3950068950653076
0.74 4 0.00035635510004460914 2 3.3613009452819824
0.74 5 0.00041063019111956493 2 3.267003297805786
0.74 6 0.0008322954038858016 2 3.395648241043091
0.74 7 -8.434870422005777e-05 2 3.282846212387085
0.74 8 -0.00020211753779895514 2 3.361269474029541
0.74 9 -0.0002147075357935118 2 3.266383171081543
0.748 0 -0.00014794078606145266 2 3.3004775047302246
0.748 1 -0.0001477980441554865 2 3.293583631515503
0.748 2 0.001669572599764255 2 3.096052646636963
0.748 3 -0.0001584720153878639 2 3.077333688735962
0.748 4 -0.00019465773700116988 2 3.7264716625213623
0.748 5 0.00013517530044390876 2 3.763944387435913
0.748 6 -9.900589107006964e-05 2 3.9597973823547363
0.748 7 -0.00024090980984902785 2 3.654057264328003
0.748 8 -0.00024031533468035554 2 3.839492082595825
0.748 9 -5.5905397355070174e-05 2 3.6480517387390137
0.756 0 1.0808607392924072e-05 2 3.1031970977783203
0.756 1 -0.00018643342002213663 2 4.120407342910767
0.756 2 -0.00014724493367531923 2 3.960456609725952
0.756 3 -7.085338823569718e-05 2 3.9634783267974854
0.756 4 0.00035635510004460914 2 3.9255924224853516
0.756 5 0.0003314873607323705 2 3.8268752098083496
0.756 6 0.0001577385454142039 2 3.7774980068206787
0.756 7 -0.0001241699145146773 2 3.2526209354400635
0.756 8 7.036839947346691e-05 2 3.189532995223999
0.756 9 0.0008841259689492004 2 4.061691761016846
0.764 0 0.0004992018382644804 2 3.438666582107544
0.764 1 -0.00020881851901971148 2 3.690617322921753
0.764 2 -0.00015829764753227938 2 3.2533349990844727
0.764 3 -0.00019459784905691567 2 3.4417507648468018
0.764 4 -0.00017777760781613654 2 3.347383499145508
0.764 5 0.0005942505465621978 2 3.6395065784454346
0.764 6 0.000326697750188472 2 3.5315914154052734
0.764 7 -9.91471138838066e-05 2 3.2335925102233887
0.764 8 -0.00022908919641979363 2 3.3431355953216553
0.764 9 0.0005612559411769574 2 3.2680563926696777
0.772 0 0.0004070601980350636 2 3.090216636657715
0.772 1 -0.00022491910030381974 2 3.900952100753784
0.772 2 -0.000124598635936997 2 3.1949453353881836
0.772 3 -0.0002377421933556944 2 3.3778371810913086
0.772 4 -9.919892820903984e-05 2 3.400012493133545
0.772 5 -0.0002201245674084261 2 3.3330767154693604
0.772 6 0.000877343307654706 2 3.3940951824188232
0.772 7 -8.421963754432434e-05 2 3.326991558074951
0.772 8 1.108127984127351e-05 2 3.313408851623535
0.772 9 -6.946205045143553e-05 2 3.309283494949341
0.78 0 0.0003047836162971425 2 3.3515968322753906
0.78 1 -0.00023324726445461615 2 3.3156864643096924
0.78 2 0.0012082559375324895 2 3.305802822113037
0.78 3 -4.018555677279134e-05 2 3.4601237773895264
0.78 4 -7.925069830893633e-05 2 3.2785019874572754
0.78 5 6.77252997543379e-05 2 3.269841432571411
0.78 6 -8.540906398311446e-05 2 3.4605042934417725
0.78 7 0.00024930949211172514 2 3.371596097946167
0.78 8 -0.00022926610710207463 2 3.4081594944000244
0.78 9 0.00020223483629703407 2 3.459634304046631
0.788 0 0.00015080840639149773 2 3.3935844898223877
0.788 1 0.0001811105409665181 2 3.434777021408081
0.788 2 0.0002005694568260729 2 3.391667604446411
0.788 3 -2.3215054423683442e-05 2 3.3314425945281982
0.788 4 -0.00021468054928669132 2 3.1655333042144775
0.788 5 6.874024206528044e-05 2 3.196254014968872
0.788 6 -0.0001777755919427505 2 3.2424848079681396
0.788 7 0.0007374626051868039 2 3.3512120246887207
0.788 8 -0.00024242147513074967 2 3.29636812210083
0.788 9 4.801392068686033e-05 2 3.6806650161743164
0.796 0 -0.0002021883772471409 2 3.718996047973633
0.796 1 0.00032581963821095693 2 3.2466821670532227
0.796 2 -2.3660238341174796e-05 2 3.5281617641448975
0.796 3 0.0004681464620409628 2 3.331347703933716
0.796 4 8.864879830244168e-05 2 3.3827450275421143
0.796 5 0.0004988089554124332 2 3.30184006690979
0.796 6 -2.24038460607627e-05 2 3.3269670009613037
0.796 7 -0.00019451457376824975 2 3.2716562747955322
0.796 8 -2.1494601343033797e-05 2 3.1887829303741455
0.796 9 0.00010890749136501838 2 3.6341798305511475
0.8039999999999999 0 -0.00024107486035548879 2 3.4659063816070557
0.8039999999999999 1 6.896236219002008e-05 2 3.379628896713257
0.8039999999999999 2 0.00041911698846934216 2 3.7404487133026123
0.8039999999999999 3 0.0001355592463709254 2 3.394667863845825
0.8039999999999999 4 -0.00019445161603717843 2 3.4425206184387207
0.8039999999999999 5 -0.0001582626967611914 2 3.400484800338745
0.8039999999999999 6 -0.00012453746630316457 2 3.498137950897217
0.8039999999999999 7 -0.00023262264538621315 2 3.39174485206604
0.8039999999999999 8 0.0005373180282178179 2 3.3560705184936523
0.8039999999999999 9 -0.00016844076489224915 2 3.4519495964050293
0.8119999999999999 0 9.067278384004813e-05 2 3.4639012813568115
0.8119999999999999 1 0.00017522673748491266 2 3.364255905151367
0.8119999999999999 2 0.0010409430861275373 2 3.4547038078308105
0.8119999999999999 3 1.0826307265319033e-05 2 3.3883488178253174
0.8119999999999999 4 0.0013019952960823965 2 3.343432903289795
0.8119999999999999 5 0.0001582942908889012 2 3.7676806449890137
0.8119999999999999 6 -0.00023937435363850437 2 3.2324399948120117
0.8119999999999999 7 -0.00011117445390021901 2 3.227102041244507
0.8119999999999999 8 2.9455276946019203e-05 2 3.092834949493408
0.8119999999999999 9 -4.465853469069802e-06 2 3.389465808868408
0.82 0 0.0041537819968323515 2 3.287226438522339
0.82 1 -0.00021471212564317193 2 3.106043815612793
0.82 2 0.00022255666285996202 2 3.328467845916748
0.82 3 -0.00018643881676983436 2 3.5327537059783936
0.82 4 0.0009936523728738718 2 3.255706548690796
0.82 5 0.0007689080599203682 2 3.27634859085083
0.82 6 5.5553915991740176e-05 2 3.0670602321624756
0.82 7 0.00013040317477431957 2 3.647921085357666
0.82 8 -0.0001366384450868051 2 4.0865232944488525
0.82 9 -0.00024227703129801957 2 3.493734121322632
0.828 0 0.00027492858550505814 2 3.9694693088531494
0.828 1 -0.000214652464590499 2 3.655911684036255
0.828 2 -0.00014794858694408368 2 3.30350399017334
0.828 3 -5.52038260177939e-05 2 3.5463953018188477
0.828 4 6.93981595233846e-05 2 3.6490492820739746
0.828 5 -0.00017777597247108014 2 3.3449487686157227
0.828 6 0.0005951292217255977 2 3.517564058303833
0.828 7 -0.0002153723075732603 2 3.28127384185791
0.828 8 -0.00023966587090098665 2 3.4604361057281494
0.828 9 -0.00012478474355704335 2 3.4477999210357666
0.836 0 -0.00023294239838253877 2 3.137282609939575
0.836 1 0.00017549963280680188 2 3.374476909637451
0.836 2 -0.00023552441010526074 2 3.295111656188965
0.836 3 -0.0002405593994243177 2 3.3033366203308105
0.836 4 -0.00019479903877218365 2 4.036684036254883
0.836 5 0.00013197271411267275 2 3.294398307800293
0.836 6 -0.00015853163306947353 2 4.141912221908569
0.836 7 0.0010033744642248435 2 3.45247745513916
0.836 8 -0.00023774573660866917 2 3.3942089080810547
0.836 9 -0.00016844710019124596 2 3.431028127670288
0.844 0 0.0006604856147839089 2 3.409027099609375
0.844 1 0.0001086172018746365 2 3.272481679916382
0.844 2 0.00035635510004460914 2 3.2657530307769775
0.844 3 -0.00020196202668229627 2 3.240783929824829
0.844 4 -0.00015844257618599988 2 3.4509530067443848
0.844 5 -0.00020201187730543234 2 3.2626657485961914
0.844 6 -0.0002290983188269169 2 3.2410476207733154
0.844 7 -2.2109164777324805e-05 2 3.802478313446045
0.844 8 -7.096459451453468e-05 2 3.3118667602539062
0.844 9 -0.00024061188151088916 2 3.4028775691986084
0.852 0 -0.00021465430008721107 2 3.1628568172454834
0.852 1 1.132325065812367e-05 2 3.2977213859558105
0.852 2 -0.00023571309961354376 2 3.2041516304016113
0.852 3 -0.00023934844024106418 2 3.2013731002807617
0.852 4 -2.333134761252578e-05 2 3.455505847930908
0.852 5 0.0004984998431052217 2 3.123149871826172
0.852 6 0.0013543540097786524 2 3.1147048473358154
0.852 7 -9.906245452427668e-05 2 3.2639527320861816
0.852 8 0.00022699172865239912 2 3.2134103775024414
0.852 9 0.0019198487996781133 2 3.891129732131958
0.86 0 -0.00024041478381295429 2 3.3897430896759033
0.86 1 0.000841414725398945 2 3.2339718341827393
0.86 2 0.00032621444911668944 2 3.894040822982788
0.86 3 -0.00023004697574562002 2 3.360283851623535
0.86 4 -0.0001367094623772494 2 3.334895133972168
0.86 5 -0.00023934525845854257 2 3.2829697132110596
0.86 6 -0.0001684440198105494 2 3.182267904281616
0.86 7 0.00019999228958663692 2 4.0348427295684814
0.86 8 0.0001997728404745051 2 3.454768657684326
0.86 9 0.00038029052408008004 2 3.5177090167999268
0.868 0 0.00024795302383120136 2 3.3446922302246094
0.868 1 -0.00013654566466628646 2 3.376193046569824
0.868 2 -0.00011234550686879056 2 3.41776967048645
0.868 3 0.0004095574086115442 2 3.443939685821533
0.868 4 -5.869420662827528e-06 2 4.302348852157593
0.868 5 0.00019999228958663749 2 3.7496960163116455
0.868 6 -0.00016844558172218543 2 3.7930526733398438
0.868 7 0.000272728337979527 2 4.04612135887146
0.868 8 -0.00016847140319889485 2 3.7133660316467285
0.868 9 4.859401857014679e-05 2 3.621964454650879
0.876 0 0.00035252511113575296 2 3.4576456546783447
0.876 1 8.797735143404078e-05 2 3.5099024772644043
0.876 2 -9.904097209932856e-05 2 3.5318443775177
0.876 3 -0.0001944510584514954 2 3.443687677383423
0.876 4 0.0007039414271543103 2 3.6614434719085693
0.876 5 0.0006296223185625553 2 3.195564031600952
0.876 6 -9.91008610344701e-05 2 3.156459093093872
0.876 7 -8.498457514675918e-05 2 3.0918543338775635
0.876 8 -0.00020855982327977422 2 3.5763065814971924
0.876 9 -0.00015849292556592304 2 3.7690491676330566
0.884 0 0.00013298507024894359 2 3.641000270843506
0.884 1 0.0002542642241032803 2 3.5855824947357178
0.884 2 -0.00020197982043319515 2 3.550126075744629
0.884 3 -0.00017777419377718287 2 3.348313808441162
0.884 4 -0.00020182595208125402 2 3.3344714641571045
0.884 5 0.00031819313295813905 2 3.246990919113159
0.884 6 -9.899343378470654e-05 2 3.272489309310913
0.884 7 0.0005955860764881377 2 3.2241947650909424
0.884 8 -0.00016832846653136584 2 3.3477671146392822
0.884 9 -3.7826532788818853e-06 2 3.3183839321136475
0.892 0 -0.00023939936551068574 2 3.3521480560302734
0.892 1 -0.00020208496496705887 2 3.3294193744659424
0.892 2 -0.00023939936551068574 2 3.3886971473693848
0.892 3 -0.0002295712807177154 2 3.310009002685547
0.892 4 -0.00020880966961706456 2 3.269442319869995
0.892 5 0.0012156299457915301 2 3.2899348735809326
0.892 6 -0.00019452493278502748 2 3.4214909076690674
0.892 7 0.0004101602428725437 2 3.607562780380249
0.892 8 0.00028011962297496903 2 4.008901834487915
0.892 9 0.0005958371735163582 2 3.4096407890319824
0.9 0 8.971945055130689e-05 2 3.5829360485076904
0.9 1 4.9844097206226994e-05 2 3.346506357192993
0.9 2 -0.00019453604828929597 2 3.381697177886963
0.9 3 -0.000158529167612973 2 3.3852598667144775
0.9 4 -7.032614237933763e-05 2 3.420023202896118
0.9 5 0.00048237501632237705 2 3.3317410945892334
0.9 6 -0.00020203254912278722 2 3.3842711448669434
0.9 7 0.0007677359498337823 2 3.3996005058288574
0.9 8 0.0006673252076963566 2 3.361826181411743
0.9 9 0.00044030033014208297 2 3.3811495304107666
