0.1 0 1.0 3
0.1 1 1.0 3
0.1 2 1.0 3
0.1 3 1.0 3
0.1 4 1.0 3
0.1 5 1.0 3
0.1 6 1.0 3
0.1 7 1.0 3
0.1 8 1.0 3
0.1 9 1.0 3
0.14 0 0.9396976072117614 3
0.14 1 1.0 3
0.14 2 0.9396976072117614 3
0.14 3 0.9180864076468657 3
0.14 4 0.9481472435309499 3
0.14 5 1.0 3
0.14 6 0.9698180786444058 3
0.14 7 0.9698180786444056 3
0.14 8 0.9698180786444058 3
0.14 9 0.9698180786444056 3
0.16 0 0.9396976072117614 3
0.16 1 0.9396976072117614 3
0.16 2 0.939691364569332 3
0.16 3 0.9698180786444058 3
0.16 4 0.9481472435309501 3
0.16 5 0.8960078381080983 3
0.16 6 0.9698180786444058 3
0.16 7 0.9698180786444058 3
0.16 8 0.9095014369580294 3
0.16 9 0.8578076256033433 3
0.12000000000000001 0 0.9698180786444058 3
0.12000000000000001 1 0.9698180786444058 3
0.12000000000000001 2 1.0 3
0.12000000000000001 3 0.9396976072117612 3
0.12000000000000001 4 0.9698180786444058 3
0.12000000000000001 5 0.9698180786444058 3
0.12000000000000001 6 0.9033137993498076 4
0.12000000000000001 7 1.0 3
0.12000000000000001 8 1.0 3
0.12000000000000001 9 1.0 3
0.18 0 1.0 3
0.18 1 0.9296809890623567 3
0.18 2 0.857894574774787 3
0.18 3 0.939762763218742 3
0.18 4 0.9481472435309501 3
0.18 5 0.9396976072117614 3
0.18 6 0.9095771357791166 3
0.18 7 0.88780655299547 3
0.18 8 0.8396594148919542 3
0.18 9 0.8879649277522775 3
0.2 0 0.8182646961145127 3
0.2 1 0.8364867296821524 3
0.2 2 0.8998841615235602 3
0.2 3 0.9095014369580294 3
0.2 4 0.887895176687838 3
0.2 5 0.9095771357791166 3
0.2 6 0.9097025441299542 3
0.2 7 0.9182207443266874 3
0.2 8 0.7489403387496718 3
0.2 9 0.9180864076468654 3
0.22 0 0.728048100844056 3
0.22 1 0.7161197347677724 3
0.22 2 0.816574148244918 3
0.22 3 0.8365681593763183 3
0.22 4 0.737388776350918 3
0.22 5 0.7938389483769069 3
0.22 6 0.7467149848634038 3
0.22 7 0.8578076256033433 3
0.22 8 0.8879393370309544 3
0.22 9 0.9096441448281131 3
0.24000000000000002 0 0.7838978262185573 3
0.24000000000000002 1 0.6992389033101063 3
0.24000000000000002 2 0.7972765510552928 3
0.24000000000000002 3 0.814654504689131 3
0.24000000000000002 4 0.8177587078048163 3
0.24000000000000002 5 0.7852616157863119 3
0.24000000000000002 6 0.6114435999244449 3
0.24000000000000002 7 0.8280955285005822 3
0.24000000000000002 8 0.7636201694155961 3
0.24000000000000002 9 0.7510135410255737 3
0.26 0 0.5082145776971675 2
0.26 1 0.7769694353957932 3
0.26 2 0.7299366597432253 3
0.26 3 0.7750143557332126 3
0.26 4 0.7195968310917712 3
0.26 5 0.6732933280411086 3
0.26 6 0.6170194910916039 3
0.26 7 0.6296303229642285 3
0.26 8 0.7277846245493333 3
0.26 9 0.7545098836763154 3
0.28 0 0.6219971444804007 3
0.28 1 0.7512117194969476 3
0.28 2 0.6569954401884177 3
0.28 3 0.5523863143451085 3
0.28 4 0.4401398421671677 2
0.28 5 0.15030167690075127 2
0.28 6 0.3724383299256517 2
0.28 7 0.6791027056390481 3
0.28 8 0.0 1
0.28 9 0.5557307202994282 3
0.30000000000000004 0 0.4616665746699022 3
0.30000000000000004 1 0.0 1
0.30000000000000004 2 0.37293889574136985 2
0.30000000000000004 3 0.2693946613126056 2
0.30000000000000004 4 0.5955217075376409 3
0.30000000000000004 5 0.23484755824053186 2
0.30000000000000004 6 0.4228829496661189 2
0.30000000000000004 7 0.3039634167009756 2
0.30000000000000004 8 0.7109801616677567 3
0.30000000000000004 9 0.4043295292159764 2
0.32 0 0.28531047627924405 2
0.32 1 0.4692682080667594 3
0.32 2 0.5666230514658749 3
0.32 3 0.22747131551407845 2
0.32 4 0.5615028072171674 3
0.32 5 0.4126918460556341 2
0.32 6 0.5471936340569641 2
0.32 7 0.31114040038283386 2
0.32 8 0.5747492320966141 2
0.32 9 0.31194828074082165 2
0.33999999999999997 0 0.28755342389235844 2
0.33999999999999997 1 0.47320560390374494 3
0.33999999999999997 2 0.4242062935115757 2
0.33999999999999997 3 0.0 1
0.33999999999999997 4 0.27587064984980975 2
0.33999999999999997 5 0.3596095690176486 2
0.33999999999999997 6 0.0 1
0.33999999999999997 7 0.0 1
0.33999999999999997 8 0.0 1
0.33999999999999997 9 0.10846834006333345 2
0.36 0 0.31458689946829377 2
0.36 1 0.0 1
0.36 2 0.0 1
0.36 3 0.10652542842325975 2
0.36 4 0.2490314898227194 2
0.36 5 0.25789915620580345 2
0.36 6 0.0 1
0.36 7 0.0 1
0.36 8 0.0 1
0.36 9 0.0 1
0.38 0 0.15694142363888802 2
0.38 1 0.0 1
0.38 2 0.0 1
0.38 3 0.0 1
0.38 4 0.2223184880649858 2
0.38 5 0.0 1
0.38 6 0.0 1
0.38 7 0.0 1
0.38 8 0.0 1
0.38 9 0.0 1
0.4 0 0.0 1
0.4 1 0.0 1
0.4 2 0.44621959853336157 2
0.4 3 0.0 1
0.4 4 0.18119422606397065 2
0.4 5 0.0 1
0.4 6 0.0 1
0.4 7 0.16285439819985476 2
0.4 8 0.0 1
0.4 9 0.22610608678932761 2
0.42000000000000004 0 0.0 1
0.42000000000000004 1 -0.007009770906806693 2
0.42000000000000004 2 0.0 1
0.42000000000000004 3 0.0 1
0.42000000000000004 4 0.0 1
0.42000000000000004 5 0.0 1
0.42000000000000004 6 0.0 1
0.42000000000000004 7 0.0 1
0.42000000000000004 8 0.0 1
0.42000000000000004 9 0.0 1
0.44000000000000006 0 0.0 1
0.44000000000000006 1 0.0 1
0.44000000000000006 2 0.0 1
0.44000000000000006 3 0.0 1
0.44000000000000006 4 0.0 1
0.44000000000000006 5 0.0 1
0.44000000000000006 6 -0.0033933033731636986 2
0.44000000000000006 7 0.0 1
0.44000000000000006 8 0.0 1
0.44000000000000006 9 0.0 1
0.45999999999999996 0 0.0 1
0.45999999999999996 1 0.0 1
0.45999999999999996 2 0.0 1
0.45999999999999996 3 0.0 1
0.45999999999999996 4 0.0 1
0.45999999999999996 5 0.0 1
0.45999999999999996 6 0.0 1
0.45999999999999996 7 0.0 1
0.45999999999999996 8 0.0 1
0.45999999999999996 9 0.0 1
0.48 0 0.0 1
0.48 1 0.0 1
0.48 2 0.0 1
0.48 3 0.0 1
0.48 4 0.0 1
0.48 5 0.0 1
0.48 6 0.0 1
0.48 7 0.08435488734952169 2
0.48 8 0.0 1
0.48 9 0.0 1
0.5 0 0.0 1
0.5 1 0.0 1
0.5 2 0.0 1
0.5 3 0.0 1
0.5 4 0.0 1
0.5 5 0.0 1
0.5 6 0.0 1
0.5 7 0.0 1
0.5 8 0.0 1
0.5 9 0.0 1
0.52 0 0.0 1
0.52 1 0.0 1
0.52 2 0.0 1
0.52 3 0.0 1
0.52 4 0.0 1
0.52 5 0.0 1
0.52 6 0.0 1
0.52 7 0.0 1
0.52 8 0.0 1
0.52 9 0.0 1
0.54 0 0.0 1
0.54 1 0.0 1
0.54 2 0.0 1
0.54 3 0.0 1
0.54 4 0.0 1
0.54 5 0.0 1
0.54 6 0.0 1
0.54 7 0.0 1
0.54 8 0.0 1
0.54 9 0.0 1
0.56 0 0.0 1
0.56 1 0.0 1
0.56 2 0.0 1
0.56 3 0.0 1
0.56 4 0.0 1
0.56 5 0.0 1
0.56 6 0.0 1
0.56 7 0.0 1
0.56 8 0.0 1
0.56 9 0.0 1
0.58 0 0.0 1
0.58 1 0.0 1
0.58 2 0.0 1
0.58 3 0.0 1
0.58 4 0.0 1
0.58 5 0.0 1
0.58 6 0.0 1
0.58 7 0.0 1
0.58 8 0.0 1
0.58 9 0.0 1
0.6 0 0.0 1
0.6 1 0.0 1
0.6 2 0.0 1
0.6 3 0.0 1
0.6 4 0.0 1
0.6 5 0.0 1
0.6 6 0.0 1
0.6 7 0.0 1
0.6 8 0.0 1
0.6 9 0.0 1
0.62 0 0.0 1
0.62 1 0.0 1
0.62 2 0.0 1
0.62 3 0.0 1
0.62 4 0.0 1
0.62 5 0.0 1
0.62 6 0.0 1
0.62 7 0.0 1
0.62 8 0.0 1
0.62 9 0.0 1
0.64 0 0.0 1
0.64 1 0.0 1
0.64 2 0.0 1
0.64 3 0.0 1
0.64 4 0.0 1
0.64 5 0.0 1
0.64 6 0.0 1
0.64 7 0.0 1
0.64 8 0.0 1
0.64 9 0.0 1
0.66 0 0.0 1
0.66 1 0.0 1
0.66 2 0.0 1
0.66 3 0.0 1
0.66 4 0.0 1
0.66 5 0.0 1
0.66 6 -0.00017492436781251923 2
0.66 7 0.0 1
0.66 8 0.0 1
0.66 9 0.0 1
0.6799999999999999 0 0.0 1
0.6799999999999999 1 0.0 1
0.6799999999999999 2 0.000304335483963809 2
0.6799999999999999 3 0.0 1
0.6799999999999999 4 0.0 1
0.6799999999999999 5 0.0 1
0.6799999999999999 6 0.0 1
0.6799999999999999 7 0.0 1
0.6799999999999999 8 0.0 1
0.6799999999999999 9 0.0 1
0.7 0 0.0 1
0.7 1 0.0 1
0.7 2 0.0 1
0.7 3 0.0 1
0.7 4 0.0 1
0.7 5 0.004553730197916891 2
0.7 6 0.0 1
0.7 7 0.0 1
0.7 8 0.0 1
0.7 9 0.0 1
0.72 0 0.0 1
0.72 1 0.0 1
0.72 2 0.0 1
0.72 3 0.0 1
0.72 4 0.0 1
0.72 5 0.0 1
0.72 6 0.0 1
0.72 7 0.0 1
0.72 8 0.0 1
0.72 9 0.0 1
0.74 0 0.0 1
0.74 1 0.0 1
0.74 2 0.0 1
0.74 3 0.0 1
0.74 4 0.0 1
0.74 5 0.0 1
0.74 6 0.0 1
0.74 7 0.0 1
0.74 8 0.0 1
0.74 9 0.0 1
0.76 0 0.0 1
0.76 1 0.0 1
0.76 2 0.0 1
0.76 3 0.0 1
0.76 4 0.0 1
0.76 5 0.0 1
0.76 6 0.0 1
0.76 7 0.0 1
0.76 8 0.0 1
0.76 9 0.0 1
0.78 0 0.0 1
0.78 1 0.0 1
0.78 2 0.0 1
0.78 3 0.0 1
0.78 4 0.0 1
0.78 5 0.0 1
0.78 6 0.0 1
0.78 7 0.0 1
0.78 8 0.0 1
0.78 9 0.0 1
0.8 0 0.0 1
0.8 1 0.0 1
0.8 2 0.0 1
0.8 3 0.0 1
0.8 4 0.0 1
0.8 5 0.0 1
0.8 6 0.0 1
0.8 7 0.0 1
0.8 8 0.0 1
0.8 9 0.0 1
0.82 0 0.0 1
0.82 1 0.0 1
0.82 2 0.0 1
0.82 3 0.0 1
0.82 4 0.0 1
0.82 5 0.0 1
0.82 6 0.0 1
0.82 7 0.0 1
0.82 8 0.0 1
0.82 9 0.0 1
0.84 0 -0.0037696964057165228 2
0.84 1 0.0 1
0.84 2 0.0 1
0.84 3 0.0 1
0.84 4 0.0 1
0.84 5 0.0 1
0.84 6 0.0 1
0.84 7 0.0 1
0.84 8 0.0 1
0.84 9 -0.006800517287687657 2
0.86 0 0.0 1
0.86 1 0.0 1
0.86 2 0.0 1
0.86 3 0.0 1
0.86 4 0.0 1
0.86 5 0.0 1
0.86 6 0.0 1
0.86 7 0.0 1
0.86 8 0.0 1
0.86 9 0.0 1
0.88 0 0.0 1
0.88 1 0.0 1
0.88 2 0.016087803570582804 2
0.88 3 0.0 1
0.88 4 0.0 1
0.88 5 0.0 1
0.88 6 0.0 1
0.88 7 0.0 1
0.88 8 0.0 1
0.88 9 0.0 1
0.9 0 0.0 1
0.9 1 0.0 1
0.9 2 0.0 1
0.9 3 0.0 1
0.9 4 0.0 1
0.9 5 0.0 1
0.9 6 0.0 1
0.9 7 0.0 1
0.9 8 0.0 1
0.9 9 0.0 1
0.92 0 0.0 1
0.92 1 0.0 1
0.92 2 0.0 1
0.92 3 0.0 1
0.92 4 0.0 1
0.92 5 0.0 1
0.92 6 0.0 1
0.92 7 0.0 1
0.92 8 0.0 1
0.92 9 0.0 1
0.94 0 0.0 1
0.94 1 0.0 1
0.94 2 0.0 1
0.94 3 0.0 1
0.94 4 0.0 1
0.94 5 0.0 1
0.94 6 0.0 1
0.94 7 0.0 1
0.94 8 0.0 1
0.94 9 0.0 1
0.96 0 0.0 1
0.96 1 0.0 1
0.96 2 0.0 1
0.96 3 0.0 1
0.96 4 0.0 1
0.96 5 0.0 1
0.96 6 0.0 1
0.96 7 0.0 1
0.96 8 0.0 1
0.96 9 0.0 1
0.98 0 0.0 1
0.98 1 0.0 1
0.98 2 0.0 1
0.98 3 0.0 1
0.98 4 -0.005196844778503873 2
0.98 5 0.0 1
0.98 6 0.0 1
0.98 7 0.0 1
0.98 8 0.0 1
0.98 9 0.0 1
1.0 0 0.0 1
1.0 1 0.0 1
1.0 2 0.0 1
1.0 3 0.0 1
1.0 4 0.0 1
1.0 5 0.0 1
1.0 6 0.0 1
1.0 7 0.0 1
1.0 8 0.0 1
1.0 9 0.0 1
