0.1 0 0.6253310855744894 3 0.32878684997558594
0.1 1 1.0 2 0.0426483154296875
0.1 2 0.6552544498110695 3 0.05401802062988281
0.1 3 0.6246885864812192 3 0.05901026725769043
0.1 4 0.8044372107293792 3 0.05528402328491211
0.1 5 0.5456440364544328 3 0.07121109962463379
0.1 6 1.0 2 0.043532371520996094
0.1 7 1.0 2 0.045151710510253906
0.1 8 0.66038478105912 3 0.060999155044555664
0.1 9 0.9286022516535728 2 0.04402422904968262
0.16 0 0.9286022516535728 2 0.30722761154174805
0.16 1 0.5288355381135411 3 0.07639765739440918
0.16 2 0.8065446315451662 2 0.04863309860229492
0.16 3 0.7456840094380387 3 0.06101059913635254
0.16 4 0.693221961653708 3 0.056282758712768555
0.16 5 0.9286022516535728 2 0.05467081069946289
0.16 6 0.7631083245723179 2 0.05201435089111328
0.16 7 0.8065446315451662 2 0.04915308952331543
0.16 8 0.5720892133528208 3 0.06351447105407715
0.16 9 0.7946207065282216 2 0.04201841354370117
0.14 0 1.0 2 0.3177664279937744
0.14 1 0.6189526391343638 3 0.06556344032287598
0.14 2 0.6135504876132425 3 0.07210707664489746
0.14 3 1.0 2 0.04517626762390137
0.14 4 0.744332078552327 3 0.05913209915161133
0.14 5 1.0 2 0.04256844520568848
0.14 6 0.691319169104672 3 0.05603337287902832
0.14 7 0.8065446315451662 2 0.05005836486816406
0.14 8 0.6527803439558817 3 0.06055402755737305
0.14 9 0.6529431041225313 3 0.05341219902038574
0.12000000000000001 0 0.8335429056980596 2 0.29584693908691406
0.12000000000000001 1 1.0 2 0.05039191246032715
0.12000000000000001 2 0.9286022516535728 2 0.04709935188293457
0.12000000000000001 3 1.0 2 0.04416680335998535
0.12000000000000001 4 1.0 2 0.04412484169006348
0.12000000000000001 5 1.0 2 0.052121877670288086
0.12000000000000001 6 1.0 2 0.05001091957092285
0.12000000000000001 7 0.9286022516535728 2 0.04719257354736328
0.12000000000000001 8 0.5667750992947753 3 0.05855250358581543
0.12000000000000001 9 0.5722164186741628 3 0.056442975997924805
0.2 0 0.7128426776147977 2 0.04707145690917969
0.2 1 0.49154446812162317 3 0.05754876136779785
0.2 2 0.43074486710360393 4 0.06608462333679199
0.2 3 0.7631083245723179 2 0.053054094314575195
0.2 4 0.6746161775765515 2 0.046990394592285156
0.2 5 0.763108324572318 2 0.05633258819580078
0.2 6 0.49131317768311605 3 0.05707740783691406
0.2 7 0.763108324572318 2 0.04198789596557617
0.2 8 0.8065446315451662 2 0.047104835510253906
0.2 9 0.4588139930376485 3 0.05401134490966797
0.18 0 0.44324589816914484 3 0.06131935119628906
0.18 1 0.5419704810018195 3 0.05568981170654297
0.18 2 0.6018501006267091 3 0.05599069595336914
0.18 3 0.8065446315451662 2 0.04521059989929199
0.18 4 1.0 2 0.04799032211303711
0.18 5 0.8773072618436142 2 0.04300856590270996
0.18 6 0.5251783887678675 3 0.06701469421386719
0.18 7 0.564817047847653 3 0.06810164451599121
0.18 8 0.8335429056980596 2 0.047013282775878906
0.18 9 0.5256093610635194 3 0.062018632888793945
0.24000000000000002 0 0.48457337259094396 2 0.04697275161743164
0.24000000000000002 1 0.5728775906815547 2 0.05301094055175781
0.24000000000000002 2 0.6322976674068046 2 0.053014516830444336
0.24000000000000002 3 0.6701392955273148 2 0.057091712951660156
0.24000000000000002 4 0.6322976674068047 2 0.048030853271484375
0.24000000000000002 5 0.5921475400556024 2 0.058656930923461914
0.24000000000000002 6 0.3716198121169409 3 0.06162381172180176
0.24000000000000002 7 0.7245153084203911 2 0.04601144790649414
0.24000000000000002 8 0.7128426776147976 2 0.05776810646057129
0.24000000000000002 9 0.6191259842540456 3 0.05362415313720703
0.22 0 0.583293041845107 3 0.05995488166809082
0.22 1 0.7128426776147976 2 0.05000948905944824
0.22 2 0.5531214926106579 3 0.06621289253234863
0.22 3 0.37667406808320525 3 0.05557870864868164
0.22 4 0.7631083245723179 2 0.04800820350646973
0.22 5 0.61612165978259 2 0.0495600700378418
0.22 6 0.4842663509346169 3 0.060369014739990234
0.22 7 0.6272831386244587 2 0.06167435646057129
0.22 8 0.8065446315451662 2 0.05818796157836914
0.22 9 0.4644318714685326 3 0.06233644485473633
0.26 0 0.3887104336742041 2 0.04578757286071777
0.26 1 0.5048255090285789 3 0.05919075012207031
0.26 2 0.412949191660473 2 0.048603057861328125
0.26 3 0.44542808711398346 3 0.06801509857177734
0.26 4 0.7631083245723179 2 0.047043561935424805
0.26 5 0.5508642506256433 2 0.046085357666015625
0.26 6 0.3021285656892958 3 0.059369802474975586
0.26 7 0.4686069584125657 2 0.05113816261291504
0.26 8 0.5248719204559841 2 0.06171822547912598
0.26 9 0.7266881418253447 2 0.0520482063293457
0.32 0 0.44223840914383106 2 0.05190253257751465
0.32 1 0.4686069584125657 2 0.04586482048034668
0.32 2 0.49692049675694044 2 0.044114112854003906
0.32 3 0.0 1 0.018014192581176758
0.32 4 -0.0047524596203180666 2 0.05001258850097656
0.32 5 0.3859961607848056 2 0.05227303504943848
0.32 6 0.510152038605472 2 0.06701493263244629
0.32 7 0.0 1 0.01698589324951172
0.32 8 0.0 1 0.01839137077331543
0.32 9 0.4069857477699916 3 0.06004810333251953
0.30000000000000004 0 0.5002373092312562 3 0.056043386459350586
0.30000000000000004 1 0.49692049675694044 2 0.049118995666503906
0.30000000000000004 2 0.5508642506256433 2 0.057109832763671875
0.30000000000000004 3 0.6080864365663023 2 0.05199742317199707
0.30000000000000004 4 0.4388653321124502 2 0.04572606086730957
0.30000000000000004 5 0.4620526239965998 3 0.06296920776367188
0.30000000000000004 6 0.412949191660473 2 0.05002570152282715
0.30000000000000004 7 0.3638574189789824 3 0.05801796913146973
0.30000000000000004 8 0.0 1 0.017158985137939453
0.30000000000000004 9 0.7128426776147976 2 0.055295705795288086
0.28 0 0.20142549759199604 3 0.05968594551086426
0.28 1 0.35192547044766265 3 0.06326794624328613
0.28 2 0.537389906898252 2 0.04997086524963379
0.28 3 0.6399520592597279 2 0.04962968826293945
0.28 4 0.6399520592597279 2 0.05486726760864258
0.28 5 0.4388653321124502 2 0.05199837684631348
0.28 6 0.6399520592597279 2 0.04539012908935547
0.28 7 0.5381188919191218 3 0.07025384902954102
0.28 8 0.5508642506256433 2 0.046092987060546875
0.28 9 0.5508642506256433 2 0.05054163932800293
0.33999999999999997 0 0.2532001843110109 3 0.05787301063537598
0.33999999999999997 1 0.3207603610719495 2 0.0492401123046875
0.33999999999999997 2 0.412949191660473 2 0.04706311225891113
0.33999999999999997 3 0.0036006010786269176 2 0.05101156234741211
0.33999999999999997 4 0.0 1 0.016204118728637695
0.33999999999999997 5 0.0 1 0.017009735107421875
0.33999999999999997 6 0.0 1 0.023003101348876953
0.33999999999999997 7 0.45489591419463615 2 0.05220937728881836
0.33999999999999997 8 -0.007686800571652861 2 0.049007415771484375
0.33999999999999997 9 0.41354574341413053 2 0.04910683631896973
0.38 0 0.17506901553879722 3 0.06603503227233887
0.38 1 0.36222569989642606 2 0.05109572410583496
0.38 2 0.0 1 0.024527549743652344
0.38 3 -9.596978568711384e-05 2 0.0512239933013916
0.38 4 0.18587281595477517 2 0.05401182174682617
0.38 5 0.0 1 0.01700592041015625
0.38 6 0.36222569989642606 2 0.04645872116088867
0.38 7 0.0 1 0.018583297729492188
0.38 8 0.0 1 0.018004417419433594
0.38 9 0.5275443048699059 2 0.04558873176574707
0.4 0 0.0 1 0.016231536865234375
0.4 1 0.0 1 0.01700282096862793
0.4 2 0.2890887441998416 2 0.05401301383972168
0.4 3 0.0 1 0.01555323600769043
0.4 4 0.0 1 0.017004728317260742
0.4 5 0.0034185613934087566 2 0.05129885673522949
0.4 6 0.0 1 0.017140865325927734
0.4 7 0.3943002456567385 2 0.05910897254943848
0.4 8 0.13823794321886324 2 0.050011396408081055
0.4 9 0.23778717724111684 3 0.06504511833190918
0.36 0 0.0 1 0.01910400390625
0.36 1 0.0 1 0.019004106521606445
0.36 2 0.5299387237037455 2 0.048009634017944336
0.36 3 0.18285999835811684 2 0.05307412147521973
0.36 4 0.0 1 0.01924419403076172
0.36 5 0.36222569989642606 2 0.05879521369934082
0.36 6 0.09776740942239287 3 0.06956315040588379
0.36 7 0.4604409864283399 2 0.06192326545715332
0.36 8 0.0 1 0.02209615707397461
0.36 9 0.1289218975794759 2 0.04699134826660156
0.42000000000000004 0 -0.004759806677904526 2 0.04554009437561035
0.42000000000000004 1 0.2227218576868717 3 0.06015515327453613
0.42000000000000004 2 0.0 1 0.01999974250793457
0.42000000000000004 3 0.0 1 0.016518115997314453
0.42000000000000004 4 -0.008258785608773807 3 0.06105637550354004
0.42000000000000004 5 0.0 1 0.02100396156311035
0.42000000000000004 6 0.0 1 0.01752185821533203
0.42000000000000004 7 0.0 1 0.01700115203857422
0.42000000000000004 8 0.0 1 0.018002748489379883
0.42000000000000004 9 0.0 1 0.0164334774017334
0.44000000000000006 0 0.0 1 0.01600360870361328
0.44000000000000006 1 -0.004733451673058682 2 0.04599118232727051
0.44000000000000006 2 0.0 1 0.017012596130371094
0.44000000000000006 3 0.0 1 0.017001867294311523
0.44000000000000006 4 0.0 1 0.018039464950561523
0.44000000000000006 5 0.0 1 0.017081737518310547
0.44000000000000006 6 0.0 1 0.02648472785949707
0.44000000000000006 7 0.0 1 0.016026735305786133
0.44000000000000006 8 0.0 1 0.020076274871826172
0.44000000000000006 9 0.0 1 0.019005775451660156
0.45999999999999996 0 0.0 1 0.015971899032592773
0.45999999999999996 1 0.0 1 0.01700115203857422
0.45999999999999996 2 0.0 1 0.018008708953857422
0.45999999999999996 3 0.003130200440575802 2 0.053008317947387695
0.45999999999999996 4 -0.006216703168904773 2 0.04504227638244629
0.45999999999999996 5 0.14813858519642709 3 0.056731462478637695
0.45999999999999996 6 0.09628285795467305 2 0.06281709671020508
0.45999999999999996 7 0.0 1 0.023520708084106445
0.45999999999999996 8 0.0 1 0.016004562377929688
0.45999999999999996 9 0.0 1 0.01851820945739746
0.48 0 0.0 1 0.021002531051635742
0.48 1 0.12800536500726417 2 0.05433249473571777
0.48 2 0.0 1 0.018005847930908203
0.48 3 0.0 1 0.015511274337768555
0.48 4 0.0 1 0.016005516052246094
0.48 5 0.0 1 0.02016472816467285
0.48 6 0.0 1 0.020001649856567383
0.48 7 0.0 1 0.01600337028503418
0.48 8 0.14584707372940342 3 0.05522942543029785
0.48 9 -0.0071353044340622465 2 0.059295654296875
0.5 0 0.0 1 0.021985530853271484
0.5 1 0.0 1 0.018016338348388672
0.5 2 0.0 1 0.016002655029296875
0.5 3 0.0 1 0.01703047752380371
0.5 4 0.0 1 0.018108606338500977
0.5 5 0.0 1 0.016002416610717773
0.5 6 0.0 1 0.017003297805786133
0.5 7 -0.007686800571652861 2 0.05201292037963867
0.5 8 0.0 1 0.018001556396484375
0.5 9 0.0 1 0.024700164794921875
0.52 0 4.516136592730491e-05 2 0.04907083511352539
0.52 1 0.022444310827320277 2 0.05182456970214844
0.52 2 0.0 1 0.018983840942382812
0.52 3 0.1781800837562722 3 0.0580143928527832
0.52 4 0.00447778168575962 2 0.045018672943115234
0.52 5 0.0 1 0.018169879913330078
0.52 6 -0.004759806677904526 2 0.05426430702209473
0.52 7 0.0 1 0.0158231258392334
0.52 8 0.0 1 0.023000001907348633
0.52 9 0.0 1 0.019002914428710938
0.56 0 0.0 1 0.016272306442260742
0.56 1 0.16715415357537655 2 0.04401063919067383
0.56 2 0.0 1 0.02200484275817871
0.56 3 0.0 1 0.017006874084472656
0.56 4 0.0 1 0.01898360252380371
0.56 5 0.0074822582925728924 2 0.0513005256652832
0.56 6 -9.596978568711006e-05 2 0.045371055603027344
0.56 7 -0.004670987196105885 2 0.06168651580810547
0.56 8 0.0 1 0.01656937599182129
0.56 9 0.0 1 0.016005277633666992
0.54 0 -0.007111527585898865 2 0.0500338077545166
0.54 1 0.0 1 0.015022993087768555
0.54 2 0.0 1 0.017003297805786133
0.54 3 0.0 1 0.01763606071472168
0.54 4 0.1421870062604231 3 0.06533288955688477
0.54 5 -0.002669917868380409 2 0.04953885078430176
0.54 6 0.05373238823887983 2 0.04999566078186035
0.54 7 0.0 1 0.022033214569091797
0.54 8 0.0 1 0.02528691291809082
0.54 9 -0.007111527585898865 2 0.0540461540222168
0.58 0 0.0 1 0.016000986099243164
0.58 1 0.0 1 0.019057273864746094
0.58 2 0.0002716667622543389 2 0.04809069633483887
0.58 3 -0.002669917868380409 2 0.054999589920043945
0.58 4 -0.004752459620318068 2 0.04800152778625488
0.58 5 0.0 1 0.017014741897583008
0.58 6 0.0 1 0.024005413055419922
0.58 7 0.0 1 0.01900339126586914
0.58 8 0.0 1 0.01700448989868164
0.58 9 0.0 1 0.02000284194946289
0.6 0 0.0 1 0.018004655838012695
0.6 1 0.0 1 0.016987323760986328
0.6 2 0.0 1 0.016004085540771484
0.6 3 0.0 1 0.017008543014526367
0.6 4 0.0 1 0.016515493392944336
0.6 5 0.0 1 0.01605057716369629
0.6 6 0.0 1 0.017115354537963867
0.6 7 0.0 1 0.016002655029296875
0.6 8 -0.0078790503681582 2 0.0598750114440918
0.6 9 0.0 1 0.017060279846191406
0.62 0 0.0 1 0.01700305938720703
0.62 1 0.0 1 0.017011642456054688
0.62 2 0.0 1 0.017002344131469727
0.62 3 0.0 1 0.016000986099243164
0.62 4 0.0 1 0.018003463745117188
0.62 5 -0.006311223989902558 2 0.04907345771789551
0.62 6 -0.007087974007297239 2 0.06401371955871582
0.62 7 0.039630345875135926 3 0.07502102851867676
0.62 8 0.0 1 0.017003774642944336
0.62 9 0.0 1 0.018098115921020508
0.64 0 0.0 1 0.020607948303222656
0.64 1 0.0 1 0.01600337028503418
0.64 2 0.0 1 0.022371292114257812
0.64 3 0.0 1 0.020031452178955078
0.64 4 0.0 1 0.01600337028503418
0.64 5 0.0 1 0.017010927200317383
0.64 6 0.0 1 0.016981124877929688
0.64 7 0.0 1 0.015012979507446289
0.64 8 0.0 1 0.01801156997680664
0.64 9 0.0 1 0.02613091468811035
0.66 0 -0.006311223989902555 2 0.0571293830871582
0.66 1 0.0 1 0.02200460433959961
0.66 2 0.0 1 0.018004417419433594
0.66 3 0.0 1 0.016174793243408203
0.66 4 0.0 1 0.02506875991821289
0.66 5 0.0 1 0.016866683959960938
0.66 6 0.0 1 0.017244338989257812
0.66 7 0.0 1 0.02100205421447754
0.66 8 0.0 1 0.019004106521606445
0.66 9 0.0 1 0.022820472717285156
0.6799999999999999 0 0.0 1 0.016002893447875977
0.6799999999999999 1 0.0 1 0.021012544631958008
0.6799999999999999 2 0.0 1 0.017999649047851562
0.6799999999999999 3 0.0 1 0.017003536224365234
0.6799999999999999 4 0.0 1 0.021024703979492188
0.6799999999999999 5 0.0 1 0.019003629684448242
0.6799999999999999 6 0.0 1 0.017018795013427734
0.6799999999999999 7 -0.0071673602779741665 2 0.058013916015625
0.6799999999999999 8 0.0 1 0.021132469177246094
0.6799999999999999 9 -0.007775769906742406 2 0.05901288986206055
0.72 0 0.0 1 0.015002250671386719
0.72 1 0.0 1 0.019605398178100586
0.72 2 0.0 1 0.017999649047851562
0.72 3 0.0 1 0.01900506019592285
0.72 4 0.0 1 0.016753435134887695
0.72 5 0.0 1 0.018010854721069336
0.72 6 0.0 1 0.02486586570739746
0.72 7 -0.006214703265369533 2 0.06534552574157715
0.72 8 0.0 1 0.022986412048339844
0.72 9 0.0 1 0.029017925262451172
0.7 0 -0.00709580060580629 2 0.05534982681274414
0.7 1 0.0 1 0.026006698608398438
0.7 2 0.0 1 0.023003816604614258
0.7 3 0.0 1 0.01721048355102539
0.7 4 0.0 1 0.018003463745117188
0.7 5 0.0031302004405757995 2 0.0531163215637207
0.7 6 -0.007418888696574006 2 0.05301046371459961
0.7 7 0.0 1 0.018003225326538086
0.7 8 -0.002292164177976014 2 0.05818009376525879
0.7 9 0.0 1 0.023003101348876953
0.74 0 0.0 1 0.026006698608398438
0.74 1 0.0 1 0.022003889083862305
0.74 2 -0.004744641425544358 2 0.05409526824951172
0.74 3 0.003418561393408758 2 0.05912041664123535
0.74 4 0.0 1 0.01651287078857422
0.74 5 -0.007087974007297239 2 0.05601167678833008
0.74 6 -0.002571062834872341 2 0.047783613204956055
0.74 7 -0.002722026941161995 2 0.05615711212158203
0.74 8 0.0 1 0.017684221267700195
0.74 9 0.0 1 0.015003204345703125
0.76 0 0.0 1 0.01900172233581543
0.76 1 0.0 1 0.02200603485107422
0.76 2 0.0 1 0.01900458335876465
0.76 3 0.0 1 0.017362594604492188
0.76 4 0.0 1 0.020526409149169922
0.76 5 0.0 1 0.016989707946777344
0.76 6 0.0 1 0.016009092330932617
0.76 7 0.0 1 0.017984867095947266
0.76 8 0.0 1 0.020005464553833008
0.76 9 0.0 1 0.01610589027404785
0.8 0 0.0 1 0.024005651473999023
0.8 1 0.0 1 0.026990652084350586
0.8 2 -0.007087974007297239 2 0.05940079689025879
0.8 3 0.0 1 0.016422748565673828
0.8 4 0.0 1 0.017003536224365234
0.8 5 0.0 1 0.01800394058227539
0.8 6 0.07876959571418854 2 0.04433870315551758
0.8 7 0.0031116142202525315 2 0.05701470375061035
0.8 8 0.0 1 0.01710224151611328
0.8 9 0.0 1 0.016003847122192383
0.78 0 0.0 1 0.018021345138549805
0.78 1 0.0036006010786269116 2 0.06599688529968262
0.78 2 -0.00474464142554436 2 0.05901622772216797
0.78 3 0.0 1 0.025671720504760742
0.78 4 0.0 1 0.017003536224365234
0.78 5 0.0 1 0.018012523651123047
0.78 6 0.0 1 0.0170137882232666
0.78 7 0.0 1 0.02500152587890625
0.78 8 0.0 1 0.017098665237426758
0.78 9 0.0 1 0.01600360870361328
0.82 0 0.0 1 0.017082691192626953
0.82 1 0.0 1 0.01700615882873535
0.82 2 -0.002699165606200664 2 0.04904460906982422
0.82 3 0.0 1 0.01709151268005371
0.82 4 0.0 1 0.017682313919067383
0.82 5 -0.004759806677904526 2 0.0480198860168457
0.82 6 0.0 1 0.016052961349487305
0.82 7 0.0 1 0.016985654830932617
0.82 8 0.0 1 0.01602005958557129
0.82 9 0.0 1 0.01601886749267578
0.84 0 0.0 1 0.018143653869628906
0.84 1 0.0 1 0.017633676528930664
0.84 2 0.0 1 0.016152381896972656
0.84 3 0.0 1 0.021017074584960938
0.84 4 0.0 1 0.01700615882873535
0.84 5 0.0 1 0.024518489837646484
0.84 6 0.0 1 0.01600956916809082
0.84 7 0.0 1 0.01599860191345215
0.84 8 0.000433370566545596 2 0.047972917556762695
0.84 9 0.0 1 0.02200460433959961
0.86 0 0.0 1 0.018006324768066406
0.86 1 0.0 1 0.016023874282836914
0.86 2 0.0 1 0.017004013061523438
0.86 3 -0.004733451673058682 2 0.055045127868652344
0.86 4 0.0 1 0.01610565185546875
0.86 5 0.0 1 0.015294790267944336
0.86 6 0.0 1 0.01701974868774414
0.86 7 0.0 1 0.022004365921020508
0.86 8 0.0 1 0.016025304794311523
0.86 9 0.0 1 0.01720404624938965
0.88 0 0.0 1 0.025005578994750977
0.88 1 0.0 1 0.017010211944580078
0.88 2 0.0 1 0.02028369903564453
0.88 3 0.0 1 0.01699542999267578
0.88 4 0.0 1 0.021469593048095703
0.88 5 0.0 1 0.022015094757080078
0.88 6 -0.007111527585898865 2 0.05223512649536133
0.88 7 0.0 1 0.01811051368713379
0.88 8 -0.0073776845414105265 2 0.059014081954956055
0.88 9 0.0 1 0.017017126083374023
0.9 0 -0.006216703168904773 2 0.04702448844909668
0.9 1 0.0 1 0.01801133155822754
0.9 2 0.0 1 0.017017841339111328
0.9 3 0.0 1 0.018726825714111328
0.9 4 0.0 1 0.01613783836364746
0.9 5 0.0001435524567571585 2 0.04881858825683594
0.9 6 0.0 1 0.017983198165893555
0.9 7 0.0 1 0.016033411026000977
0.9 8 0.01145392247513611 2 0.04700875282287598
0.9 9 0.0 1 0.016132354736328125
0.92 0 -0.002716355657025392 2 0.0592501163482666
0.92 1 0.0 1 0.017057418823242188
0.92 2 0.0 1 0.01898646354675293
0.92 3 -0.004733451673058678 2 0.04600977897644043
0.92 4 0.0 1 0.017004013061523438
0.92 5 -0.006216703168904773 2 0.05194687843322754
0.92 6 0.0 1 0.017003774642944336
0.92 7 0.0 1 0.01700305938720703
0.92 8 0.0 1 0.016008377075195312
0.92 9 0.0 1 0.019092321395874023
0.96 0 0.0 1 0.017002582550048828
0.96 1 -0.0073776845414105265 2 0.049500465393066406
0.96 2 0.006972991229208091 2 0.056983232498168945
0.96 3 0.0 1 0.017054080963134766
0.96 4 0.0 1 0.017003536224365234
0.96 5 0.0 1 0.018006324768066406
0.96 6 -0.006285977982105746 2 0.05217933654785156
0.96 7 -0.002722026941161995 2 0.05204129219055176
0.96 8 0.0 1 0.01600360870361328
0.96 9 0.0031116142202525315 2 0.04601263999938965
0.94 0 0.0 1 0.017006635665893555
0.94 1 0.0 1 0.01701807975769043
0.94 2 0.0 1 0.01892709732055664
0.94 3 0.0 1 0.016973495483398438
0.94 4 -0.006442189204183492 2 0.05950212478637695
0.94 5 -0.0026991656062006616 2 0.048136234283447266
0.94 6 0.0 1 0.0180051326751709
0.94 7 0.0031116142202525315 2 0.05810832977294922
0.94 8 0.0 1 0.01700305938720703
0.94 9 -7.296789450023588e-05 2 0.04891180992126465
0.98 0 0.0 1 0.016002893447875977
0.98 1 0.0 1 0.01603388786315918
0.98 2 0.0 1 0.016002416610717773
0.98 3 0.022444310827320277 2 0.04552507400512695
0.98 4 0.0 1 0.017012357711791992
0.98 5 0.0 1 0.017020702362060547
0.98 6 0.0 1 0.01701831817626953
0.98 7 -0.0073776845414105265 2 0.04822087287902832
0.98 8 0.0 1 0.016109704971313477
0.98 9 0.0 1 0.019004344940185547
1.0 0 -0.0047524596203180666 2 0.051024675369262695
1.0 1 0.0 1 0.0164639949798584
1.0 2 0.0 1 0.018003225326538086
1.0 3 0.0 1 0.017998695373535156
1.0 4 0.0 1 0.01699233055114746
1.0 5 0.0 1 0.01500701904296875
1.0 6 0.0 1 0.01654958724975586
1.0 7 0.0 1 0.016481399536132812
1.0 8 0.0 1 0.018004417419433594
1.0 9 0.0 1 0.017152786254882812
