0.1 0 1.0 2 0.16504168510437012
0.1 1 0.9286022516535728 2 0.031005144119262695
0.1 2 0.8647052100342442 4 0.034008026123046875
0.1 3 0.8647052100342442 4 0.03574991226196289
0.1 4 0.9286022516535728 2 0.0400080680847168
0.1 5 1.0 2 0.030003070831298828
0.1 6 1.0 2 0.025005340576171875
0.1 7 0.9323430529479545 4 0.03852081298828125
0.1 8 1.0 2 0.02999281883239746
0.1 9 1.0 2 0.027006149291992188
0.10800000000000001 0 1.0 2 0.028004169464111328
0.10800000000000001 1 1.0 2 0.03700876235961914
0.10800000000000001 2 1.0 2 0.04835820198059082
0.10800000000000001 3 1.0 2 0.031011104583740234
0.10800000000000001 4 0.9286022516535728 2 0.026007652282714844
0.10800000000000001 5 0.9323430529479543 4 0.03100109100341797
0.10800000000000001 6 1.0 2 0.02913975715637207
0.10800000000000001 7 1.0 2 0.030008316040039062
0.10800000000000001 8 0.9286022516535728 2 0.02900862693786621
0.10800000000000001 9 0.9323430529479545 4 0.032007455825805664
0.116 0 1.0 2 0.028006792068481445
0.116 1 0.806544631545166 2 0.02899932861328125
0.116 2 0.9286022516535728 2 0.028003931045532227
0.116 3 0.8647052100342442 4 0.03300738334655762
0.116 4 0.806544631545166 2 0.0360105037689209
0.116 5 0.9323430529479545 4 0.03600811958312988
0.116 6 1.0 2 0.03500843048095703
0.116 7 0.9286022516535728 2 0.03500723838806152
0.116 8 0.9286022516535728 2 0.034006595611572266
0.116 9 1.0 2 0.03700971603393555
0.124 0 1.0 2 0.04801154136657715
0.124 1 0.8773072618436142 2 0.036008358001708984
0.124 2 0.9323430529479543 4 0.048010826110839844
0.124 3 0.9323430529479545 4 0.034006357192993164
0.124 4 0.9286022516535728 2 0.027008056640625
0.124 5 1.0 2 0.033008575439453125
0.124 6 1.0 2 0.03900909423828125
0.124 7 0.9323430529479543 4 0.03601241111755371
0.124 8 0.9286022516535728 2 0.032006263732910156
0.124 9 0.8575159537539402 2 0.028005361557006836
0.132 0 1.0 2 0.030005455017089844
0.132 1 0.8773072618436142 2 0.03471684455871582
0.132 2 0.9286022516535728 2 0.03800773620605469
0.132 3 0.8773072618436142 2 0.031099319458007812
0.132 4 0.8065446315451662 2 0.028868675231933594
0.132 5 0.9286022516535728 2 0.027004480361938477
0.132 6 1.0 2 0.029643535614013672
0.132 7 0.9286022516535728 2 0.03400778770446777
0.132 8 1.0 2 0.03801131248474121
0.132 9 0.8773072618436142 2 0.0420069694519043
0.14 0 0.8773072618436142 2 0.03600716590881348
0.14 1 1.0 2 0.03400826454162598
0.14 2 1.0 2 0.03200793266296387
0.14 3 0.8647052100342442 4 0.038007497787475586
0.14 4 0.8773072618436142 2 0.03556203842163086
0.14 5 1.0 2 0.037011146545410156
0.14 6 0.9286022516535728 2 0.03000640869140625
0.14 7 0.9286022516535728 2 0.027005910873413086
0.14 8 0.9286022516535728 2 0.02800297737121582
0.14 9 0.8773072618436142 2 0.029006004333496094
0.14800000000000002 0 1.0 2 0.028005361557006836
0.14800000000000002 1 0.9286022516535728 2 0.03900337219238281
0.14800000000000002 2 1.0 2 0.03000664710998535
0.14800000000000002 3 0.8773072618436142 2 0.026879310607910156
0.14800000000000002 4 0.9286022516535728 2 0.027002811431884766
0.14800000000000002 5 1.0 2 0.03400897979736328
0.14800000000000002 6 0.7631083245723179 2 0.03307199478149414
0.14800000000000002 7 1.0 2 0.030004501342773438
0.14800000000000002 8 0.9286022516535728 2 0.03307223320007324
0.14800000000000002 9 0.8575159537539401 2 0.03128504753112793
0.156 0 0.8335429056980596 2 0.028007030487060547
0.156 1 0.8575159537539401 2 0.027004480361938477
0.156 2 1.0 2 0.026006460189819336
0.156 3 0.763108324572318 2 0.028002262115478516
0.156 4 0.9286022516535728 2 0.031006813049316406
0.156 5 0.8335429056980596 2 0.03300809860229492
0.156 6 0.7078754281874405 4 0.037012577056884766
0.156 7 0.8065446315451662 2 0.030003070831298828
0.156 8 0.8773072618436142 2 0.029006242752075195
0.156 9 0.9286022516535728 2 0.029006481170654297
0.164 0 0.9286022516535728 2 0.04773879051208496
0.164 1 0.9286022516535728 2 0.04553627967834473
0.164 2 0.9286022516535728 2 0.027004003524780273
0.164 3 0.8773072618436142 2 0.028006792068481445
0.164 4 0.8647052100342442 4 0.035009145736694336
0.164 5 0.8773072618436142 2 0.0290071964263916
0.164 6 0.9286022516535728 2 0.030007600784301758
0.164 7 0.9286022516535728 2 0.027005672454833984
0.164 8 0.9286022516535728 2 0.03200936317443848
0.164 9 1.0 2 0.02800583839416504
0.17200000000000001 0 0.8575159537539401 2 0.027863025665283203
0.17200000000000001 1 1.0 2 0.030005455017089844
0.17200000000000001 2 0.8773072618436142 2 0.034006595611572266
0.17200000000000001 3 0.8065446315451662 2 0.031006336212158203
0.17200000000000001 4 0.7631083245723179 2 0.030003786087036133
0.17200000000000001 5 0.8575159537539402 2 0.03100442886352539
0.17200000000000001 6 0.8575159537539401 2 0.029002666473388672
0.17200000000000001 7 0.9286022516535728 2 0.0290067195892334
0.17200000000000001 8 0.8647052100342442 4 0.036008596420288086
0.17200000000000001 9 0.8647052100342442 4 0.03500699996948242
0.18 0 1.0 2 0.03000497817993164
0.18 1 1.0 2 0.034005165100097656
0.18 2 1.0 2 0.029010295867919922
0.18 3 1.0 2 0.02800464630126953
0.18 4 0.9286022516535728 2 0.027005672454833984
0.18 5 0.7946207065282215 2 0.028004884719848633
0.18 6 0.8773072618436142 2 0.02800726890563965
0.18 7 0.8773072618436142 2 0.027126312255859375
0.18 8 0.8575159537539402 2 0.04600882530212402
0.18 9 0.8773072618436142 2 0.03200864791870117
0.188 0 0.8575159537539402 2 0.030007362365722656
0.188 1 0.9286022516535728 2 0.03500771522521973
0.188 2 0.8575159537539401 2 0.035008907318115234
0.188 3 0.7245153084203908 2 0.036006927490234375
0.188 4 0.9286022516535728 2 0.04301023483276367
0.188 5 0.8065446315451662 2 0.03000664710998535
0.188 6 0.8773072618436142 2 0.031005144119262695
0.188 7 0.9286022516535728 2 0.031006574630737305
0.188 8 0.8773072618436142 2 0.027010440826416016
0.188 9 0.8065446315451662 2 0.02801060676574707
0.196 0 0.8575159537539401 2 0.02800750732421875
0.196 1 0.8773072618436142 2 0.03000473976135254
0.196 2 0.8773072618436142 2 0.03700685501098633
0.196 3 0.8575159537539401 2 0.030004262924194336
0.196 4 0.7631083245723179 2 0.028240442276000977
0.196 5 0.8162027526360155 4 0.03248453140258789
0.196 6 0.8065446315451662 2 0.026999711990356445
0.196 7 0.7245153084203909 2 0.028004884719848633
0.196 8 0.7490276833680135 4 0.035004377365112305
0.196 9 0.8575159537539402 2 0.026013851165771484
0.20400000000000001 0 0.7631083245723179 2 0.027434587478637695
0.20400000000000001 1 0.8065446315451662 2 0.029007911682128906
0.20400000000000001 2 0.8773072618436142 2 0.028615474700927734
0.20400000000000001 3 0.7559202555796878 2 0.029006004333496094
0.20400000000000001 4 0.8773072618436142 2 0.02800726890563965
0.20400000000000001 5 0.8773072618436142 2 0.03401017189025879
0.20400000000000001 6 0.7245153084203909 2 0.03300881385803223
0.20400000000000001 7 0.8335429056980596 2 0.07201910018920898
0.20400000000000001 8 0.9286022516535728 2 0.028005599975585938
0.20400000000000001 9 0.8773072618436142 2 0.030006885528564453
0.21200000000000002 0 0.8575159537539401 2 0.028005599975585938
0.21200000000000002 1 0.763108324572318 2 0.02800440788269043
0.21200000000000002 2 0.7245153084203909 2 0.028008460998535156
0.21200000000000002 3 0.8065446315451662 2 0.02501392364501953
0.21200000000000002 4 0.8575159537539401 2 0.02600550651550293
0.21200000000000002 5 0.7128426776147976 2 0.02586531639099121
0.21200000000000002 6 0.7491516706598795 4 0.03400087356567383
0.21200000000000002 7 1.0 2 0.030007600784301758
0.21200000000000002 8 0.8335429056980596 2 0.03129220008850098
0.21200000000000002 9 0.8575159537539401 2 0.026006221771240234
0.22 0 0.8773072618436142 2 0.02800726890563965
0.22 1 0.5665601694729497 2 0.031014442443847656
0.22 2 0.6713039747000523 4 0.03499937057495117
0.22 3 0.8773072618436142 2 0.032012939453125
0.22 4 0.48351348869366945 4 0.04001426696777344
0.22 5 0.8335429056980596 2 0.03000617027282715
0.22 6 0.7631083245723179 2 0.026002883911132812
0.22 7 0.8773072618436142 2 0.0290071964263916
0.22 8 0.8575159537539402 2 0.026003360748291016
0.22 9 0.7559202555796878 2 0.029003143310546875
0.228 0 0.7245153084203909 2 0.03355669975280762
0.228 1 0.8065446315451662 2 0.031011343002319336
0.228 2 0.9286022516535728 2 0.0290067195892334
0.228 3 0.6746161775765512 2 0.029007673263549805
0.228 4 0.7631083245723179 2 0.027007341384887695
0.228 5 0.7128426776147976 2 0.03200650215148926
0.228 6 0.7631083245723179 2 0.03200531005859375
0.228 7 0.8065446315451662 2 0.02700519561767578
0.228 8 0.806544631545166 2 0.0359036922454834
0.228 9 0.5728775906815546 2 0.02901005744934082
0.23600000000000002 0 0.6746161775765512 2 0.025008201599121094
0.23600000000000002 1 0.5665601694729497 2 0.024004220962524414
0.23600000000000002 2 0.5017367805352664 2 0.030515432357788086
0.23600000000000002 3 0.7592561769713603 2 0.03200793266296387
0.23600000000000002 4 0.8335429056980596 2 0.028005361557006836
0.23600000000000002 5 0.6717722795940019 4 0.04000544548034668
0.23600000000000002 6 0.7559202555796878 2 0.02800774574279785
0.23600000000000002 7 0.8773072618436142 2 0.03199410438537598
0.23600000000000002 8 0.8065446315451662 2 0.02800726890563965
0.23600000000000002 9 0.6322976674068046 2 0.02800726890563965
0.24400000000000002 0 0.6746161775765515 2 0.028006792068481445
0.24400000000000002 1 0.6399520592597278 2 0.03400778770446777
0.24400000000000002 2 0.7128426776147976 2 0.04300999641418457
0.24400000000000002 3 0.6894791494633863 2 0.02700328826904297
0.24400000000000002 4 0.8773072618436142 2 0.029008865356445312
0.24400000000000002 5 0.7592561769713603 2 0.03300881385803223
0.24400000000000002 6 0.6746161775765512 2 0.0340113639831543
0.24400000000000002 7 0.5665601694729497 2 0.0310060977935791
0.24400000000000002 8 0.7631083245723179 2 0.043009281158447266
0.24400000000000002 9 0.4969204967569404 2 0.030009031295776367
0.252 0 0.6746161775765512 2 0.032007694244384766
0.252 1 0.7946207065282215 2 0.03400897979736328
0.252 2 0.6413695420697777 2 0.06601381301879883
0.252 3 0.8335429056980596 2 0.030007600784301758
0.252 4 0.6746161775765512 2 0.03300619125366211
0.252 5 0.6701392955273148 2 0.031160831451416016
0.252 6 0.7631083245723179 2 0.028005599975585938
0.252 7 0.9286022516535728 2 0.029008150100708008
0.252 8 0.6322976674068046 2 0.028934717178344727
0.252 9 0.7946207065282215 2 0.0330052375793457
0.26 0 0.6572373895017843 2 0.030005216598510742
0.26 1 0.7128426776147976 2 0.03600811958312988
0.26 2 0.6272831386244587 2 0.027010440826416016
0.26 3 0.5665601694729497 2 0.029015064239501953
0.26 4 0.7266881418253447 2 0.029006481170654297
0.26 5 0.7128426776147975 2 0.030008554458618164
0.26 6 0.7631083245723179 2 0.03200221061706543
0.26 7 0.578511490051223 2 0.03300738334655762
0.26 8 0.6399520592597278 2 0.04956555366516113
0.26 9 0.5242743791739999 2 0.03381228446960449
0.268 0 0.763108324572318 2 0.040007591247558594
0.268 1 0.7559202555796878 2 0.032007455825805664
0.268 2 0.524274379174 2 0.029006481170654297
0.268 3 0.6272831386244587 2 0.03173398971557617
0.268 4 0.6272831386244586 2 0.03801250457763672
0.268 5 0.6322976674068046 2 0.027004003524780273
0.268 6 0.6272831386244587 2 0.031006574630737305
0.268 7 0.6399520592597278 2 0.031007051467895508
0.268 8 0.5843614497043249 4 0.03900861740112305
0.268 9 0.5299387237037454 2 0.02800726890563965
0.276 0 0.5843614497043249 4 0.04100966453552246
0.276 1 0.6894791494633863 2 0.028003692626953125
0.276 2 0.5913862793965884 4 0.03599858283996582
0.276 3 0.5980264653628165 2 0.030094385147094727
0.276 4 0.7266881418253447 2 0.031009674072265625
0.276 5 0.5980264653628165 2 0.03400754928588867
0.276 6 0.7631083245723179 2 0.03000617027282715
0.276 7 0.5728775906815546 2 0.03900718688964844
0.276 8 0.7245153084203908 2 0.02900528907775879
0.276 9 0.8335429056980596 2 0.033010005950927734
0.28400000000000003 0 0.6322976674068045 2 0.033007144927978516
0.28400000000000003 1 0.5980264653628165 2 0.0275115966796875
0.28400000000000003 2 0.6894791494633863 2 0.029007434844970703
0.28400000000000003 3 0.5299387237037454 2 0.041007280349731445
0.28400000000000003 4 0.5948536586032955 2 0.02600550651550293
0.28400000000000003 5 0.4686069584125656 2 0.026005983352661133
0.28400000000000003 6 0.6746161775765512 2 0.0320134162902832
0.28400000000000003 7 0.5248719204559841 2 0.030008554458618164
0.28400000000000003 8 0.5479412648671744 2 0.029006481170654297
0.28400000000000003 9 0.6080864365663023 2 0.03301262855529785
0.29200000000000004 0 0.7245153084203908 2 0.0390017032623291
0.29200000000000004 1 0.6399520592597276 2 0.02900862693786621
0.29200000000000004 2 0.5665601694729497 2 0.03200364112854004
0.29200000000000004 3 0.3943002456567385 2 0.03200554847717285
0.29200000000000004 4 0.5508642506256431 2 0.029007434844970703
0.29200000000000004 5 0.5011903495264968 2 0.03000807762145996
0.29200000000000004 6 0.5980264653628165 2 0.02765345573425293
0.29200000000000004 7 0.510152038605472 2 0.05101490020751953
0.29200000000000004 8 0.4255409085910657 2 0.024005889892578125
0.29200000000000004 9 0.6572373895017843 2 0.033014535903930664
0.30000000000000004 0 0.5992540218462625 2 0.028006553649902344
0.30000000000000004 1 0.6322976674068046 2 0.03200650215148926
0.30000000000000004 2 0.6680617380401399 2 0.032007694244384766
0.30000000000000004 3 0.522122875452491 4 0.04601001739501953
0.30000000000000004 4 0.5948536586032955 2 0.0310056209564209
0.30000000000000004 5 0.4686069584125656 2 0.03300833702087402
0.30000000000000004 6 0.5609898034938848 2 0.03300285339355469
0.30000000000000004 7 0.5609898034938849 2 0.03100872039794922
0.30000000000000004 8 0.5665601694729497 2 0.028006553649902344
0.30000000000000004 9 0.5275443048699059 2 0.03301072120666504
0.30800000000000005 0 0.4604409864283399 2 0.0339815616607666
0.30800000000000005 1 0.6080864365663023 2 0.033007144927978516
0.30800000000000005 2 0.6572373895017843 2 0.029006481170654297
0.30800000000000005 3 0.537389906898252 2 0.031009197235107422
0.30800000000000005 4 0.6604258199820384 4 0.03401041030883789
0.30800000000000005 5 0.5011903495264968 2 0.03701138496398926
0.30800000000000005 6 0.537389906898252 2 0.027004241943359375
0.30800000000000005 7 0.5248719204559841 2 0.028006792068481445
0.30800000000000005 8 0.5693070372035671 2 0.030007600784301758
0.30800000000000005 9 0.6399520592597278 2 0.03100728988647461
0.316 0 0.4969204967569404 2 0.027009010314941406
0.316 1 0.6322976674068045 2 0.02800750732421875
0.316 2 0.763108324572318 2 0.030007123947143555
0.316 3 0.5248719204559841 2 0.036004066467285156
0.316 4 0.537389906898252 2 0.029229164123535156
0.316 5 0.4686069584125656 2 0.028005361557006836
0.316 6 0.5011903495264968 2 0.030005455017089844
0.316 7 0.5665601694729497 2 0.03200936317443848
0.316 8 0.4422384091438309 2 0.03000497817993164
0.316 9 0.34445267358789466 2 0.03200888633728027
0.324 0 0.4604409864283399 2 0.03200697898864746
0.324 1 0.45489591419463615 2 0.030003786087036133
0.324 2 0.5011903495264968 2 0.030009031295776367
0.324 3 0.24902770743713173 4 0.034607648849487305
0.324 4 0.0002652833874866995 3 0.028006792068481445
0.324 5 0.3887104336742039 2 0.031527042388916016
0.324 6 0.5248719204559841 2 0.03401303291320801
0.324 7 0.0 1 0.012003660202026367
0.324 8 0.5665601694729497 2 0.029006242752075195
0.324 9 0.5508642506256433 2 0.029005050659179688
0.332 0 0.0 1 0.012003660202026367
0.332 1 0.39430024565673844 2 0.0310060977935791
0.332 2 0.3818555360142162 2 0.031008005142211914
0.332 3 0.41754065356161474 2 0.039011240005493164
0.332 4 0.34228608100675806 2 0.0350041389465332
0.332 5 0.30483008529346606 2 0.028101444244384766
0.332 6 0.578511490051223 2 0.03101372718811035
0.332 7 0.0 1 0.012001991271972656
0.332 8 0.0 1 0.01314854621887207
0.332 9 0.3422860810067581 2 0.03400468826293945
0.33999999999999997 0 0.0 1 0.012997865676879883
0.33999999999999997 1 0.31589876858339283 2 0.03901028633117676
0.33999999999999997 2 0.4388653321124501 2 0.031005859375
0.33999999999999997 3 0.0 1 0.015002727508544922
0.33999999999999997 4 0.524274379174 2 0.031008005142211914
0.33999999999999997 5 0.0 1 0.01400303840637207
0.33999999999999997 6 0.5665601694729497 2 0.04801225662231445
0.33999999999999997 7 0.27356080110039116 2 0.05100703239440918
0.33999999999999997 8 0.5242743791739999 2 0.032012224197387695
0.33999999999999997 9 0.0 1 0.014002084732055664
0.348 0 0.34027903868491305 2 0.032006025314331055
0.348 1 0.48021122742316474 2 0.029007673263549805
0.348 2 0.36160781972590705 2 0.02900838851928711
0.348 3 0.0 1 0.01300501823425293
0.348 4 0.5980264653628165 2 0.031006813049316406
0.348 5 0.0 1 0.01599717140197754
0.348 6 0.36593525291373424 2 0.03700971603393555
0.348 7 0.3859961607848055 2 0.03709840774536133
0.348 8 0.001467475143714959 5 0.04451894760131836
0.348 9 0.3564323318334523 2 0.03600907325744629
0.356 0 0.0 1 0.01700139045715332
0.356 1 0.0 1 0.01900792121887207
0.356 2 0.5011903495264968 2 0.03600740432739258
0.356 3 0.0 1 0.014015674591064453
0.356 4 0.0 1 0.013005733489990234
0.356 5 0.37537900392979184 2 0.03300786018371582
0.356 6 0.0 1 0.013003349304199219
0.356 7 0.0 1 0.012002944946289062
0.356 8 0.2369249542038177 2 0.03500795364379883
0.356 9 0.0 1 0.01300358772277832
0.364 0 0.0 1 0.014003753662109375
0.364 1 0.362225699896426 2 0.03200507164001465
0.364 2 0.0 1 0.013002872467041016
0.364 3 0.0 1 0.014003753662109375
0.364 4 0.27770311046142804 2 0.03000664710998535
0.364 5 0.0 1 0.013004064559936523
0.364 6 0.4686069584125656 2 0.03300595283508301
0.364 7 0.29492271744269116 2 0.030004501342773438
0.364 8 0.36593525291373424 2 0.03201460838317871
0.364 9 0.0 1 0.011999130249023438
0.372 0 0.0 1 0.013015270233154297
0.372 1 0.0 1 0.011016845703125
0.372 2 0.0 1 0.011014938354492188
0.372 3 0.0 1 0.012003898620605469
0.372 4 0.0 1 0.013007164001464844
0.372 5 0.3241229939324727 2 0.03199362754821777
0.372 6 0.3818555360142162 2 0.031011104583740234
0.372 7 0.0 1 0.011999368667602539
0.372 8 0.41294919166047295 2 0.0280001163482666
0.372 9 0.0 1 0.01399683952331543
0.38 0 0.34445267358789466 2 0.03200483322143555
0.38 1 0.2802815464541075 2 0.030009746551513672
0.38 2 0.27356080110039116 2 0.030007362365722656
0.38 3 0.3941582528389391 2 0.030237197875976562
0.38 4 0.0 1 0.012007951736450195
0.38 5 0.0 1 0.013004779815673828
0.38 6 0.4667336772399775 2 0.028647661209106445
0.38 7 0.0 1 0.018002986907958984
0.38 8 0.0 1 0.012507200241088867
0.38 9 0.0002652833874866995 3 0.03100752830505371
0.388 0 0.0 1 0.014003992080688477
0.388 1 0.0 1 0.01200103759765625
0.388 2 0.09100793522544368 2 0.03400254249572754
0.388 3 0.0 1 0.014173507690429688
0.388 4 0.0 1 0.013009786605834961
0.388 5 0.3129184741251457 2 0.03600025177001953
0.388 6 0.0 1 0.014003753662109375
0.388 7 0.0 1 0.012010812759399414
0.388 8 0.0002652833874866995 3 0.030007123947143555
0.388 9 0.0 1 0.015004873275756836
0.396 0 0.0002652833874866995 3 0.06901669502258301
0.396 1 0.21761674317902946 2 0.04001045227050781
0.396 2 0.0 1 0.013001680374145508
0.396 3 0.0 1 0.012004613876342773
0.396 4 0.0 1 0.017000913619995117
0.396 5 0.0 1 0.012001276016235352
0.396 6 0.0 1 0.012610197067260742
0.396 7 0.35153927826059433 2 0.03100752830505371
0.396 8 0.0002652833874866995 3 0.03099799156188965
0.396 9 0.0002652833874866995 3 0.028012990951538086
0.404 0 0.0 1 0.012995243072509766
0.404 1 0.15239338987170437 2 0.03600597381591797
0.404 2 0.0 1 0.013006448745727539
0.404 3 0.29357759230945446 2 0.03200650215148926
0.404 4 0.0 1 0.013001441955566406
0.404 5 0.0 1 0.01300668716430664
0.404 6 0.0 1 0.013003349304199219
0.404 7 0.0 1 0.012996673583984375
0.404 8 0.0 1 0.014002561569213867
0.404 9 0.0 1 0.013006448745727539
0.41200000000000003 0 0.0 1 0.014001846313476562
0.41200000000000003 1 0.0 1 0.01400303840637207
0.41200000000000003 2 0.0 1 0.011998891830444336
0.41200000000000003 3 0.0 1 0.016005516052246094
0.41200000000000003 4 0.0 1 0.017000198364257812
0.41200000000000003 5 0.0 1 0.011001825332641602
0.41200000000000003 6 0.0 1 0.01200246810913086
0.41200000000000003 7 0.0 1 0.013003349304199219
0.41200000000000003 8 0.0 1 0.012003660202026367
0.41200000000000003 9 0.0 1 0.014005661010742188
0.42000000000000004 0 0.0 1 0.011001825332641602
0.42000000000000004 1 0.0 1 0.012003660202026367
0.42000000000000004 2 0.0 1 0.01300358772277832
0.42000000000000004 3 0.2577404366741234 2 0.030751466751098633
0.42000000000000004 4 0.0 1 0.014001846313476562
0.42000000000000004 5 0.0 1 0.018175125122070312
0.42000000000000004 6 0.0 1 0.012602806091308594
0.42000000000000004 7 0.0 1 0.012003898620605469
0.42000000000000004 8 0.0 1 0.01200103759765625
0.42000000000000004 9 0.0 1 0.010990142822265625
0.42800000000000005 0 0.0 1 0.01198887825012207
0.42800000000000005 1 0.0002652833874866995 3 0.02800464630126953
0.42800000000000005 2 0.0 1 0.012995481491088867
0.42800000000000005 3 0.0 1 0.01298832893371582
0.42800000000000005 4 0.0 1 0.013003110885620117
0.42800000000000005 5 0.0 1 0.012002229690551758
0.42800000000000005 6 0.0 1 0.012001276016235352
0.42800000000000005 7 0.0002652833874866995 3 0.03601241111755371
0.42800000000000005 8 0.0 1 0.012017011642456055
0.42800000000000005 9 0.0002652833874866995 3 0.027002573013305664
0.43600000000000005 0 0.0 1 0.012996196746826172
0.43600000000000005 1 0.0 1 0.01100468635559082
0.43600000000000005 2 0.0 1 0.014015436172485352
0.43600000000000005 3 0.0 1 0.013000965118408203
0.43600000000000005 4 0.0 1 0.015007257461547852
0.43600000000000005 5 0.0 1 0.012004852294921875
0.43600000000000005 6 0.0 1 0.013000011444091797
0.43600000000000005 7 0.0 1 0.012997627258300781
0.43600000000000005 8 0.0 1 0.011000394821166992
0.43600000000000005 9 0.0 1 0.015002727508544922
0.44400000000000006 0 0.0 1 0.013004541397094727
0.44400000000000006 1 0.0 1 0.014008283615112305
0.44400000000000006 2 0.0 1 0.014003753662109375
0.44400000000000006 3 0.0 1 0.012002706527709961
0.44400000000000006 4 0.0 1 0.014006376266479492
0.44400000000000006 5 0.0 1 0.010994195938110352
0.44400000000000006 6 0.13747896318829608 2 0.03300166130065918
0.44400000000000006 7 0.0 1 0.013004302978515625
0.44400000000000006 8 0.0 1 0.013002634048461914
0.44400000000000006 9 0.0 1 0.015002965927124023
0.45199999999999996 0 0.0 1 0.013139724731445312
0.45199999999999996 1 0.0 1 0.01201009750366211
0.45199999999999996 2 0.0 1 0.011786699295043945
0.45199999999999996 3 0.0 1 0.01301121711730957
0.45199999999999996 4 0.0 1 0.013005256652832031
0.45199999999999996 5 0.0 1 0.012996673583984375
0.45199999999999996 6 0.0 1 0.012111425399780273
0.45199999999999996 7 0.0 1 0.01100301742553711
0.45199999999999996 8 0.0 1 0.011999845504760742
0.45199999999999996 9 0.0 1 0.012001276016235352
0.45999999999999996 0 0.0 1 0.01201629638671875
0.45999999999999996 1 0.0 1 0.012996912002563477
0.45999999999999996 2 0.0 1 0.013016462326049805
0.45999999999999996 3 0.0 1 0.025006532669067383
0.45999999999999996 4 0.0 1 0.01800537109375
0.45999999999999996 5 0.0 1 0.01399850845336914
0.45999999999999996 6 0.0 1 0.01300358772277832
0.45999999999999996 7 0.0 1 0.012997150421142578
0.45999999999999996 8 0.0 1 0.01300501823425293
0.45999999999999996 9 0.0 1 0.012001752853393555
0.46799999999999997 0 0.0 1 0.013001441955566406
0.46799999999999997 1 0.0 1 0.011999130249023438
0.46799999999999997 2 0.0 1 0.012015104293823242
0.46799999999999997 3 0.0 1 0.01400613784790039
0.46799999999999997 4 0.0 1 0.015894412994384766
0.46799999999999997 5 0.0 1 0.012001991271972656
0.46799999999999997 6 0.0 1 0.012007713317871094
0.46799999999999997 7 0.0 1 0.012001514434814453
0.46799999999999997 8 0.0 1 0.011995077133178711
0.46799999999999997 9 0.0 1 0.01200246810913086
0.476 0 0.0 1 0.012002944946289062
0.476 1 0.0 1 0.012992620468139648
0.476 2 0.0 1 0.012000322341918945
0.476 3 0.0 1 0.01300358772277832
0.476 4 0.0 1 0.01200246810913086
0.476 5 0.0 1 0.01201009750366211
0.476 6 0.0 1 0.01800537109375
0.476 7 0.0 1 0.013000965118408203
0.476 8 1.4621634563058228e-05 5 0.04100823402404785
0.476 9 0.0 1 0.01200556755065918
0.484 0 0.0 1 0.013006925582885742
0.484 1 0.0 1 0.014003753662109375
0.484 2 0.0002652833874866995 3 0.031003952026367188
0.484 3 0.0 1 0.014005184173583984
0.484 4 0.0 1 0.012001514434814453
0.484 5 0.0 1 0.012006998062133789
0.484 6 0.0 1 0.017000913619995117
0.484 7 0.0 1 0.013001441955566406
0.484 8 0.0 1 0.013000011444091797
0.484 9 0.0 1 0.012001752853393555
0.492 0 0.0 1 0.012005805969238281
0.492 1 0.0 1 0.011003732681274414
0.492 2 0.13747896318829608 2 0.03183126449584961
0.492 3 0.0 1 0.01100301742553711
0.492 4 0.0 1 0.014003992080688477
0.492 5 0.0 1 0.013002872467041016
0.492 6 0.0 1 0.013004541397094727
0.492 7 0.0 1 0.01199960708618164
0.492 8 0.0 1 0.01700448989868164
0.492 9 0.0002652833874866995 3 0.03300881385803223
0.5 0 0.0 1 0.013003349304199219
0.5 1 0.0 1 0.012007713317871094
0.5 2 0.0 1 0.013006448745727539
0.5 3 0.0 1 0.019002676010131836
0.5 4 0.0 1 0.025003433227539062
0.5 5 0.0 1 0.022546052932739258
0.5 6 0.0 1 0.014003753662109375
0.5 7 0.0 1 0.01600050926208496
0.5 8 0.0 1 0.016002416610717773
0.5 9 0.0 1 0.014002323150634766
0.508 0 0.1396888834180357 2 0.03593850135803223
0.508 1 0.0002652833874866995 3 0.03801155090332031
0.508 2 0.0 1 0.013001441955566406
0.508 3 0.12343821132197201 2 0.045012712478637695
0.508 4 0.0 1 0.016002893447875977
0.508 5 0.0 1 0.03200650215148926
0.508 6 0.0 1 0.01600170135498047
0.508 7 0.0 1 0.015002012252807617
0.508 8 0.0 1 0.017998695373535156
0.508 9 0.0 1 0.014004230499267578
0.516 0 0.0 1 0.013004779815673828
0.516 1 0.0 1 0.01400613784790039
0.516 2 0.0 1 0.01700305938720703
0.516 3 0.0 1 0.012005090713500977
0.516 4 0.0 1 0.011132001876831055
0.516 5 0.0002652833874866995 3 0.048010826110839844
0.516 6 0.0 1 0.015000104904174805
0.516 7 0.0 1 0.01200246810913086
0.516 8 0.0 1 0.012931585311889648
0.516 9 0.0 1 0.01600170135498047
0.524 0 0.0 1 0.013003110885620117
0.524 1 0.0 1 0.013003826141357422
0.524 2 0.0 1 0.012000560760498047
0.524 3 0.0 1 0.013003349304199219
0.524 4 0.0002652833874866995 3 0.04001045227050781
0.524 5 0.0 1 0.014786958694458008
0.524 6 0.0 1 0.012932777404785156
0.524 7 0.0 1 0.011002302169799805
0.524 8 0.0 1 0.013000726699829102
0.524 9 0.0 1 0.012001991271972656
0.532 0 0.0 1 0.013004064559936523
0.532 1 0.0 1 0.011995077133178711
0.532 2 0.0 1 0.01399993896484375
0.532 3 0.0 1 0.012095928192138672
0.532 4 0.0 1 0.013004064559936523
0.532 5 0.0 1 0.012009143829345703
0.532 6 0.0 1 0.022004127502441406
0.532 7 0.0 1 0.015002727508544922
0.532 8 0.0 1 0.011002779006958008
0.532 9 0.0 1 0.013000249862670898
0.54 0 0.0 1 0.015001773834228516
0.54 1 0.0 1 0.013998031616210938
0.54 2 0.0 1 0.014002561569213867
0.54 3 0.0 1 0.015004873275756836
0.54 4 0.0 1 0.013000726699829102
0.54 5 0.0 1 0.011748552322387695
0.54 6 0.0002652833874866995 3 0.040010929107666016
0.54 7 0.0 1 0.013004064559936523
0.54 8 0.0 1 0.012002944946289062
0.54 9 0.0 1 0.012101411819458008
0.548 0 0.0 1 0.012006044387817383
0.548 1 0.0002652833874866995 3 0.029993057250976562
0.548 2 0.0 1 0.012006044387817383
0.548 3 0.0 1 0.012153148651123047
0.548 4 0.0 1 0.013003826141357422
0.548 5 0.0 1 0.012001752853393555
0.548 6 0.0 1 0.030007600784301758
0.548 7 0.0 1 0.01900458335876465
0.548 8 0.02194708342814014 2 0.033006906509399414
0.548 9 0.0 1 0.014004230499267578
0.556 0 0.0 1 0.013001680374145508
0.556 1 0.0 1 0.01100301742553711
0.556 2 0.0 1 0.013737916946411133
0.556 3 0.0 1 0.01300501823425293
0.556 4 0.0002652833874866995 3 0.03900933265686035
0.556 5 0.0 1 0.013002157211303711
0.556 6 0.0 1 0.019002914428710938
0.556 7 0.0 1 0.014998674392700195
0.556 8 0.0 1 0.013005733489990234
0.556 9 0.0 1 0.013002395629882812
0.5640000000000001 0 0.0 1 0.014002799987792969
0.5640000000000001 1 0.0 1 0.013000965118408203
0.5640000000000001 2 0.0 1 0.013002395629882812
0.5640000000000001 3 0.0 1 0.012000799179077148
0.5640000000000001 4 0.0 1 0.013995885848999023
0.5640000000000001 5 0.0 1 0.012994050979614258
0.5640000000000001 6 0.0 1 0.012004613876342773
0.5640000000000001 7 0.0 1 0.013004302978515625
0.5640000000000001 8 0.0 1 0.013001441955566406
0.5640000000000001 9 0.0002652833874866995 3 0.033007144927978516
0.5720000000000001 0 0.0 1 0.013009071350097656
0.5720000000000001 1 0.0 1 0.014002323150634766
0.5720000000000001 2 0.0 1 0.014000892639160156
0.5720000000000001 3 0.0 1 0.014002084732055664
0.5720000000000001 4 0.0 1 0.013003110885620117
0.5720000000000001 5 0.0 1 0.013001680374145508
0.5720000000000001 6 0.0 1 0.014002799987792969
0.5720000000000001 7 0.0 1 0.013278007507324219
0.5720000000000001 8 0.0 1 0.01030874252319336
0.5720000000000001 9 0.0 1 0.012433767318725586
0.58 0 0.0 1 0.014417409896850586
0.58 1 0.0 1 0.011998414993286133
0.58 2 0.0 1 0.014002323150634766
0.58 3 0.0 1 0.01300048828125
0.58 4 0.0 1 0.012995719909667969
0.58 5 0.0 1 0.013000726699829102
0.58 6 0.0 1 0.013006448745727539
0.58 7 0.0 1 0.013004302978515625
0.58 8 0.0 1 0.013001680374145508
0.58 9 0.0 1 0.011998891830444336
0.588 0 0.0002652833874866995 3 0.02901291847229004
0.588 1 0.0 1 0.012001991271972656
0.588 2 0.0 1 0.015008926391601562
0.588 3 0.0 1 0.014000177383422852
0.588 4 0.0 1 0.011916160583496094
0.588 5 0.0 1 0.011001825332641602
0.588 6 0.0 1 0.012001276016235352
0.588 7 0.0 1 0.01400303840637207
0.588 8 0.0 1 0.011014699935913086
0.588 9 0.0 1 0.01300501823425293
0.596 0 0.0 1 0.012002706527709961
0.596 1 0.0002652833874866995 3 0.02786707878112793
0.596 2 0.0 1 0.013999700546264648
0.596 3 0.0 1 0.01498723030090332
0.596 4 0.0 1 0.012000083923339844
0.596 5 0.0 1 0.012007474899291992
0.596 6 0.0 1 0.026006221771240234
0.596 7 0.0 1 0.015002250671386719
0.596 8 0.0 1 0.012998104095458984
0.596 9 0.0 1 0.011003732681274414
0.604 0 0.0 1 0.012002944946289062
0.604 1 0.0 1 0.013326406478881836
0.604 2 0.003418561393408669 2 0.032006025314331055
0.604 3 0.0 1 0.01199483871459961
0.604 4 0.0 1 0.01800680160522461
0.604 5 0.0 1 0.01420140266418457
0.604 6 0.0 1 0.017003774642944336
0.604 7 0.0 1 0.012508869171142578
0.604 8 0.0 1 0.013006925582885742
0.604 9 0.0 1 0.01200246810913086
0.612 0 0.0 1 0.012018203735351562
0.612 1 0.0 1 0.013004779815673828
0.612 2 0.0 1 0.013003826141357422
0.612 3 0.0 1 0.013002157211303711
0.612 4 0.0 1 0.011012792587280273
0.612 5 0.0 1 0.01301121711730957
0.612 6 0.0 1 0.021008729934692383
0.612 7 0.0 1 0.012001991271972656
0.612 8 0.0 1 0.012003421783447266
0.612 9 0.0 1 0.012004852294921875
0.62 0 0.0 1 0.013002395629882812
0.62 1 0.0 1 0.013017654418945312
0.62 2 0.0 1 0.013003110885620117
0.62 3 0.0 1 0.01199650764465332
0.62 4 0.0 1 0.010999441146850586
0.62 5 0.0 1 0.012010335922241211
0.62 6 0.0 1 0.011989831924438477
0.62 7 0.0 1 0.012001752853393555
0.62 8 0.0 1 0.017011165618896484
0.62 9 0.0 1 0.011992216110229492
0.628 0 0.0 1 0.013002157211303711
0.628 1 0.0 1 0.01200246810913086
0.628 2 0.0 1 0.014011383056640625
0.628 3 0.0 1 0.011008739471435547
0.628 4 0.0 1 0.01299905776977539
0.628 5 0.0 1 0.012004852294921875
0.628 6 0.0 1 0.013988018035888672
0.628 7 0.0 1 0.01285552978515625
0.628 8 0.0 1 0.013003110885620117
0.628 9 0.0 1 0.012015104293823242
0.636 0 0.0 1 0.013003349304199219
0.636 1 0.0 1 0.013997316360473633
0.636 2 0.0 1 0.013010740280151367
0.636 3 0.0 1 0.012008190155029297
0.636 4 0.0 1 0.012557268142700195
0.636 5 0.0 1 0.012007474899291992
0.636 6 0.0 1 0.014007091522216797
0.636 7 0.0 1 0.014002799987792969
0.636 8 0.0 1 0.0129852294921875
0.636 9 0.0 1 0.013001203536987305
0.644 0 0.0002652833874866995 3 0.029931068420410156
0.644 1 0.0 1 0.014005899429321289
0.644 2 -0.0002599777197420395 3 0.03400731086730957
0.644 3 0.0 1 0.012009859085083008
0.644 4 0.0 1 0.013004779815673828
0.644 5 0.0 1 0.01700282096862793
0.644 6 0.0 1 0.011004924774169922
0.644 7 0.0 1 0.010987520217895508
0.644 8 0.0 1 0.01201009750366211
0.644 9 0.0 1 0.012003660202026367
0.652 0 0.0 1 0.011997222900390625
0.652 1 0.0 1 0.013004064559936523
0.652 2 0.0 1 0.011002063751220703
0.652 3 0.0 1 0.012000083923339844
0.652 4 0.0 1 0.016005992889404297
0.652 5 0.0 1 0.013005256652832031
0.652 6 0.0 1 0.014003515243530273
0.652 7 0.0 1 0.025551319122314453
0.652 8 0.0 1 0.015004158020019531
0.652 9 0.0 1 0.012002706527709961
0.66 0 0.0 1 0.015006542205810547
0.66 1 0.0 1 0.01200246810913086
0.66 2 0.0 1 0.012005329132080078
0.66 3 0.0 1 0.012001514434814453
0.66 4 0.0 1 0.013003349304199219
0.66 5 0.0 1 0.022998332977294922
0.66 6 0.0 1 0.01700282096862793
0.66 7 0.0 1 0.01400136947631836
0.66 8 0.0 1 0.014002799987792969
0.66 9 0.0 1 0.012007951736450195
0.668 0 0.0 1 0.012003421783447266
0.668 1 0.0 1 0.012003183364868164
0.668 2 0.0 1 0.012006282806396484
0.668 3 0.0 1 0.014003515243530273
0.668 4 0.0 1 0.013004779815673828
0.668 5 0.0 1 0.01300358772277832
0.668 6 0.0 1 0.025003671646118164
0.668 7 0.0002652833874866995 3 0.03600668907165527
0.668 8 0.0 1 0.011003255844116211
0.668 9 0.0 1 0.012001514434814453
0.676 0 -0.004757408881161105 2 0.03501176834106445
0.676 1 0.0 1 0.013002634048461914
0.676 2 0.0 1 0.014000654220581055
0.676 3 0.0 1 0.013005733489990234
0.676 4 0.0 1 0.015006303787231445
0.676 5 0.0 1 0.02700519561767578
0.676 6 0.0 1 0.012997150421142578
0.676 7 0.0 1 0.013005256652832031
0.676 8 0.0 1 0.013003349304199219
0.676 9 0.0 1 0.01400613784790039
0.6839999999999999 0 0.0 1 0.014913558959960938
0.6839999999999999 1 0.0 1 0.013001203536987305
0.6839999999999999 2 0.0 1 0.012000799179077148
0.6839999999999999 3 0.0 1 0.013002395629882812
0.6839999999999999 4 0.0 1 0.012001991271972656
0.6839999999999999 5 0.0 1 0.01399993896484375
0.6839999999999999 6 0.0 1 0.02201247215270996
0.6839999999999999 7 0.0 1 0.013000726699829102
0.6839999999999999 8 0.0 1 0.01100301742553711
0.6839999999999999 9 -0.0024981445047650617 2 0.030752897262573242
0.692 0 0.0002652833874866995 3 0.02800750732421875
0.692 1 0.0 1 0.012928485870361328
0.692 2 0.0 1 0.012003660202026367
0.692 3 0.0 1 0.013003349304199219
0.692 4 0.0 1 0.01200246810913086
0.692 5 -0.0002599777197420395 3 0.04100775718688965
0.692 6 0.0 1 0.012002706527709961
0.692 7 0.0 1 0.014003515243530273
0.692 8 0.0 1 0.012003183364868164
0.692 9 0.0 1 0.01351022720336914
0.7 0 0.0 1 0.012781620025634766
0.7 1 0.0 1 0.012999534606933594
0.7 2 0.0 1 0.012025833129882812
0.7 3 0.0 1 0.011993885040283203
0.7 4 0.0 1 0.012000322341918945
0.7 5 0.0 1 0.013009309768676758
0.7 6 0.0 1 0.013003826141357422
0.7 7 0.0 1 0.03500986099243164
0.7 8 0.0 1 0.015004396438598633
0.7 9 0.0 1 0.015001773834228516
0.708 0 0.0 1 0.011001110076904297
0.708 1 0.0 1 0.011002063751220703
0.708 2 0.0 1 0.012002706527709961
0.708 3 0.0 1 0.012000560760498047
0.708 4 0.0 1 0.012003183364868164
0.708 5 0.0 1 0.0179903507232666
0.708 6 0.0 1 0.014003276824951172
0.708 7 0.0 1 0.012004375457763672
0.708 8 0.0 1 0.015002727508544922
0.708 9 -0.0002599777197420395 3 0.030000686645507812
0.716 0 0.0 1 0.011002063751220703
0.716 1 0.0 1 0.012999773025512695
0.716 2 0.0 1 0.012997865676879883
0.716 3 0.0 1 0.012835979461669922
0.716 4 0.0 1 0.013007640838623047
0.716 5 0.0 1 0.01300191879272461
0.716 6 0.0 1 0.012515068054199219
0.716 7 0.0 1 0.015001773834228516
0.716 8 0.0 1 0.013002634048461914
0.716 9 0.0 1 0.015005111694335938
0.724 0 0.0002652833874866995 3 0.030004024505615234
0.724 1 0.0 1 0.012107372283935547
0.724 2 0.0002652833874866995 3 0.032006263732910156
0.724 3 0.0 1 0.010999917984008789
0.724 4 0.0 1 0.012526750564575195
0.724 5 0.0 1 0.013004779815673828
0.724 6 0.0 1 0.012008905410766602
0.724 7 0.0 1 0.010997772216796875
0.724 8 0.0 1 0.011987447738647461
0.724 9 0.0 1 0.013003349304199219
0.732 0 0.0 1 0.01300501823425293
0.732 1 0.0 1 0.013002157211303711
0.732 2 0.0 1 0.01200413703918457
0.732 3 0.0 1 0.012002944946289062
0.732 4 0.0 1 0.013011693954467773
0.732 5 0.0 1 0.012002229690551758
0.732 6 0.0 1 0.012993574142456055
0.732 7 0.0 1 0.01200246810913086
0.732 8 0.0 1 0.012001276016235352
0.732 9 0.0 1 0.013001680374145508
0.74 0 0.0 1 0.013002395629882812
0.74 1 0.0 1 0.014992475509643555
0.74 2 0.0 1 0.012989997863769531
0.74 3 0.0 1 0.01200246810913086
0.74 4 0.0 1 0.012854814529418945
0.74 5 0.0 1 0.012000560760498047
0.74 6 0.0 1 0.012999534606933594
0.74 7 0.0 1 0.013004302978515625
0.74 8 0.0 1 0.010999441146850586
0.74 9 0.0 1 0.01500248908996582
0.748 0 0.0 1 0.013008594512939453
0.748 1 0.0 1 0.012000322341918945
0.748 2 0.0 1 0.014004707336425781
0.748 3 0.0 1 0.011997699737548828
0.748 4 0.0 1 0.018001556396484375
0.748 5 0.0 1 0.01101541519165039
0.748 6 0.0 1 0.014001131057739258
0.748 7 0.0 1 0.015003442764282227
0.748 8 0.0 1 0.012003183364868164
0.748 9 0.0 1 0.011005401611328125
0.756 0 0.0 1 0.013001441955566406
0.756 1 0.0 1 0.01200246810913086
0.756 2 0.0 1 0.011000871658325195
0.756 3 0.0 1 0.012997150421142578
0.756 4 0.0 1 0.01300954818725586
0.756 5 0.0 1 0.014006614685058594
0.756 6 0.0 1 0.030004024505615234
0.756 7 0.0 1 0.015004158020019531
0.756 8 0.0 1 0.015001296997070312
0.756 9 0.0 1 0.01300501823425293
0.764 0 0.0 1 0.014999628067016602
0.764 1 0.0 1 0.012998819351196289
0.764 2 0.0 1 0.011999368667602539
0.764 3 0.0 1 0.011001825332641602
0.764 4 0.0 1 0.011013031005859375
0.764 5 0.0 1 0.013001441955566406
0.764 6 0.0 1 0.024998188018798828
0.764 7 0.0 1 0.011002302169799805
0.764 8 0.0 1 0.0120086669921875
0.764 9 0.0 1 0.012999534606933594
0.772 0 0.0 1 0.012001514434814453
0.772 1 0.0 1 0.01192617416381836
0.772 2 0.0 1 0.01200246810913086
0.772 3 0.0 1 0.01100468635559082
0.772 4 0.0 1 0.012000799179077148
0.772 5 0.0 1 0.013017892837524414
0.772 6 0.0 1 0.01202249526977539
0.772 7 0.0 1 0.015007734298706055
0.772 8 0.0 1 0.023004770278930664
0.772 9 0.0 1 0.013004779815673828
0.78 0 0.0002652833874866995 3 0.031004905700683594
0.78 1 0.0 1 0.014003276824951172
0.78 2 0.0 1 0.01200246810913086
0.78 3 0.0 1 0.01300191879272461
0.78 4 0.0 1 0.013004302978515625
0.78 5 0.0 1 0.012018680572509766
0.78 6 0.0 1 0.013005495071411133
0.78 7 0.0 1 0.013002872467041016
0.78 8 0.0 1 0.012009620666503906
0.78 9 0.0 1 0.014002561569213867
0.788 0 0.0 1 0.013004541397094727
0.788 1 0.0 1 0.013003826141357422
0.788 2 0.0 1 0.01200246810913086
0.788 3 0.0002652833874866995 3 0.0290067195892334
0.788 4 0.0 1 0.013004779815673828
0.788 5 0.0 1 0.013156890869140625
0.788 6 0.0 1 0.012002229690551758
0.788 7 0.0 1 0.0110015869140625
0.788 8 0.0 1 0.012003421783447266
0.788 9 0.0 1 0.014003515243530273
0.796 0 0.0 1 0.013005256652832031
0.796 1 0.0 1 0.014003515243530273
0.796 2 0.0 1 0.014003276824951172
0.796 3 0.0 1 0.012011051177978516
0.796 4 0.0 1 0.011020421981811523
0.796 5 0.0 1 0.012004613876342773
0.796 6 0.0 1 0.013004541397094727
0.796 7 0.0 1 0.015001535415649414
0.796 8 0.0 1 0.011999845504760742
0.796 9 0.0 1 0.013003110885620117
0.8039999999999999 0 0.0 1 0.011002540588378906
0.8039999999999999 1 0.0 1 0.011859416961669922
0.8039999999999999 2 0.0 1 0.011995077133178711
0.8039999999999999 3 0.0 1 0.012001752853393555
0.8039999999999999 4 0.0 1 0.020986080169677734
0.8039999999999999 5 0.0 1 0.013004541397094727
0.8039999999999999 6 0.0 1 0.012874126434326172
0.8039999999999999 7 0.0 1 0.013009309768676758
0.8039999999999999 8 0.0 1 0.01362299919128418
0.8039999999999999 9 0.0 1 0.012001514434814453
0.8119999999999999 0 0.0 1 0.011001348495483398
0.8119999999999999 1 0.0 1 0.013001680374145508
0.8119999999999999 2 0.0 1 0.0180051326751709
0.8119999999999999 3 0.0 1 0.016001462936401367
0.8119999999999999 4 0.0 1 0.014000892639160156
0.8119999999999999 5 0.0 1 0.016007423400878906
0.8119999999999999 6 0.0 1 0.013000965118408203
0.8119999999999999 7 0.0 1 0.012000560760498047
0.8119999999999999 8 0.0 1 0.012006282806396484
0.8119999999999999 9 0.0 1 0.013010025024414062
0.82 0 0.0 1 0.014004707336425781
0.82 1 0.0 1 0.012999773025512695
0.82 2 0.0 1 0.010998010635375977
0.82 3 0.0 1 0.012998580932617188
0.82 4 0.0 1 0.011995792388916016
0.82 5 0.0002652833874866995 3 0.03100728988647461
0.82 6 0.0 1 0.01700615882873535
0.82 7 -0.0026276787726501453 2 0.030005931854248047
0.82 8 0.0 1 0.01302027702331543
0.82 9 0.0 1 0.012005805969238281
0.828 0 0.0 1 0.012998819351196289
0.828 1 0.0 1 0.013002634048461914
0.828 2 0.0 1 0.011910438537597656
0.828 3 0.0 1 0.013178110122680664
0.828 4 0.0 1 0.014004230499267578
0.828 5 0.0 1 0.011002779006958008
0.828 6 0.0 1 0.013996601104736328
0.828 7 0.0 1 0.012002944946289062
0.828 8 0.0 1 0.017005443572998047
0.828 9 0.0 1 0.014004707336425781
0.836 0 0.0 1 0.013002395629882812
0.836 1 0.0 1 0.013004064559936523
0.836 2 0.0 1 0.013004064559936523
0.836 3 0.0 1 0.013003826141357422
0.836 4 0.0 1 0.012005090713500977
0.836 5 0.0 1 0.013009786605834961
0.836 6 0.0 1 0.01399540901184082
0.836 7 0.0 1 0.013006210327148438
0.836 8 0.0 1 0.012002706527709961
0.836 9 0.0 1 0.012178897857666016
0.844 0 0.0 1 0.0110015869140625
0.844 1 0.0 1 0.018001556396484375
0.844 2 0.0 1 0.01300358772277832
0.844 3 0.0 1 0.01300668716430664
0.844 4 0.0 1 0.012880086898803711
0.844 5 0.0 1 0.013008594512939453
0.844 6 0.0 1 0.014005422592163086
0.844 7 -0.002571062834872264 2 0.03100752830505371
0.844 8 0.0 1 0.011014938354492188
0.844 9 0.0 1 0.01100301742553711
0.852 0 0.0 1 0.014011621475219727
0.852 1 0.0 1 0.013001680374145508
0.852 2 0.0 1 0.015000343322753906
0.852 3 0.0 1 0.013007402420043945
0.852 4 0.0 1 0.012003660202026367
0.852 5 0.0 1 0.012995243072509766
0.852 6 0.0 1 0.013000249862670898
0.852 7 0.0 1 0.014078855514526367
0.852 8 0.0 1 0.012002706527709961
0.852 9 0.0 1 0.011989831924438477
0.86 0 -0.0002599777197420395 3 0.029009342193603516
0.86 1 0.0 1 0.01200723648071289
0.86 2 0.0 1 0.011991262435913086
0.86 3 0.0 1 0.011825084686279297
0.86 4 0.0 1 0.0210113525390625
0.86 5 0.0 1 0.012003421783447266
0.86 6 0.0 1 0.021002531051635742
0.86 7 0.0 1 0.017997264862060547
0.86 8 0.0 1 0.013003826141357422
0.86 9 0.0 1 0.012000560760498047
0.868 0 0.0 1 0.012002706527709961
0.868 1 0.0 1 0.012001991271972656
0.868 2 0.0 1 0.011002779006958008
0.868 3 0.0 1 0.01199483871459961
0.868 4 0.0 1 0.013002634048461914
0.868 5 0.0 1 0.020000457763671875
0.868 6 0.0 1 0.01400136947631836
0.868 7 0.0 1 0.013002634048461914
0.868 8 0.0 1 0.012000322341918945
0.868 9 0.0 1 0.012020349502563477
0.876 0 0.0 1 0.011994600296020508
0.876 1 0.0 1 0.012009620666503906
0.876 2 0.0 1 0.01300358772277832
0.876 3 0.0 1 0.012242317199707031
0.876 4 0.0 1 0.011995553970336914
0.876 5 0.0 1 0.013000965118408203
0.876 6 0.0 1 0.013004779815673828
0.876 7 0.0 1 0.023005247116088867
0.876 8 0.0 1 0.012002229690551758
0.876 9 0.0 1 0.012000322341918945
0.884 0 0.0 1 0.013005495071411133
0.884 1 0.0 1 0.014003753662109375
0.884 2 0.0 1 0.013017892837524414
0.884 3 0.0 1 0.012000560760498047
0.884 4 0.0 1 0.013004779815673828
0.884 5 0.0 1 0.012000560760498047
0.884 6 0.0 1 0.016555309295654297
0.884 7 0.0 1 0.01700425148010254
0.884 8 0.0 1 0.012001276016235352
0.884 9 0.0 1 0.014000654220581055
0.892 0 0.0 1 0.013999700546264648
0.892 1 0.0 1 0.013002634048461914
0.892 2 0.0 1 0.0120086669921875
0.892 3 0.0 1 0.012003898620605469
0.892 4 -0.000469522668856472 5 0.03301191329956055
0.892 5 0.0 1 0.014004707336425781
0.892 6 0.0 1 0.014000415802001953
0.892 7 0.0 1 0.013617753982543945
0.892 8 0.0 1 0.014003992080688477
0.892 9 0.0 1 0.014012575149536133
0.9 0 -0.0002599777197420395 3 0.02600550651550293
0.9 1 0.0 1 0.013001441955566406
0.9 2 0.0 1 0.015005111694335938
0.9 3 0.0 1 0.012001991271972656
0.9 4 0.0 1 0.013004302978515625
0.9 5 0.0 1 0.015002965927124023
0.9 6 0.0 1 0.013002872467041016
0.9 7 0.0002652833874866995 3 0.027865171432495117
0.9 8 0.0 1 0.01200413703918457
0.9 9 0.0 1 0.011000871658325195
