0.1 0 0.2733631066882491 15 4.82528281211853
0.1 1 0.27432569415931973 15 4.816051006317139
0.1 2 0.25833890989709657 14 4.855326175689697
0.1 3 0.294898793450557 15 4.689547538757324
0.1 4 0.26455666928252575 15 4.780419111251831
0.1 5 0.3013125859259879 15 4.558873653411865
0.1 6 0.3109894511787158 13 4.436843395233154
0.1 7 0.2919731989789411 14 4.484619140625
0.1 8 0.29572456678650044 15 4.777253150939941
0.1 9 0.28965185128313575 14 4.538439035415649
0.10800000000000001 0 0.26210351902988704 14 4.757230520248413
0.10800000000000001 1 0.2831547230685071 15 4.625488042831421
0.10800000000000001 2 0.28407707884520156 14 4.4391844272613525
0.10800000000000001 3 0.27012716774696677 14 4.6369359493255615
0.10800000000000001 4 0.26679024489009506 16 4.52085542678833
0.10800000000000001 5 0.28623759511253755 15 4.668641567230225
0.10800000000000001 6 0.25777080813805 15 4.560417175292969
0.10800000000000001 7 0.26391827923974925 15 4.535790205001831
0.10800000000000001 8 0.25477518282949974 15 4.692158222198486
0.10800000000000001 9 0.25361609458096085 15 4.598417043685913
0.116 0 0.23904115395462802 16 4.801048755645752
0.116 1 0.2604808468565315 16 4.668548107147217
0.116 2 0.24962978058672253 15 4.492566347122192
0.116 3 0.24728942233435652 14 4.5478127002716064
0.116 4 0.26277534711694406 15 4.512385845184326
0.116 5 0.2640380770532569 15 4.6447529792785645
0.116 6 0.24849749116868192 15 4.67729926109314
0.116 7 0.26274105366615996 14 4.695842742919922
0.116 8 0.2489624379935759 14 4.5276429653167725
0.116 9 0.2611929057674008 14 4.4984259605407715
0.124 0 0.23392621588529183 16 4.801164627075195
0.124 1 0.267294112609117 14 4.620865345001221
0.124 2 0.2645097160599298 13 4.557973623275757
0.124 3 0.26110164168101396 15 4.508143424987793
0.124 4 0.23767146074641538 15 4.672422170639038
0.124 5 0.23257633423648227 16 4.556838035583496
0.124 6 0.22330715878617816 15 4.587283611297607
0.124 7 0.21993429923672378 15 4.474000930786133
0.124 8 0.24285459189048048 16 4.5741822719573975
0.124 9 0.24215679155918218 15 4.61925745010376
0.132 0 0.23604812674661976 14 4.785921096801758
0.132 1 0.23359081557419728 15 4.589672327041626
0.132 2 0.21605255066556683 15 4.629798173904419
0.132 3 0.22894470360934802 14 4.590180158615112
0.132 4 0.21375752264709103 16 4.643049240112305
0.132 5 0.2464744525138321 15 4.514585971832275
0.132 6 0.23244593601521468 15 4.622010707855225
0.132 7 0.21122324653515448 15 4.61305570602417
0.132 8 0.2185380394836916 15 4.69723105430603
0.132 9 0.20190651264110177 14 4.6566550731658936
0.14 0 0.22943963777351745 15 4.726132869720459
0.14 1 0.18703531595329018 16 4.695528507232666
0.14 2 0.2121663422576152 16 4.694686412811279
0.14 3 0.22136055973439908 15 4.735192060470581
0.14 4 0.23899757459659962 15 4.618975639343262
0.14 5 0.2266150369802035 16 4.7543792724609375
0.14 6 0.21511206750877435 14 4.646251440048218
0.14 7 0.2193964983889991 16 4.7399842739105225
0.14 8 0.22375742498546491 14 4.527711868286133
0.14 9 0.22189353565032 14 4.767205238342285
0.14800000000000002 0 0.21005497830229597 15 4.786107778549194
0.14800000000000002 1 0.2045282386387845 16 4.551982641220093
0.14800000000000002 2 0.1912412926397927 15 4.659696102142334
0.14800000000000002 3 0.18398070999770202 15 4.639114141464233
0.14800000000000002 4 0.2235904364126473 15 4.68599271774292
0.14800000000000002 5 0.21028488849369778 16 4.622292995452881
0.14800000000000002 6 0.21949726675830447 15 4.782671213150024
0.14800000000000002 7 0.21384306095425779 14 4.695855140686035
0.14800000000000002 8 0.21517594189820302 15 4.74805212020874
0.14800000000000002 9 0.21384600151680097 15 4.731217384338379
0.156 0 0.21230978019447388 16 4.781045913696289
0.156 1 0.19079163506291563 16 4.769792556762695
0.156 2 0.21267107456604809 16 4.617954254150391
0.156 3 0.21036899432717507 14 4.557931423187256
0.156 4 0.19274561392920564 15 4.554344415664673
0.156 5 0.19517948505351249 16 4.650583267211914
0.156 6 0.22651204295495297 15 4.633199691772461
0.156 7 0.23571203105521862 15 4.713756799697876
0.156 8 0.19326742800801994 15 4.675814628601074
0.156 9 0.2232272351249938 14 4.582884788513184
0.164 0 0.1741555189205398 17 4.5992348194122314
0.164 1 0.1744822803460491 16 4.652421712875366
0.164 2 0.2244844335898935 15 4.681393384933472
0.164 3 0.21413551258257568 15 4.640405178070068
0.164 4 0.21725405820679042 16 4.758969306945801
0.164 5 0.20461821874327793 17 4.683863878250122
0.164 6 0.19347887645088016 15 4.533800840377808
0.164 7 0.17880165738938442 16 4.6026856899261475
0.164 8 0.17842606375374728 16 4.631041765213013
0.164 9 0.1838341666985334 17 4.559449911117554
0.17200000000000001 0 0.1979002239094314 16 4.678180932998657
0.17200000000000001 1 0.1884325490260661 16 4.571824312210083
0.17200000000000001 2 0.17109258872641264 17 4.72998571395874
0.17200000000000001 3 0.15377318827247352 14 4.609295845031738
0.17200000000000001 4 0.1864201245232124 15 4.706376791000366
0.17200000000000001 5 0.2004927917825411 16 4.538931369781494
0.17200000000000001 6 0.19043443175949068 16 4.537760496139526
0.17200000000000001 7 0.19591466724837145 14 4.588235378265381
0.17200000000000001 8 0.16425350453619456 15 4.5685741901397705
0.17200000000000001 9 0.19348012892976893 15 4.685762166976929
0.18 0 0.1789070598069679 16 4.782169342041016
0.18 1 0.18328641330299836 16 4.739654541015625
0.18 2 0.1877714221709491 15 4.663656711578369
0.18 3 0.17720300003531275 16 4.529834985733032
0.18 4 0.16107128895128323 15 4.688709497451782
0.18 5 0.1838601907511426 15 4.589089393615723
0.18 6 0.17743810863030318 16 4.693806409835815
0.18 7 0.1419593685459946 18 4.647735834121704
0.18 8 0.15321763695657653 16 4.6278204917907715
0.18 9 0.18031465132263624 15 4.498499870300293
0.188 0 0.15517084693295022 15 4.72941780090332
0.188 1 0.15485694258419785 16 4.689519882202148
0.188 2 0.15811974236094528 15 4.507901430130005
0.188 3 0.16936764687049377 16 4.787119626998901
0.188 4 0.16553548353993136 15 4.626832962036133
0.188 5 0.17637418594228346 16 4.69013786315918
0.188 6 0.16636239885255233 16 4.715244293212891
0.188 7 0.1586797024143251 16 4.660294771194458
0.188 8 0.1567489987239345 15 4.5384111404418945
0.188 9 0.15935909003370652 16 4.745524168014526
0.196 0 0.15618550493687702 15 4.743988037109375
0.196 1 0.18022206106154218 16 4.669628381729126
0.196 2 0.16246892484189304 15 4.535800457000732
0.196 3 0.12941463050780522 16 4.545985460281372
0.196 4 0.1717658281143995 15 4.6654393672943115
0.196 5 0.15832808849629038 16 4.574254751205444
0.196 6 0.14958439415067876 18 4.844623327255249
0.196 7 0.1508332294794384 16 4.690656900405884
0.196 8 0.15325293510053103 15 4.509581089019775
0.196 9 0.17325744372097726 16 4.682551145553589
0.20400000000000001 0 0.14077438582196528 19 4.835537672042847
0.20400000000000001 1 0.1524399089285993 16 4.661487817764282
0.20400000000000001 2 0.1598735211819728 16 4.673100709915161
0.20400000000000001 3 0.1209215766957773 18 4.713513374328613
0.20400000000000001 4 0.14369214844796113 16 4.773597240447998
0.20400000000000001 5 0.1658660317116321 16 4.610222578048706
0.20400000000000001 6 0.14234677170133941 17 4.625070810317993
0.20400000000000001 7 0.1420380598471193 16 4.679643869400024
0.20400000000000001 8 0.12943636790934857 16 4.5142481327056885
0.20400000000000001 9 0.15270960078288834 16 4.522934436798096
0.21200000000000002 0 0.1451038834472054 15 4.714751243591309
0.21200000000000002 1 0.13665330117114238 16 4.653002023696899
0.21200000000000002 2 0.13785429843052444 17 4.5236616134643555
0.21200000000000002 3 0.16745515361037502 16 4.6181721687316895
0.21200000000000002 4 0.1374599296464926 16 4.710354566574097
0.21200000000000002 5 0.15391567101513373 17 4.554107904434204
0.21200000000000002 6 0.16181308666971508 16 4.5427491664886475
0.21200000000000002 7 0.133437235843485 16 4.577463150024414
0.21200000000000002 8 0.13177186235332283 17 4.710654973983765
0.21200000000000002 9 0.13700684954151535 16 4.696371078491211
0.22 0 0.15577193946102044 16 4.79975962638855
0.22 1 0.13181945783351232 16 4.49394154548645
0.22 2 0.12702371489096323 17 4.629671573638916
0.22 3 0.12680544795331294 16 4.659635305404663
0.22 4 0.13814866263966352 16 4.783435106277466
0.22 5 0.15268617337933998 17 4.656205415725708
0.22 6 0.13784847387485372 15 5.306566476821899
0.22 7 0.1306501460938963 15 5.0757529735565186
0.22 8 0.11009877574256813 16 5.036370515823364
0.22 9 0.08340006898010961 17 5.159369468688965
0.228 0 0.12844244830745385 16 5.551537990570068
0.228 1 0.11683859904688054 17 5.776825189590454
0.228 2 0.12930973185751468 16 5.193717956542969
0.228 3 0.14020779739309552 16 5.100132942199707
0.228 4 0.1354049429591437 16 5.699586868286133
0.228 5 0.13691059346396417 15 5.077221155166626
0.228 6 0.14478742256396843 16 5.173717975616455
0.228 7 0.12048311015008716 16 5.271111488342285
0.228 8 0.13558083360828316 17 5.29374361038208
0.228 9 0.1430925604450258 16 5.298096179962158
0.23600000000000002 0 0.12403559199143975 17 5.7055275440216064
0.23600000000000002 1 0.12447067015424593 17 5.4864959716796875
0.23600000000000002 2 0.10226880779809895 16 5.08672571182251
0.23600000000000002 3 0.11575521622462151 18 5.271659851074219
0.23600000000000002 4 0.13654332117170626 16 5.617940902709961
0.23600000000000002 5 0.10394622526958185 17 5.246837139129639
0.23600000000000002 6 0.13106067292466192 15 5.152099132537842
0.23600000000000002 7 0.12264363786386658 15 4.884084701538086
0.23600000000000002 8 0.1147924092415506 16 5.435650825500488
0.23600000000000002 9 0.11313304925457542 16 5.157201051712036
0.24400000000000002 0 0.10605020155940813 16 5.067342281341553
0.24400000000000002 1 0.11673318807109817 16 4.620270490646362
0.24400000000000002 2 0.09455674777969604 16 4.692861080169678
0.24400000000000002 3 0.12285973798954757 16 4.876148223876953
0.24400000000000002 4 0.10654443454218787 16 5.399498701095581
0.24400000000000002 5 0.09714226151996694 18 5.85564398765564
0.24400000000000002 6 0.1305213705476693 15 5.114584922790527
0.24400000000000002 7 0.09831247996542682 16 5.311246871948242
0.24400000000000002 8 0.10424485180088322 16 5.185713052749634
0.24400000000000002 9 0.11571884841488983 16 5.482766151428223
0.252 0 0.13100508489877255 17 5.291889667510986
0.252 1 0.11024177136370618 17 5.441150426864624
0.252 2 0.09752944361454734 17 5.117555379867554
0.252 3 0.11827263960110013 17 4.86081075668335
0.252 4 0.10891611562706573 16 5.364137411117554
0.252 5 0.1027506040028679 17 4.883820533752441
0.252 6 0.09916416701640049 17 4.88883113861084
0.252 7 0.08984111934908184 17 4.839984178543091
0.252 8 0.11506093952531561 17 4.9278624057769775
0.252 9 0.09551268179254992 17 4.911183595657349
0.26 0 0.1114100365638506 17 4.940328359603882
0.26 1 0.10172109186004248 17 5.135317802429199
0.26 2 0.09023499800333588 18 4.96169638633728
0.26 3 0.11444312868665596 17 5.085572004318237
0.26 4 0.09611450406394036 17 5.358461618423462
0.26 5 0.08853405878023486 17 5.883855104446411
0.26 6 0.10096725233902273 17 4.973827838897705
0.26 7 0.0989009559463985 16 4.843301773071289
0.26 8 0.08342329727074088 16 5.118014097213745
0.26 9 0.09691116177615805 18 4.883407831192017
0.268 0 0.104798412719206 16 5.610684156417847
0.268 1 0.1105637869844064 16 5.081851243972778
0.268 2 0.08906284038106449 16 5.308165550231934
0.268 3 0.08470709963785907 16 5.191299676895142
0.268 4 0.0821471146314023 16 5.128133058547974
0.268 5 0.09360668232073852 17 4.992351770401001
0.268 6 0.08610113673654307 17 5.007639408111572
0.268 7 0.10415168115482507 15 5.9746949672698975
0.268 8 0.09762353739907931 17 6.881055116653442
0.268 9 0.10329759739222215 16 7.845305442810059
0.276 0 0.09259899126208586 16 8.088088989257812
0.276 1 0.08200282261150628 16 7.323640584945679
0.276 2 0.09545512534995557 17 5.696038007736206
0.276 3 0.1032014397941055 17 5.509294033050537
0.276 4 0.1003922810588583 16 5.928069353103638
0.276 5 0.10517492570104599 17 5.30225944519043
0.276 6 0.10455077596948079 18 5.108856678009033
0.276 7 0.10092124022891714 18 5.063786745071411
0.276 8 0.10711928542438562 16 5.070756912231445
0.276 9 0.07806234187429352 16 5.293276071548462
0.28400000000000003 0 0.08142593357513007 16 5.688873052597046
0.28400000000000003 1 0.08663599025717339 17 5.400010108947754
0.28400000000000003 2 0.08955303400129111 18 5.397674798965454
0.28400000000000003 3 0.06765406288183137 17 5.2863569259643555
0.28400000000000003 4 0.0923320165137433 17 5.173250198364258
0.28400000000000003 5 0.08249229152287524 18 5.354694366455078
0.28400000000000003 6 0.09842697002788127 16 4.99730110168457
0.28400000000000003 7 0.0858500912799675 16 5.089505434036255
0.28400000000000003 8 0.10944085010574729 16 4.94770359992981
0.28400000000000003 9 0.08052828803141694 17 5.343670606613159
0.29200000000000004 0 0.08153236977730793 17 5.322565317153931
0.29200000000000004 1 0.07646044758352284 16 5.146110534667969
0.29200000000000004 2 0.0911543860072933 17 5.051512002944946
0.29200000000000004 3 0.08869557085139047 17 5.197349786758423
0.29200000000000004 4 0.1055605402015134 16 5.043933153152466
0.29200000000000004 5 0.08096087588820308 18 4.993964672088623
0.29200000000000004 6 0.0713047557926833 18 5.339187383651733
0.29200000000000004 7 0.09859179994692119 17 5.060505628585815
0.29200000000000004 8 0.07411993538197362 17 5.425930500030518
0.29200000000000004 9 0.08414441178681648 18 5.346276044845581
0.30000000000000004 0 0.07910297959492696 18 5.073957681655884
0.30000000000000004 1 0.08043678151096895 18 4.954798460006714
0.30000000000000004 2 0.08002626335633246 17 5.291922092437744
0.30000000000000004 3 0.0732985236707311 16 5.300116300582886
0.30000000000000004 4 0.08605481563145113 17 5.2864673137664795
0.30000000000000004 5 0.07668879785412856 18 5.516704797744751
0.30000000000000004 6 0.08307762852386454 18 5.166283130645752
0.30000000000000004 7 0.06412871531783743 18 5.167680501937866
0.30000000000000004 8 0.08637103341691779 17 5.10768723487854
0.30000000000000004 9 0.07345189552989786 16 5.184264898300171
0.30800000000000005 0 0.060480519162493813 18 5.350291013717651
0.30800000000000005 1 0.055051248800510155 16 5.449191093444824
0.30800000000000005 2 0.0698520787330438 18 5.4051384925842285
0.30800000000000005 3 0.08227400575398847 16 6.10046124458313
0.30800000000000005 4 0.07841253410807361 17 5.430342197418213
0.30800000000000005 5 0.06903208247841709 15 7.128862380981445
0.30800000000000005 6 0.07392347513384874 17 5.873372793197632
0.30800000000000005 7 0.07539188170998681 16 5.901248216629028
0.30800000000000005 8 0.07802997456856556 18 5.789806604385376
0.30800000000000005 9 0.06894801190574164 16 5.7554380893707275
0.316 0 0.084028687357416 16 5.73140025138855
0.316 1 0.06965759828722853 18 6.1325905323028564
0.316 2 0.08790506758253318 17 6.782127618789673
0.316 3 0.07807343272712583 16 5.9068896770477295
0.316 4 0.07166891535770226 18 5.40064811706543
0.316 5 0.056642847115522046 18 5.949892044067383
0.316 6 0.05291536600347913 16 5.766160488128662
0.316 7 0.08046070031725025 17 5.68506121635437
0.316 8 0.07443165036443117 16 5.954647064208984
0.316 9 0.06925132857635043 18 6.1677446365356445
0.324 0 0.0438741362052138 18 5.992279291152954
0.324 1 0.070455123994932 18 5.865897178649902
0.324 2 0.05336240171246298 17 5.409776210784912
0.324 3 0.04534369494211025 17 5.764714002609253
0.324 4 0.06847469903203475 16 7.257477283477783
0.324 5 0.06075624112719412 17 5.790236473083496
0.324 6 0.055928138402579944 18 5.692663192749023
0.324 7 0.06729689727418896 17 6.313865900039673
0.324 8 0.0709414943579434 17 6.219941854476929
0.324 9 0.06646374178294931 18 6.147365093231201
0.332 0 0.07789079770436952 17 6.002623558044434
0.332 1 0.06250174051855192 18 6.513831615447998
0.332 2 0.07210695599414806 18 5.950847148895264
0.332 3 0.0596248124940582 18 5.953428030014038
0.332 4 0.061502916667798224 17 5.476045846939087
0.332 5 0.07886437169248375 16 5.691206693649292
0.332 6 0.06733058557873828 18 6.275875091552734
0.332 7 0.04580326001614863 17 5.403193235397339
0.332 8 0.06853009736396647 17 5.6222288608551025
0.332 9 0.06086367839158092 16 5.688883066177368
0.33999999999999997 0 0.05622734948732249 18 5.809693098068237
0.33999999999999997 1 0.06978023888791102 16 5.5212414264678955
0.33999999999999997 2 0.06524161892461611 17 5.575314521789551
0.33999999999999997 3 0.0638536917284636 18 5.461184740066528
0.33999999999999997 4 0.06291882348107589 18 5.715837001800537
0.33999999999999997 5 0.05487097361139693 18 5.692311525344849
0.33999999999999997 6 0.055212689508196744 18 5.61808967590332
0.33999999999999997 7 0.06695695930911463 17 5.372857332229614
0.33999999999999997 8 0.06976835072296352 18 5.399588346481323
0.33999999999999997 9 0.06195167498035699 17 5.400664329528809
0.348 0 0.05065810830305772 17 6.4786107540130615
0.348 1 0.062184013118912605 18 5.507493495941162
0.348 2 0.06043537789867436 17 5.454920053482056
0.348 3 0.05484713867368803 17 5.583751678466797
0.348 4 0.0659950704421212 17 5.621505975723267
0.348 5 0.06441812478982868 17 5.344058036804199
0.348 6 0.06582414366274474 17 5.560432195663452
0.348 7 0.05082512135018554 17 5.4152772426605225
0.348 8 0.04922600722047883 18 5.480276346206665
0.348 9 0.07880863225697668 17 5.622689485549927
0.356 0 0.05668649650186789 18 5.559441566467285
0.356 1 0.04839202066577402 19 5.602854013442993
0.356 2 0.04874912528458465 18 5.5731072425842285
0.356 3 0.053787272537167516 18 5.35482382774353
0.356 4 0.07557231026973542 17 5.528017044067383
0.356 5 0.060391954275361155 18 5.354173898696899
0.356 6 0.05153617057834032 16 5.613298177719116
0.356 7 0.05466859895569213 17 5.564113616943359
0.356 8 0.05412904607156448 18 5.4637110233306885
0.356 9 0.06486267633275468 16 5.665693521499634
0.364 0 0.04492081485152406 18 5.940329313278198
0.364 1 0.06292397080995409 18 5.917609453201294
0.364 2 0.05464424054143099 18 6.009410858154297
0.364 3 0.034532339309198044 17 5.62419056892395
0.364 4 0.04743216088360626 18 5.900522708892822
0.364 5 0.04310108570828367 18 5.787834644317627
0.364 6 0.05017402993661217 19 5.827233791351318
0.364 7 0.05402188565819703 18 5.687330007553101
0.364 8 0.03723082344064365 17 5.713639497756958
0.364 9 0.04251689800876861 18 6.036092758178711
0.372 0 0.04900107614795193 18 5.8640828132629395
0.372 1 0.035468260714424785 17 5.754061222076416
0.372 2 0.04995561068577287 17 5.821751117706299
0.372 3 0.037087082853105795 18 5.850782871246338
0.372 4 0.050137281302090345 19 5.797923803329468
0.372 5 0.0531600740750298 16 5.699401378631592
0.372 6 0.046816249960935856 18 5.998518228530884
0.372 7 0.035190322783417674 19 5.807392120361328
0.372 8 0.0403808486184569 17 5.802935600280762
0.372 9 0.05559386787303323 19 5.885504484176636
0.38 0 0.035659383744617176 18 5.861003398895264
0.38 1 0.049153871651962784 19 6.038719892501831
0.38 2 0.05465657048990792 18 5.8556602001190186
0.38 3 0.03453029211678939 17 5.638443470001221
0.38 4 0.045630373631775 18 5.63505744934082
0.38 5 0.039432710877041824 18 5.757719278335571
0.38 6 0.03877336603546067 18 5.729133367538452
0.38 7 0.04252006710488262 18 5.7780725955963135
0.38 8 0.037948505280592515 18 5.710623741149902
0.38 9 0.042635521605807455 19 6.06331729888916
0.388 0 0.03620265238297513 17 5.747754096984863
0.388 1 0.04420878980658457 18 5.8838794231414795
0.388 2 0.03938415801687181 19 5.986492156982422
0.388 3 0.03939683334913306 18 5.608283519744873
0.388 4 0.03273446957616981 19 5.807617425918579
0.388 5 0.046483244817771704 17 5.876047611236572
0.388 6 0.03671285656405524 16 5.655368328094482
0.388 7 0.037073925536137156 18 6.410794496536255
0.388 8 0.04631640657808503 17 5.841726064682007
0.388 9 0.037244565069284155 17 5.649555206298828
0.396 0 0.0403997315121474 18 5.74667763710022
0.396 1 0.032140156137383594 17 5.978333473205566
0.396 2 0.029048390380321268 19 5.8935301303863525
0.396 3 0.03991483784477829 18 5.819533586502075
0.396 4 0.038118665769186814 18 5.7828967571258545
0.396 5 0.04599774565435371 18 6.119677782058716
0.396 6 0.03857812885215143 18 5.8208229541778564
0.396 7 0.04263267254805796 17 5.6297383308410645
0.396 8 0.028020762251452138 18 5.60419487953186
0.396 9 0.0315253215536144 17 5.925273656845093
0.404 0 0.02540008751376158 18 5.882169961929321
0.404 1 0.0394073905129205 17 5.6304285526275635
0.404 2 0.033026983532700255 18 5.665332794189453
0.404 3 0.03999471485163929 17 5.691586971282959
0.404 4 0.03741527930197291 17 6.0435285568237305
0.404 5 0.02800735543405776 18 5.685071229934692
0.404 6 0.034878276980914724 18 5.8255696296691895
0.404 7 0.035733083452235935 19 5.7074055671691895
0.404 8 0.038200926395306985 17 5.581037998199463
0.404 9 0.037911926757046015 18 5.785026788711548
0.41200000000000003 0 0.03388740553742732 17 5.907543420791626
0.41200000000000003 1 0.03852663805227345 18 5.907938003540039
0.41200000000000003 2 0.038589352857722664 17 5.863186597824097
0.41200000000000003 3 0.028663413975185934 17 5.875037670135498
0.41200000000000003 4 0.035028124518382116 18 5.9971764087677
0.41200000000000003 5 0.03213696076605459 17 6.0462095737457275
0.41200000000000003 6 0.030992096294380822 18 5.7066521644592285
0.41200000000000003 7 0.02649223563261717 18 5.892653942108154
0.41200000000000003 8 0.02633760648241144 18 5.978540658950806
0.41200000000000003 9 0.03547625548770739 18 6.0001380443573
0.42000000000000004 0 0.030076098752471147 17 5.847477912902832
0.42000000000000004 1 0.029803002226699318 17 6.126070499420166
0.42000000000000004 2 0.03282819927688171 17 5.921159982681274
0.42000000000000004 3 0.03075783995670456 19 5.916121482849121
0.42000000000000004 4 0.032815067136257266 18 6.080739259719849
0.42000000000000004 5 0.029318490028333505 16 5.547699928283691
0.42000000000000004 6 0.030289571428858488 17 5.848004102706909
0.42000000000000004 7 0.02773712048200531 18 5.665769100189209
0.42000000000000004 8 0.030009703970671004 18 5.838463306427002
0.42000000000000004 9 0.029590056476296537 18 5.826425313949585
0.42800000000000005 0 0.02455177000045407 19 5.908600807189941
0.42800000000000005 1 0.03504310818733701 18 5.6008076667785645
0.42800000000000005 2 0.02674776894992917 19 5.711249113082886
0.42800000000000005 3 0.028065232940219394 18 5.974988698959351
0.42800000000000005 4 0.02586893989089587 18 6.215769052505493
0.42800000000000005 5 0.01911796255626437 18 5.74801778793335
0.42800000000000005 6 0.02399924706001539 19 5.76738166809082
0.42800000000000005 7 0.03294667420895413 17 5.71554708480835
0.42800000000000005 8 0.022579654236072617 17 5.813484191894531
0.42800000000000005 9 0.03346257716350453 17 5.99926233291626
0.43600000000000005 0 0.02830677223699645 17 5.771727561950684
0.43600000000000005 1 0.023658285116700702 17 5.722154855728149
0.43600000000000005 2 0.027110044721531494 17 5.692605257034302
0.43600000000000005 3 0.024157175070464533 18 5.864588022232056
0.43600000000000005 4 0.021134825491502182 18 5.822412967681885
0.43600000000000005 5 0.026845440410354072 18 5.610229253768921
0.43600000000000005 6 0.017288446193041252 18 5.566142797470093
0.43600000000000005 7 0.029310887026324887 16 5.702399015426636
0.43600000000000005 8 0.02152535452128708 19 5.773680925369263
0.43600000000000005 9 0.0286356505017859 16 5.499250411987305
0.44400000000000006 0 0.03011771635120939 17 5.650076389312744
0.44400000000000006 1 0.028953301523700133 19 5.809987306594849
0.44400000000000006 2 0.02770123921040798 17 5.855870485305786
0.44400000000000006 3 0.021684218558991237 18 5.863645792007446
0.44400000000000006 4 0.024758566200973657 18 5.659052848815918
0.44400000000000006 5 0.02174086280178137 17 5.933379173278809
0.44400000000000006 6 0.029227151096271508 19 5.862773180007935
0.44400000000000006 7 0.024057711360574014 16 5.836550235748291
0.44400000000000006 8 0.024243895215160526 18 5.864804744720459
0.44400000000000006 9 0.025400783279648707 18 5.75710654258728
0.45199999999999996 0 0.025046758884387836 18 5.882750988006592
0.45199999999999996 1 0.02747505551559974 17 5.79710578918457
0.45199999999999996 2 0.023545859472869732 16 6.061856746673584
0.45199999999999996 3 0.012918432634643429 20 6.079359531402588
0.45199999999999996 4 0.021072226533786462 18 5.72306752204895
0.45199999999999996 5 0.021402595873488608 18 6.041780233383179
0.45199999999999996 6 0.021723001062790286 18 5.820404767990112
0.45199999999999996 7 0.014364299287161705 18 6.0169830322265625
0.45199999999999996 8 0.019216699283374775 19 5.649573564529419
0.45199999999999996 9 0.02021321857214923 18 6.819698810577393
0.45999999999999996 0 0.020101181434515638 18 6.422479152679443
0.45999999999999996 1 0.026941333594195694 18 7.076988935470581
0.45999999999999996 2 0.02439122398896309 17 7.076277494430542
0.45999999999999996 3 0.017636440315420807 17 7.0542402267456055
0.45999999999999996 4 0.008689059687643686 17 6.86213493347168
0.45999999999999996 5 0.010784612730866547 17 6.840600252151489
0.45999999999999996 6 0.013703608855758925 18 7.136620998382568
0.45999999999999996 7 0.019873836390169052 18 7.336092948913574
0.45999999999999996 8 0.013343465393000803 18 6.818997859954834
0.45999999999999996 9 0.02302635416226791 18 6.642817735671997
0.46799999999999997 0 0.018119886621687523 17 5.843300819396973
0.46799999999999997 1 0.018540901392986957 18 6.420895099639893
0.46799999999999997 2 0.015750416551459572 17 5.824129581451416
0.46799999999999997 3 0.019595754666499484 18 6.153792381286621
0.46799999999999997 4 0.022130170520809803 19 5.794806957244873
0.46799999999999997 5 0.014068669576833932 17 5.835826873779297
0.46799999999999997 6 0.008860159819308343 19 5.7109925746917725
0.46799999999999997 7 0.02003933692791482 17 5.5611443519592285
0.46799999999999997 8 0.01764758567236423 18 5.7872161865234375
0.46799999999999997 9 0.017216503454006524 18 5.6706578731536865
0.476 0 0.014414344533439464 16 5.561647176742554
0.476 1 0.018037095993885633 18 5.64219069480896
0.476 2 0.011192455155513415 18 6.101124286651611
0.476 3 0.011594511710906983 19 5.982048988342285
0.476 4 0.011977635861612787 17 5.8045737743377686
0.476 5 0.015181480981291335 17 5.723891973495483
0.476 6 0.012133607792071151 17 5.720085144042969
0.476 7 0.017742979884192447 18 5.715926647186279
0.476 8 0.01660484384797095 18 5.742743253707886
0.476 9 0.01264674904648829 16 5.947568655014038
0.484 0 0.00947269750190161 17 5.80353307723999
0.484 1 0.010883545480962993 19 5.788073539733887
0.484 2 0.017663556014289244 17 5.571183919906616
0.484 3 0.021403695142338898 18 6.137835502624512
0.484 4 0.013042535808811968 18 5.774537563323975
0.484 5 0.013456478823183257 19 5.719053268432617
0.484 6 0.011158837641225446 18 5.739144802093506
0.484 7 0.011222299779850885 18 5.999765872955322
0.484 8 0.009665144872883875 19 5.821382284164429
0.484 9 0.010203691049814247 18 5.8141632080078125
0.492 0 0.012953652792081962 19 5.964876651763916
0.492 1 0.011310055563832366 18 5.668449878692627
0.492 2 0.011401014746332738 18 5.7724223136901855
0.492 3 0.018772477307153392 19 5.815272092819214
0.492 4 0.013630927090028354 19 5.891041994094849
0.492 5 0.017685667981877692 18 5.769175052642822
0.492 6 0.008386312395654185 18 5.859700679779053
0.492 7 0.02029635877948722 18 5.766003131866455
0.492 8 0.011169135820101223 19 5.657951831817627
0.492 9 0.012393478524139741 17 5.848538398742676
0.5 0 0.015069739129251615 20 6.086987495422363
0.5 1 0.010299208247699254 17 5.8256378173828125
0.5 2 0.013295073744263829 19 5.926352500915527
0.5 3 0.018382211731301567 18 5.731410026550293
0.5 4 0.011412323355370556 19 5.713267087936401
0.5 5 0.020611425603951496 19 5.963167905807495
0.5 6 0.012962310176465881 17 5.725950002670288
0.5 7 0.012883705283431439 19 6.286722660064697
0.5 8 0.015020942785539611 17 5.8097734451293945
0.5 9 0.014332405280165904 19 5.947720050811768
0.508 0 0.008221384041659027 18 5.718106269836426
0.508 1 0.012846236639704595 18 5.812894582748413
0.508 2 0.0076404595995124445 18 6.1098127365112305
0.508 3 0.01412365344298254 19 5.754510879516602
0.508 4 0.012997425793500507 19 5.877817630767822
0.508 5 0.010515905704580284 19 6.121480464935303
0.508 6 0.00611035579704268 16 5.785306215286255
0.508 7 0.012990566190863431 19 5.7956154346466064
0.508 8 0.0032113168082858294 17 5.963484764099121
0.508 9 0.007582060193439334 17 6.004138469696045
0.516 0 0.0094821246650734 19 5.720643043518066
0.516 1 0.012979202921407878 18 5.7915637493133545
0.516 2 0.011303390754674191 19 5.842849969863892
0.516 3 0.008114129316247254 17 5.677659511566162
0.516 4 0.00901060982662892 19 5.900201797485352
0.516 5 0.014295184036143615 18 5.870864152908325
0.516 6 0.010995921746282625 18 5.618057012557983
0.516 7 0.008899455936289975 19 5.894734144210815
0.516 8 0.007421094663771901 18 5.776068449020386
0.516 9 0.01086781892610269 17 5.6995038986206055
0.524 0 0.005544788528561329 18 5.847078800201416
0.524 1 0.00461700516204586 18 5.558093786239624
0.524 2 0.006008467415585386 18 5.831265687942505
0.524 3 0.00636130498719169 18 5.726637601852417
0.524 4 0.009256453083726163 18 5.639407157897949
0.524 5 0.010614680617860563 18 5.880760431289673
0.524 6 0.009759893264717334 19 5.782650947570801
0.524 7 0.007162706989694072 17 5.766027450561523
0.524 8 0.008914607448246322 19 5.9840006828308105
0.524 9 0.01096718433465745 18 5.825003147125244
0.532 0 0.008972567213738701 19 5.787896633148193
0.532 1 0.005363391899614557 19 5.774620294570923
0.532 2 0.010427868187055109 18 5.6942174434661865
0.532 3 0.007614457835769484 19 5.781357288360596
0.532 4 0.008061371718745323 18 6.037348508834839
0.532 5 0.0074183868625827066 17 5.671399831771851
0.532 6 0.0067917635753933295 17 5.506813049316406
0.532 7 0.006031068165462615 18 5.595245838165283
0.532 8 0.007012768855346311 18 5.690844297409058
0.532 9 0.0056487548582405 18 6.681568384170532
0.54 0 0.006636047241870067 17 6.485679626464844
0.54 1 0.009311175634527429 17 6.192663669586182
0.54 2 0.011892209733226883 20 6.192716598510742
0.54 3 0.010158112026612215 17 5.835431337356567
0.54 4 0.004082512087217621 19 5.972368955612183
0.54 5 0.005316142863395579 18 5.543448209762573
0.54 6 0.007936718659365518 18 5.649937868118286
0.54 7 0.00874778800727541 18 5.795893907546997
0.54 8 0.005935503786254622 18 5.686541557312012
0.54 9 0.007677749284811096 18 5.896295785903931
0.548 0 0.006700953214160882 17 5.704324960708618
0.548 1 0.008791475261908098 18 5.6195902824401855
0.548 2 0.006138336665754263 17 5.914328575134277
0.548 3 0.0067009610294711955 19 5.648252010345459
0.548 4 0.004829227030713027 18 5.59547758102417
0.548 5 0.010579430411422073 19 5.8528008460998535
0.548 6 0.005429748558985936 18 5.590743064880371
0.548 7 0.006500330432831753 20 5.937620162963867
0.548 8 0.001744095731063833 18 5.854445934295654
0.548 9 0.009141940641272148 18 5.856198787689209
0.556 0 0.006290492628426673 17 6.051986932754517
0.556 1 0.0053208667327112645 20 6.015981197357178
0.556 2 0.006951582966505286 17 6.269282341003418
0.556 3 0.007093373157442219 17 5.78477668762207
0.556 4 0.005753278358456289 18 5.872179746627808
0.556 5 0.004106805976801486 18 5.826526403427124
0.556 6 0.005407623295452504 18 5.8543925285339355
0.556 7 0.00824912120903356 17 5.8049750328063965
0.556 8 0.0025578835625741426 17 5.733340740203857
0.556 9 0.007850557981912518 17 5.409552574157715
0.5640000000000001 0 0.002333585551077137 20 5.518254041671753
0.5640000000000001 1 0.00925745962879983 17 5.587629556655884
0.5640000000000001 2 0.003165397337605744 18 5.648525238037109
0.5640000000000001 3 0.003657108591712517 19 5.694015979766846
0.5640000000000001 4 0.002831336311556109 18 5.6455771923065186
0.5640000000000001 5 0.006595451868297149 18 5.811747074127197
0.5640000000000001 6 0.004217177273114126 19 5.948504209518433
0.5640000000000001 7 0.004145520555999036 17 5.778433561325073
0.5640000000000001 8 0.0010490534697486246 18 5.767871141433716
0.5640000000000001 9 0.006202570210981098 19 5.949678421020508
0.5720000000000001 0 0.0031139574837421836 17 5.827820539474487
0.5720000000000001 1 0.003770686836604533 19 5.8325440883636475
0.5720000000000001 2 0.003999261933688134 17 5.772045135498047
0.5720000000000001 3 0.003507579735235444 18 5.735947370529175
0.5720000000000001 4 0.001968015734038578 19 5.638702630996704
0.5720000000000001 5 0.00621857904698299 18 6.281942367553711
0.5720000000000001 6 0.005734499106121705 18 6.106770277023315
0.5720000000000001 7 0.003042500456676558 18 6.489095449447632
0.5720000000000001 8 0.0055879569751061875 19 6.021347284317017
0.5720000000000001 9 0.004295656464126107 18 5.0810980796813965
0.58 0 0.00443208968360387 19 5.154775381088257
0.58 1 0.005379917277440601 17 5.0490334033966064
0.58 2 0.0012223477511965632 17 4.936416864395142
0.58 3 0.0040922617661274625 17 5.271686553955078
0.58 4 0.0009455551743039622 18 5.238152742385864
0.58 5 0.00206021830383695 18 4.888542652130127
0.58 6 0.004006608791471936 18 4.825477123260498
0.58 7 0.005006918017203754 18 4.806798458099365
0.58 8 0.008443129734435789 19 4.7416112422943115
0.58 9 0.002241235078114438 17 4.749847888946533
0.588 0 0.0030816132495167015 19 4.788370132446289
0.588 1 0.004580137046383652 18 4.725878477096558
0.588 2 0.003599885768645387 19 4.841065406799316
0.588 3 0.0037614564883118513 18 4.821468114852905
0.588 4 0.00303913228409978 19 4.75114631652832
0.588 5 0.0013657830352195553 18 4.831716537475586
0.588 6 0.002184260171404674 17 4.766766309738159
0.588 7 0.0019441919630788574 17 4.619030714035034
0.588 8 0.002496122568050441 18 4.690126419067383
0.588 9 0.0024561655272465482 19 4.641855001449585
0.596 0 0.004799431671666827 18 4.789451599121094
0.596 1 0.0034972943584002116 17 4.763958930969238
0.596 2 0.004088277333901359 19 4.8756139278411865
0.596 3 0.0048255524993127815 17 4.56892991065979
0.596 4 0.0032954114744357305 18 4.789474248886108
0.596 5 0.0032500205426243376 18 4.736705303192139
0.596 6 0.004247118113207542 18 4.702501535415649
0.596 7 0.0016671002538094066 19 4.676260232925415
0.596 8 0.0048952583825510034 18 4.665688514709473
0.596 9 0.007568558458155952 18 4.613784313201904
0.604 0 0.003336038958796304 18 4.681954622268677
0.604 1 0.002816345728391286 17 4.544920921325684
0.604 2 0.002816720713507862 18 4.741382837295532
0.604 3 0.0005699671619749751 19 4.852535724639893
0.604 4 0.004729084156548627 19 4.892826795578003
0.604 5 0.002860676437055137 19 4.630919933319092
0.604 6 0.003881739868870957 17 4.633389472961426
0.604 7 0.003926856533269169 20 4.754647254943848
0.604 8 0.00245834177116796 18 4.76894998550415
0.604 9 0.0008834815150863973 18 4.638166427612305
0.612 0 0.0027110966060767986 19 4.713022947311401
0.612 1 0.0031261040233034614 19 4.654925346374512
0.612 2 0.003392517121130685 18 4.590136528015137
0.612 3 0.003948420062561435 19 4.830924987792969
0.612 4 0.0023014671744365496 19 4.95950984954834
0.612 5 0.005042456055426741 18 4.722705125808716
0.612 6 0.003554563055274841 19 4.992639064788818
0.612 7 0.0033327850718285488 19 4.7932281494140625
0.612 8 0.002652082919868225 17 4.7650134563446045
0.612 9 0.003571439289334255 19 4.808403730392456
0.62 0 0.002965508675525027 19 4.694856882095337
0.62 1 -3.922366346010854e-05 18 4.6019182205200195
0.62 2 0.0013452061154337995 19 4.888081312179565
0.62 3 0.0017072456910882203 18 4.625298261642456
0.62 4 0.004450931378448313 18 4.71650505065918
0.62 5 0.0028186771130494065 19 4.744012355804443
0.62 6 0.0030915937930574297 19 4.803103923797607
0.62 7 0.003523631026866841 20 4.903041839599609
0.62 8 0.002738150667476595 19 4.685449600219727
0.62 9 0.0028996803618761115 19 4.808644533157349
0.628 0 0.000970542239244204 19 4.585829257965088
0.628 1 0.00615434846105385 19 4.721710205078125
0.628 2 0.0033376021867641166 19 4.666313409805298
0.628 3 0.0013109435560060578 19 4.617604732513428
0.628 4 0.002210821099995061 19 4.667235374450684
0.628 5 0.00440780578961201 17 4.499258995056152
0.628 6 0.003966997836802807 18 4.71466851234436
0.628 7 0.0013578494183450732 19 4.708773374557495
0.628 8 0.002720696927812512 17 4.755338907241821
0.628 9 0.001598752385804064 19 4.797540187835693
0.636 0 0.0007647868653723925 17 4.650975465774536
0.636 1 0.0014349808680134215 18 4.69560170173645
0.636 2 0.002715701360971611 18 4.72415018081665
0.636 3 0.0026028380549252923 20 4.874072790145874
0.636 4 0.00248676113098045 18 4.6303088665008545
0.636 5 0.001418247057222158 19 4.86990213394165
0.636 6 0.0010423046649863975 18 4.976049184799194
0.636 7 0.004429893959760949 19 5.076927900314331
0.636 8 0.0013941623616206792 18 5.3175575733184814
0.636 9 0.0030077822709755346 19 5.613986968994141
0.644 0 0.0015969403580227291 19 5.105663776397705
0.644 1 0.004384779522433935 18 5.25873064994812
0.644 2 0.004124464776479844 18 6.292026996612549
0.644 3 0.0012645729849311844 18 5.648418426513672
0.644 4 0.002101379706736416 17 5.571249723434448
0.644 5 0.004118426443715032 17 5.573953151702881
0.644 6 0.004053298778186658 19 5.6566314697265625
0.644 7 0.0025299893350463915 18 4.997911214828491
0.644 8 0.0020898466521241314 19 5.2721452713012695
0.644 9 0.0026893564632756986 17 5.4616546630859375
0.652 0 0.00026389475624357094 19 5.501039505004883
0.652 1 0.0047014302235032735 18 5.404116153717041
0.652 2 0.0026051071634433684 18 5.620286703109741
0.652 3 0.003084347161478893 19 6.02268123626709
0.652 4 0.003343433424665946 19 5.427978038787842
0.652 5 0.0014886867571468469 18 5.686066389083862
0.652 6 0.003869669269718486 19 6.050328254699707
0.652 7 0.0024603496602820267 19 5.835809946060181
0.652 8 0.001240953514532344 19 6.614485502243042
0.652 9 0.0019932024303761483 18 6.277678489685059
0.66 0 0.001515986415405296 19 5.834322214126587
0.66 1 0.0002494188401604614 19 5.602798938751221
0.66 2 0.0008157057626013804 19 5.8084938526153564
0.66 3 0.002109288442165427 19 5.742110013961792
0.66 4 0.001066993569352645 19 5.788437366485596
0.66 5 0.002833247463229664 19 5.609500169754028
0.66 6 0.0003071781381102874 18 5.934645414352417
0.66 7 0.004512653528599733 18 5.701383352279663
0.66 8 0.004597252337960977 18 5.532553672790527
0.66 9 0.0008335695321549982 19 5.702405691146851
0.668 0 0.0019333326762414197 17 5.51384425163269
0.668 1 0.003253930196255442 18 5.669860363006592
0.668 2 0.0039460555019660845 19 5.616982936859131
0.668 3 0.0033982066914995694 18 5.750401258468628
0.668 4 0.0020412387532818413 19 5.965595483779907
0.668 5 0.005252889913779555 20 6.1669886112213135
0.668 6 0.0010408871187092843 18 5.48586630821228
0.668 7 0.0020202702705500756 19 5.582250595092773
0.668 8 -0.0004193688645653644 19 5.785127639770508
0.668 9 0.0014467665322441092 18 5.655246019363403
0.676 0 0.00018647028257727657 19 5.507122993469238
0.676 1 0.002989513316699003 19 5.531309604644775
0.676 2 0.001806846359370983 19 5.592329502105713
0.676 3 0.0027557755309552297 19 5.654523611068726
0.676 4 0.0020540793728002394 20 5.499905109405518
0.676 5 0.0007788852300751985 19 6.046002388000488
0.676 6 0.003165237096543373 18 5.369273662567139
0.676 7 0.002022956952925392 18 5.889947891235352
0.676 8 0.0011530301832653347 18 6.173780918121338
0.676 9 0.0016539351738118716 18 6.613349437713623
0.6839999999999999 0 0.0031034224607487913 19 6.206377267837524
0.6839999999999999 1 0.0015111203029491847 18 5.707876920700073
0.6839999999999999 2 0.002302763849020659 18 5.392820358276367
0.6839999999999999 3 -0.00043814847070191903 18 5.4618308544158936
0.6839999999999999 4 0.001456857291379146 20 5.344581127166748
0.6839999999999999 5 0.0026266328976822712 19 5.42356276512146
0.6839999999999999 6 0.003479679283509927 18 5.122328042984009
0.6839999999999999 7 0.0019023730382410967 19 4.957293748855591
0.6839999999999999 8 0.0024022957684586006 19 4.782740831375122
0.6839999999999999 9 0.001462041509126355 19 5.248879671096802
0.692 0 0.0019077334817973377 18 5.18766188621521
0.692 1 0.0022657569894885855 20 5.360633850097656
0.692 2 0.0006703306613418799 18 5.146392583847046
0.692 3 0.0030704472771867462 17 5.295546054840088
0.692 4 0.0018144644211277924 19 5.042933940887451
0.692 5 0.0009995604225428146 19 5.509787321090698
0.692 6 0.002626296685647976 19 5.696785926818848
0.692 7 0.0022527876704992555 19 5.5563414096832275
0.692 8 0.0011790466885272966 19 5.98696494102478
0.692 9 0.0016932228982962131 18 5.576131105422974
0.7 0 0.0014037645359834335 19 6.207287549972534
0.7 1 0.0013142812075569515 20 5.767005443572998
0.7 2 0.00013264068481577722 18 5.830264329910278
0.7 3 0.0016654167401868706 17 5.887126684188843
0.7 4 -0.00040024054310249316 19 5.909228563308716
0.7 5 0.0012985351547498115 18 5.737895965576172
0.7 6 0.0019320732272423559 19 5.720000743865967
0.7 7 0.0021773483044707103 18 5.9964280128479
0.7 8 -0.00033483916692438075 18 5.665560007095337
0.7 9 0.0024479010199999446 19 6.067038059234619
0.708 0 -0.00016017379549460863 19 5.920942068099976
0.708 1 0.0003769357450856303 19 5.64660120010376
0.708 2 0.0009693689004521623 18 5.528409957885742
0.708 3 0.0014664356228780795 18 5.481916427612305
0.708 4 0.0021387165363472237 20 5.399078130722046
0.708 5 0.001126787421059066 20 5.5494561195373535
0.708 6 0.002722397665969376 18 5.197960138320923
0.708 7 0.005063741934555652 18 5.067785263061523
0.708 8 0.00032127988265845175 19 5.3861424922943115
0.708 9 0.0016710797442091164 18 5.275819301605225
0.716 0 0.00040178644304442076 18 5.261075258255005
0.716 1 0.001305220261518079 18 5.185467958450317
0.716 2 0.0006828100833942281 20 5.1886374950408936
0.716 3 0.002136354657921501 18 5.1223838329315186
0.716 4 0.0013445792036657354 19 5.310816049575806
0.716 5 0.002468894710501467 19 5.348694324493408
0.716 6 0.00167540111724734 18 5.1826348304748535
0.716 7 0.0003326242246134216 18 5.246594190597534
0.716 8 0.00041644357808200247 19 5.209633827209473
0.716 9 0.0012735362412141181 19 5.425865173339844
0.724 0 0.00030193333422512094 19 5.375548601150513
0.724 1 0.003499253726515025 19 5.330125093460083
0.724 2 0.0018621367885088605 20 5.4667627811431885
0.724 3 0.0020405652011679836 18 5.342868804931641
0.724 4 0.002948132167390612 20 5.4541261196136475
0.724 5 0.0005973539705956035 19 5.364948987960815
0.724 6 -0.00039075908823909357 19 5.485422372817993
0.724 7 0.000408075520816021 20 5.330014705657959
0.724 8 0.0002728827946340527 19 5.4093053340911865
0.724 9 0.0009346890357296604 18 5.388814926147461
0.732 0 0.00018100213079705059 19 5.324375867843628
0.732 1 0.0020445382001670074 18 5.4406373500823975
0.732 2 0.0015045997917749708 18 5.406001091003418
0.732 3 0.0007009584971944786 20 5.394803047180176
0.732 4 0.0003488374526942223 18 5.203592538833618
0.732 5 0.0003609222062898422 20 5.6592676639556885
0.732 6 0.0008370355478424866 19 5.358779191970825
0.732 7 0.0010487320276858308 18 7.007552862167358
0.732 8 0.0011554262740675048 20 5.341550588607788
0.732 9 -1.8471854833695385e-06 19 5.324054956436157
0.74 0 0.003465140944015987 19 5.380658388137817
0.74 1 0.00045247417881199014 19 5.392273426055908
0.74 2 0.0005577282120051109 18 5.4881064891815186
0.74 3 0.001645524706039398 20 5.486710071563721
0.74 4 0.0003391654646560751 18 5.245441675186157
0.74 5 0.000913016084538623 18 5.429060459136963
0.74 6 0.0006944173305560804 20 5.355247497558594
0.74 7 0.0014283436828581174 18 5.3716161251068115
0.74 8 0.0011920640614777721 19 5.270934581756592
0.74 9 0.0012255034278872818 19 5.500013828277588
0.748 0 0.000636254268883068 19 5.354586839675903
0.748 1 0.0009183753030945276 17 5.413348197937012
0.748 2 0.002107440219210289 18 5.631352186203003
0.748 3 0.00018784140433446254 20 5.448520660400391
0.748 4 -0.0007234323303987693 19 5.429772138595581
0.748 5 0.0010367265182676991 18 5.048831939697266
0.748 6 -0.00022311595556467084 20 5.277060508728027
0.748 7 -2.266134741669492e-05 19 5.390156507492065
0.748 8 0.0019953849378969678 18 5.315587520599365
0.748 9 0.0004345630175326587 19 5.432900428771973
0.756 0 0.0001149774573609127 19 5.462379455566406
0.756 1 0.0006843449943778091 19 5.362881183624268
0.756 2 0.004173527495333976 18 5.321580410003662
0.756 3 0.0031163366342313484 19 5.237894773483276
0.756 4 -0.0002231266544796678 20 5.537333250045776
0.756 5 0.0006187244912912422 20 5.377530097961426
0.756 6 0.00154004539074674 18 5.308266878128052
0.756 7 0.0002970373070917137 17 5.639240026473999
0.756 8 0.0003619343390529932 20 5.464829921722412
0.756 9 0.002375728389396626 19 5.28562331199646
0.764 0 0.0011485554405703546 20 5.57939887046814
0.764 1 0.0019807427876425477 20 5.334394693374634
0.764 2 0.004420036237714673 18 5.217313528060913
0.764 3 0.00019796160036944464 19 5.528138160705566
0.764 4 -1.0289642528622094e-05 19 5.35386061668396
0.764 5 0.0002049317620409786 20 5.344909906387329
0.764 6 0.00042944704566291487 19 5.462260484695435
0.764 7 0.00014350684541812166 19 5.3102943897247314
0.764 8 -0.0002877417163659513 20 5.279353141784668
0.764 9 0.0019714659168023575 20 5.3737969398498535
0.772 0 0.00042822650989480816 18 5.1884801387786865
0.772 1 0.0006159250533681211 18 5.1590354442596436
0.772 2 0.0006375478342418815 20 5.344121217727661
0.772 3 0.001223588943074733 18 5.287453889846802
0.772 4 0.0006818138876616406 19 5.621788740158081
0.772 5 0.0011312824921776057 19 5.329555988311768
0.772 6 -5.50816125374684e-05 19 5.3960371017456055
0.772 7 -6.0525824674992575e-05 19 5.224506139755249
0.772 8 0.0007172617599847672 19 5.532670974731445
0.772 9 0.0024579816443835996 20 5.32347297668457
0.78 0 0.0006237237740079857 18 5.285928010940552
0.78 1 -0.0001231622020915435 19 5.429813623428345
0.78 2 0.00042122561854245896 18 5.093641996383667
0.78 3 0.001460063433773897 20 5.3930823802948
0.78 4 0.0018828038975673672 19 5.227377414703369
0.78 5 9.768848140855418e-05 20 5.431804895401001
0.78 6 0.000196738065033024 18 5.167007923126221
0.78 7 0.0006838921239411452 19 5.3483757972717285
0.78 8 -0.00039671149714420753 20 5.330601453781128
0.78 9 -0.0002623636081502529 18 5.340179443359375
0.788 0 -0.00030523350563062593 19 5.45602560043335
0.788 1 0.0003899053983553331 20 5.4114532470703125
0.788 2 0.0016315507032719457 19 5.345842361450195
0.788 3 0.0005538867411007746 18 5.3346638679504395
0.788 4 -0.00011286258921028122 18 5.466960191726685
0.788 5 -0.0001551218776434085 19 5.594027519226074
0.788 6 -0.00020145349311903973 19 5.3290722370147705
0.788 7 -4.533717328543935e-05 18 5.243721008300781
0.788 8 0.0009474686134440323 20 5.550649166107178
0.788 9 0.0017794673180054985 19 5.480936527252197
0.796 0 0.00010427960939200326 18 5.358045339584351
0.796 1 -0.00017103862952918788 20 5.408860683441162
0.796 2 0.00017800511502515508 18 5.497080326080322
0.796 3 0.0011258088915127018 19 5.369124889373779
0.796 4 0.0005845592560841694 19 5.286462306976318
0.796 5 5.698421110288479e-06 18 5.227234601974487
0.796 6 0.0013242436430038972 19 5.572625160217285
0.796 7 0.0012210196634079204 19 5.272772550582886
0.796 8 0.0002793481342742506 19 5.369761943817139
0.796 9 0.001084861271067216 18 5.23137903213501
0.8039999999999999 0 0.000920045836784764 19 5.5269317626953125
0.8039999999999999 1 0.00025122756755200493 18 5.241814374923706
0.8039999999999999 2 -0.000629797362000263 19 5.54859733581543
0.8039999999999999 3 -2.454886583294915e-05 19 5.5315842628479
0.8039999999999999 4 0.000859578798809416 21 5.522035598754883
0.8039999999999999 5 1.792852424164558e-05 18 5.348552942276001
0.8039999999999999 6 0.001363180898647123 19 5.453882694244385
0.8039999999999999 7 0.0016995211775883024 20 5.47101616859436
0.8039999999999999 8 -7.059210038958383e-05 18 5.3386664390563965
0.8039999999999999 9 0.0008075428089915257 19 5.409640550613403
0.8119999999999999 0 0.0006686034289444922 20 5.4716620445251465
0.8119999999999999 1 2.0281450683795742e-06 20 5.495507001876831
0.8119999999999999 2 0.000909269184585581 19 5.497327566146851
0.8119999999999999 3 0.00017006502115557692 18 5.394625663757324
0.8119999999999999 4 3.701666907505735e-05 18 5.430296182632446
0.8119999999999999 5 0.0013091260566382888 19 5.380378723144531
0.8119999999999999 6 0.001271194229479378 19 5.230956792831421
0.8119999999999999 7 0.0008275789073032957 21 5.7010393142700195
0.8119999999999999 8 -0.00027845342708524706 19 5.325999021530151
0.8119999999999999 9 0.00046904308861269904 18 5.413812875747681
0.82 0 0.0017104636925391742 19 5.307600736618042
0.82 1 0.0008993506846796627 19 5.410281658172607
0.82 2 0.000927378240510038 18 5.305642127990723
0.82 3 0.0005681102321843042 20 5.640628814697266
0.82 4 0.00024571018670400095 18 5.442035913467407
0.82 5 -4.7484541375211656e-05 19 5.296409368515015
0.82 6 2.3655028774649513e-05 19 5.685060024261475
0.82 7 0.00019602476019359573 18 5.45021653175354
0.82 8 0.0015628056157109091 20 5.377821922302246
0.82 9 -0.0003736534379899455 20 5.637895822525024
0.828 0 0.0002211309078828094 20 5.521498918533325
0.828 1 0.0003559474522020095 20 5.455902338027954
0.828 2 0.0005006346304465593 19 5.331780433654785
0.828 3 0.0006270918330817138 18 5.553840398788452
0.828 4 0.0011855982548209828 19 5.316083192825317
0.828 5 0.000647228956043454 19 5.390827894210815
0.828 6 8.362419234938968e-05 19 5.31441855430603
0.828 7 0.00039978205818399083 18 5.169034957885742
0.828 8 2.0159158543688806e-05 19 5.386850118637085
0.828 9 0.0008226952112618749 19 5.5074543952941895
0.836 0 -2.605398264340291e-05 18 5.313074111938477
0.836 1 0.0010481053445605547 19 5.441885471343994
0.836 2 -0.0006324523119935878 20 5.328984260559082
0.836 3 9.766794459516025e-05 20 5.275989055633545
0.836 4 0.002172578396481666 19 5.465641736984253
0.836 5 0.001181598663609975 21 5.495256423950195
0.836 6 4.155438291734071e-05 19 5.4418182373046875
0.836 7 9.910009000477531e-06 17 5.32994818687439
0.836 8 0.00025616639333696787 20 5.543517112731934
0.836 9 4.4946895513472384e-05 19 5.263441324234009
0.844 0 0.0017735568084613436 19 5.61424708366394
0.844 1 -0.00010841543088815778 19 5.404422044754028
0.844 2 0.0006315954406577309 20 5.346524953842163
0.844 3 0.0002590649696593328 19 5.35055685043335
0.844 4 -5.816477778832658e-05 20 5.503326416015625
0.844 5 0.001054920550780269 20 5.599694728851318
0.844 6 0.0009446831965728 19 5.345893144607544
0.844 7 5.604714400635423e-05 20 5.499508619308472
0.844 8 0.0003184488334100287 19 5.213052988052368
0.844 9 0.00012419112211946512 19 5.28674840927124
0.852 0 0.001011247116271812 20 5.3031134605407715
0.852 1 0.0001292224473024377 19 5.249228477478027
0.852 2 -0.0006019369645302836 19 5.363522291183472
0.852 3 0.000530863300634164 20 5.594489574432373
0.852 4 0.0001560494288491242 19 5.356943607330322
0.852 5 -0.00024047620091090065 19 5.437155485153198
0.852 6 6.611358599556197e-05 19 5.27803111076355
0.852 7 -9.985754767955954e-05 20 5.377047538757324
0.852 8 0.0008987121704059966 19 5.416983604431152
0.852 9 0.0010065018139514426 19 5.310218334197998
0.86 0 -5.1675090940563256e-05 19 5.262577772140503
0.86 1 -0.00016317744697827563 19 5.364880800247192
0.86 2 -0.00048712703035422625 20 5.468288421630859
0.86 3 0.0009059107847749732 19 5.472503662109375
0.86 4 0.0014572043491196895 19 5.2506325244903564
0.86 5 0.002371017132509471 19 5.27571702003479
0.86 6 0.0006617726686519887 20 5.264065265655518
0.86 7 -0.00014265265042655572 19 5.430858612060547
0.86 8 0.0010682912320784494 20 5.40976095199585
0.86 9 0.001436232685770304 20 5.270296335220337
0.868 0 0.0005380763269640456 18 5.554524660110474
0.868 1 0.00043283529161138663 18 5.325235366821289
0.868 2 -0.0001216156443812267 20 5.501828193664551
0.868 3 -0.0005364374867806706 21 5.6275365352630615
0.868 4 0.0006767024962561389 21 5.626163482666016
0.868 5 0.000404185113376878 19 5.487578630447388
0.868 6 -0.00031062579226199204 18 5.2298266887664795
0.868 7 0.00018405506868076518 18 5.42232608795166
0.868 8 -0.0005829214802098265 21 5.477985143661499
0.868 9 0.0025532215040146764 20 5.338371515274048
0.876 0 -0.00047228260998149877 19 5.506235837936401
0.876 1 0.0007862025439829334 19 5.322541236877441
0.876 2 -4.4873440618296544e-05 19 5.616366147994995
0.876 3 -0.0004140262963565259 19 5.412510871887207
0.876 4 0.000594953203761284 19 5.379182815551758
0.876 5 0.0013505531005307983 19 5.557176351547241
0.876 6 -0.0008840829566130824 19 5.505085706710815
0.876 7 0.0008372943026338203 19 5.184300184249878
0.876 8 0.00044306672921768205 20 5.441884994506836
0.876 9 0.00044545925026658474 18 5.463492155075073
0.884 0 0.0005426138220079235 20 5.440619707107544
0.884 1 4.316957003288667e-05 18 5.343478202819824
0.884 2 -0.0001333371079420817 19 5.521139144897461
0.884 3 -0.00013593497078248344 21 5.619714260101318
0.884 4 5.604971233182114e-05 20 5.383387804031372
0.884 5 0.0001321309186467577 19 5.448106527328491
0.884 6 0.0003331184958387379 20 5.328369379043579
0.884 7 -0.00045914416125845584 20 5.402141094207764
0.884 8 0.0003163578970353528 18 5.44222617149353
0.884 9 -0.0006326408646550899 19 5.337775707244873
0.892 0 0.0006811203701719865 18 5.4061243534088135
0.892 1 -0.00028573729506740144 19 5.366268634796143
0.892 2 0.0010142100231856045 19 5.309756755828857
0.892 3 -0.0005646019082194082 18 5.584459066390991
0.892 4 0.00087845912742637 18 5.305308103561401
0.892 5 0.00024408809277233465 19 5.389763116836548
0.892 6 -0.0005748183655230904 19 5.515369176864624
0.892 7 -0.0004241910331722364 19 5.294434070587158
0.892 8 0.0010310882900040734 20 5.563533782958984
0.892 9 0.0001430774203234525 20 5.392742395401001
0.9 0 4.56527809965574e-05 18 5.3460376262664795
0.9 1 0.0007788943879654879 19 5.475151538848877
0.9 2 0.0002624390850006607 20 5.440002679824829
0.9 3 -3.959218732477534e-05 20 5.54383659362793
0.9 4 0.0017626715107961178 19 5.4153125286102295
0.9 5 0.0014822770193346423 19 5.435002326965332
0.9 6 -0.0003151590964348488 20 5.399949789047241
0.9 7 0.0009200546112659964 20 5.559478282928467
0.9 8 -1.974790485121945e-06 20 5.539364814758301
0.9 9 -0.00016262303835978497 20 5.42672872543335
