0.1 0 1.0 -9.019348453258006e-05 -35616986392.24654 448.8947548866272
0.1 1 1.0 -9.019348453258006e-05 -35616986419.67403 454.3741846084595
0.1 2 1.0 -9.019348453258006e-05 -35616986419.67403 436.1772644519806
0.1 3 1.0 -9.019348453258006e-05 -35616986419.67403 431.5879204273224
0.1 4 1.0 -9.019348453258006e-05 -35616986419.67403 432.21237683296204
0.1 5 1.0 -9.019348453258006e-05 -35616986419.67403 431.70639514923096
0.1 6 1.0 -9.019348453258006e-05 -35616986419.67403 431.91041231155396
0.1 7 1.0 -9.019348453258006e-05 -35616986419.67403 431.48143672943115
0.1 8 1.0 -9.019348453258006e-05 -35616986419.67403 432.271226644516
0.1 9 1.0 -9.019348453258006e-05 -35616986419.67403 431.4619126319885
0.2 0 1.0 -9.019348453258006e-05 -33997945130.71704 433.2481689453125
0.2 1 1.0 -9.019348453258006e-05 -33997945130.71704 432.773113489151
0.2 2 1.0 -9.019348453258006e-05 -33997945130.71704 432.8065621852875
0.2 3 1.0 -9.019348453258006e-05 -33997945130.71704 434.2861545085907
0.2 4 1.0 -9.019348453258006e-05 -33997945130.71704 433.5611779689789
0.2 5 1.0 -9.019348453258006e-05 -33997945130.71704 433.0948452949524
0.2 6 1.0 -9.019348453258006e-05 -33997945130.71704 433.13399624824524
0.2 7 1.0 -9.019348453258006e-05 -33997945130.71704 432.66705989837646
0.2 8 1.0 -9.019348453258006e-05 -33997945130.71704 432.785053730011
0.2 9 1.0 -9.019348453258006e-05 -33997945130.71704 432.9857966899872
0.30000000000000004 0 1.0 -9.019348453258006e-05 -32519694132.52602 430.9221646785736
0.30000000000000004 1 1.0 -9.019348453258006e-05 -32519694132.52602 430.3578495979309
0.30000000000000004 2 1.0 -9.019348453258006e-05 -32519694132.52602 430.42887926101685
0.30000000000000004 3 1.0 -9.019348453258006e-05 -32519694132.52602 430.54730916023254
0.30000000000000004 4 1.0 -9.019348453258006e-05 -32519694132.52602 431.0108664035797
0.30000000000000004 5 1.0 -9.019348453258006e-05 -32519694132.52602 430.5347890853882
0.30000000000000004 6 1.0 -9.019348453258006e-05 -32519694132.52602 430.2290918827057
0.30000000000000004 7 1.0 -9.019348453258006e-05 -32519694132.52602 430.292254447937
0.30000000000000004 8 1.0 -9.019348453258006e-05 -32519694132.52602 430.5874192714691
0.30000000000000004 9 1.0 -9.019348453258006e-05 -32519694132.52602 430.50511860847473
0.4 0 1.0 -9.019348453258006e-05 -31164632929.829845 423.4621171951294
0.4 1 1.0 -9.019348453258006e-05 -31164632929.829845 422.80863857269287
0.4 2 1.0 -9.019348453258006e-05 -31164632929.829845 422.8472743034363
0.4 3 1.0 -9.019348453258006e-05 -31164632929.829845 423.4545557498932
0.4 4 1.0 -9.019348453258006e-05 -31164632929.829845 423.61692667007446
0.4 5 1.0 -9.019348453258006e-05 -31164632929.829845 423.44775581359863
0.4 6 1.0 -9.019348453258006e-05 -31164632929.829845 423.2373378276825
0.4 7 1.0 -9.019348453258006e-05 -31164632929.829845 423.23003363609314
0.4 8 1.0 -9.019348453258006e-05 -31164632929.829845 423.2446753978729
0.4 9 1.0 -9.019348453258006e-05 -31164632929.829845 423.39267587661743
0.5 0 1.0 -9.019348453258006e-05 -29917978200.299305 411.7857587337494
0.5 1 1.0 -9.019348453258006e-05 -29917978200.299305 411.6882884502411
0.5 2 1.0 -9.019348453258006e-05 -29917978200.299305 411.75784850120544
0.5 3 1.0 -9.019348453258006e-05 -29917978200.299305 411.66158080101013
0.5 4 1.0 -9.019348453258006e-05 -29917978200.299305 411.852201461792
0.5 5 1.0 -9.019348453258006e-05 -29917978200.299305 411.731742143631
0.5 6 1.0 -9.019348453258006e-05 -29917978200.299305 411.78213572502136
0.5 7 1.0 -9.019348453258006e-05 -29917978200.299305 411.86065554618835
0.5 8 1.0 -9.019348453258006e-05 -29917978200.299305 412.0519595146179
0.5 9 1.0 -9.019348453258006e-05 -29917978200.299305 411.83959341049194
0.6 0 1.0 -9.019348453258006e-05 -28767221187.09262 496.1825032234192
0.6 1 1.0 -9.019348453258006e-05 -28767221187.09262 493.2666313648224
0.6 2 1.0 -9.019348453258006e-05 -28767221187.09262 493.03864312171936
0.6 3 1.0 -9.019348453258006e-05 -28767221187.09262 494.5818123817444
0.6 4 1.0 -9.019348453258006e-05 -28767221187.09262 493.02770352363586
0.6 5 1.0 -9.019348453258006e-05 -28767221187.09262 493.32617378234863
0.6 6 1.0 -9.019348453258006e-05 -28767221187.09262 493.20469403266907
0.6 7 1.0 -9.019348453258006e-05 -28767221187.09262 492.9979877471924
0.6 8 1.0 -9.019348453258006e-05 -28767221187.09262 493.47105145454407
0.6 9 1.0 -9.019348453258006e-05 -28767221187.09262 493.073609828949
0.7000000000000001 0 1.0 -9.019348453258006e-05 -27701706264.276924 439.70419359207153
0.7000000000000001 1 1.0 -9.019348453258006e-05 -27701706264.276924 442.3140387535095
0.7000000000000001 2 1.0 -9.019348453258006e-05 -27701706264.276924 440.0547254085541
0.7000000000000001 3 1.0 -9.019348453258006e-05 -27701706264.276924 439.9814245700836
0.7000000000000001 4 1.0 -9.019348453258006e-05 -27701706264.276924 439.4924600124359
0.7000000000000001 5 1.0 -9.019348453258006e-05 -27701706264.276924 440.2228944301605
0.7000000000000001 6 1.0 -9.019348453258006e-05 -27701706264.276924 439.7168438434601
0.7000000000000001 7 1.0 -9.019348453258006e-05 -27701706264.276924 440.53335070610046
0.7000000000000001 8 1.0 -9.019348453258006e-05 -27701706264.276924 439.7349371910095
0.7000000000000001 9 1.0 -9.019348453258006e-05 -27701706264.276924 439.6474072933197
0.8 0 1.0 -9.019348453258006e-05 -26712300327.352787 455.2887508869171
0.8 1 1.0 -9.019348453258006e-05 -26712300327.352787 454.99688267707825
0.8 2 1.0 -9.019348453258006e-05 -26712300327.352787 455.0442781448364
0.8 3 1.0 -9.019348453258006e-05 -26712300327.352787 455.3445768356323
0.8 4 1.0 -9.019348453258006e-05 -26712300327.352787 455.34414863586426
0.8 5 1.0 -9.019348453258006e-05 -26712300327.352787 455.6462411880493
0.8 6 1.0 -9.019348453258006e-05 -26712300327.352787 455.17273926734924
0.8 7 1.0 -9.019348453258006e-05 -26712300327.352787 455.78518986701965
0.8 8 1.0 -9.019348453258006e-05 -26712300327.352787 455.6297171115875
0.8 9 1.0 -9.019348453258006e-05 -26712300327.352787 455.32018661499023
0.9 0 1.0 -9.019348453258006e-05 -25791129649.26005 483.15653228759766
0.9 1 1.0 -9.019348453258006e-05 -25791129649.26005 482.76565861701965
0.9 2 1.0 -9.019348453258006e-05 -25791129649.26005 482.6049213409424
0.9 3 1.0 -9.019348453258006e-05 -25791129649.26005 482.6766755580902
0.9 4 1.0 -9.019348453258006e-05 -25791129649.26005 482.4672451019287
0.9 5 1.0 -9.019348453258006e-05 -25791129649.26005 482.6447615623474
0.9 6 1.0 -9.019348453258006e-05 -25791129649.26005 482.4566204547882
0.9 7 1.0 -9.019348453258006e-05 -25791129649.26005 482.708300113678
0.9 8 1.0 -9.019348453258006e-05 -25791129649.26005 482.8756561279297
0.9 9 1.0 -9.019348453258006e-05 -25791129649.26005 482.3941881656647
1.0 0 1.0 -9.019348453258006e-05 -24931370846.48795 427.01463747024536
1.0 1 1.0 -9.019348453258006e-05 -24931370846.48795 426.82758355140686
1.0 2 1.0 -9.019348453258006e-05 -24931370846.48795 426.58389830589294
1.0 3 1.0 -9.019348453258006e-05 -24931370846.48795 426.8188464641571
1.0 4 1.0 -9.019348453258006e-05 -24931370846.48795 426.5123314857483
1.0 5 1.0 -9.019348453258006e-05 -24931370846.48795 427.3550908565521
1.0 6 1.0 -9.019348453258006e-05 -24931370846.48795 426.72287344932556
1.0 7 1.0 -9.019348453258006e-05 -24931370846.48795 426.7325360774994
1.0 8 1.0 -9.019348453258006e-05 -24931370846.48795 427.04793071746826
1.0 9 1.0 -9.019348453258006e-05 -24931370846.48795 425.83263778686523
2.0 0 1.0 -9.019348453258006e-05 -18698131041.470894 406.0830852985382
2.0 1 1.0 -9.019348453258006e-05 -18698131041.470894 408.737797498703
2.0 2 1.0 -9.019348453258006e-05 -18698131041.470894 408.0354504585266
2.0 3 1.0 -9.019348453258006e-05 -18698131041.470894 409.58035135269165
2.0 4 1.0 -9.019348453258006e-05 -18698131041.470894 408.73903727531433
2.0 5 1.0 -9.019348453258006e-05 -18698131041.470894 408.61443400382996
2.0 6 1.0 -9.019348453258006e-05 -18698131041.470894 406.89881324768066
2.0 7 1.0 -9.019348453258006e-05 -18698131041.470894 415.7756977081299
2.0 8 1.0 -9.019348453258006e-05 -18698131041.470894 413.93878746032715
2.0 9 1.0 -9.019348453258006e-05 -18698131041.470894 435.4884338378906
3.0 0 -9.019348453258006e-05 -9.019348453258006e-05 -14956994221.775745 490.341166973114
3.0 1 -9.019348453258006e-05 -9.019348453258006e-05 -14956994221.775745 495.0402271747589
3.0 2 -9.019348453258006e-05 -9.019348453258006e-05 -14956994221.775745 497.4056661128998
3.0 3 -9.019348453258006e-05 -9.019348453258006e-05 -14956994221.775745 498.01457381248474
3.0 4 -9.019348453258006e-05 -9.019348453258006e-05 -14956994221.775745 493.9347541332245
3.0 5 -9.019348453258006e-05 -9.019348453258006e-05 -14956994221.775745 494.93278765678406
3.0 6 -9.019348453258006e-05 -9.019348453258006e-05 -14956994221.775745 497.0361740589142
3.0 7 -9.019348453258006e-05 -9.019348453258006e-05 -14956994221.775745 495.9471333026886
3.0 8 -9.019348453258006e-05 -9.019348453258006e-05 -14956994221.775745 494.922402381897
3.0 9 -9.019348453258006e-05 -9.019348453258006e-05 -14956994221.775745 495.9368300437927
4.0 0 1.0 -9.019348453258006e-05 -12464908655.904137 449.6019432544708
4.0 1 1.0 -9.019348453258006e-05 -12464908655.904137 445.98001766204834
4.0 2 1.0 -9.019348453258006e-05 -12464908655.904137 453.72091817855835
4.0 3 1.0 -9.019348453258006e-05 -12464908655.904137 453.20504665374756
4.0 4 1.0 -9.019348453258006e-05 -12464908655.904137 461.6465997695923
4.0 5 1.0 -9.019348453258006e-05 -12464908655.904137 452.6682860851288
4.0 6 1.0 -9.019348453258006e-05 -12464908655.904137 434.28007984161377
4.0 7 1.0 -9.019348453258006e-05 -12464908655.904137 435.459050655365
4.0 8 1.0 -9.019348453258006e-05 -12464908655.904137 434.38769912719727
4.0 9 1.0 -9.019348453258006e-05 -12464908655.904137 434.804621219635
5.0 0 1.0 -9.019348453258006e-05 -10683990986.222034 395.8483016490936
5.0 1 1.0 -9.019348453258006e-05 -10683990986.222034 396.4357154369354
5.0 2 1.0 -9.019348453258006e-05 -10683990986.222034 395.8608615398407
5.0 3 1.0 -9.019348453258006e-05 -10683990986.222034 396.0599637031555
5.0 4 1.0 -9.019348453258006e-05 -10683990986.222034 395.3614263534546
5.0 5 1.0 -9.019348453258006e-05 -10683990986.222034 395.8040895462036
5.0 6 1.0 -9.019348453258006e-05 -10683990986.222034 396.6461544036865
5.0 7 1.0 -9.019348453258006e-05 -10683990986.222034 395.85015630722046
5.0 8 1.0 -9.019348453258006e-05 -10683990986.222034 395.6747946739197
5.0 9 1.0 -9.019348453258006e-05 -10683990986.222034 395.5266833305359
6.0 0 1.0 -9.019348453258006e-05 -9348303787.088823 429.3064761161804
6.0 1 1.0 -9.019348453258006e-05 -9348303787.088823 429.1861753463745
6.0 2 1.0 -9.019348453258006e-05 -9348303787.088823 428.23537611961365
6.0 3 1.0 -9.019348453258006e-05 -9348303787.088823 428.31210827827454
6.0 4 1.0 -9.019348453258006e-05 -9348303787.088823 429.1681706905365
6.0 5 1.0 -9.019348453258006e-05 -9348303787.088823 430.09167313575745
6.0 6 1.0 -9.019348453258006e-05 -9348303787.088823 439.01629853248596
6.0 7 1.0 -9.019348453258006e-05 -9348303787.088823 432.7648084163666
6.0 8 1.0 -9.019348453258006e-05 -9348303787.088823 434.5330033302307
6.0 9 1.0 -9.019348453258006e-05 -9348303787.088823 432.66004514694214
7.0 0 1.0 -9.019348453258006e-05 -8309436619.192908 453.6662948131561
7.0 1 1.0 -9.019348453258006e-05 -8309436619.192908 454.25459933280945
7.0 2 1.0 -9.019348453258006e-05 -8309436619.192908 456.16701555252075
7.0 3 1.0 -9.019348453258006e-05 -8309436619.192908 455.4399678707123
7.0 4 1.0 -9.019348453258006e-05 -8309436619.192908 454.8854341506958
7.0 5 1.0 -9.019348453258006e-05 -8309436619.192908 454.8421161174774
7.0 6 1.0 -9.019348453258006e-05 -8309436619.192908 456.21880531311035
7.0 7 1.0 -9.019348453258006e-05 -8309436619.192908 454.52412700653076
7.0 8 1.0 -9.019348453258006e-05 -8309436619.192908 454.9415068626404
7.0 9 1.0 -9.019348453258006e-05 -8309436619.192908 455.3977646827698
8.0 0 1.0 -9.019348453258006e-05 -7478343219.2915125 433.6546161174774
8.0 1 1.0 -9.019348453258006e-05 -7478343219.2915125 432.7890856266022
8.0 2 1.0 -9.019348453258006e-05 -7478343219.2915125 431.5499918460846
8.0 3 1.0 -9.019348453258006e-05 -7478343219.2915125 432.05516505241394
8.0 4 1.0 -9.019348453258006e-05 -7478343219.2915125 433.0868034362793
8.0 5 1.0 -9.019348453258006e-05 -7478343219.2915125 431.51702857017517
8.0 6 1.0 -9.019348453258006e-05 -7478343219.2915125 431.87320828437805
8.0 7 1.0 -9.019348453258006e-05 -7478343219.2915125 432.0870409011841
8.0 8 1.0 -9.019348453258006e-05 -7478343219.2915125 433.01092004776
8.0 9 1.0 -9.019348453258006e-05 -7478343219.2915125 431.8662049770355
9.0 0 1.0 -9.019348453258006e-05 -6798357966.596507 458.7638998031616
9.0 1 1.0 -9.019348453258006e-05 -6798357966.596507 458.2419662475586
9.0 2 1.0 -9.019348453258006e-05 -6798357966.596507 460.121431350708
9.0 3 1.0 -9.019348453258006e-05 -6798357966.596507 458.576922416687
9.0 4 1.0 -9.019348453258006e-05 -6798357966.596507 458.76465821266174
9.0 5 1.0 -9.019348453258006e-05 -6798357966.596507 457.7575452327728
9.0 6 1.0 -9.019348453258006e-05 -6798357966.596507 459.29466557502747
9.0 7 1.0 -9.019348453258006e-05 -6798357966.596507 458.0911569595337
9.0 8 1.0 -9.019348453258006e-05 -6798357966.596507 458.6957380771637
9.0 9 1.0 -9.019348453258006e-05 -6798357966.596507 458.47131156921387
10.0 0 1.0 -9.019348453258006e-05 -6231703807.618689 489.4456388950348
10.0 1 1.0 -9.019348453258006e-05 -6231703807.618689 489.03601241111755
10.0 2 1.0 -9.019348453258006e-05 -6231703807.618689 488.63369965553284
10.0 3 1.0 -9.019348453258006e-05 -6231703807.618689 489.7879319190979
10.0 4 1.0 -9.019348453258006e-05 -6231703807.618689 488.45925426483154
10.0 5 1.0 -9.019348453258006e-05 -6231703807.618689 488.4672791957855
10.0 6 1.0 -9.019348453258006e-05 -6231703807.618689 488.17829871177673
10.0 7 1.0 -9.019348453258006e-05 -6231703807.618689 490.2847068309784
10.0 8 1.0 -9.019348453258006e-05 -6231703807.618689 488.6823205947876
10.0 9 1.0 -9.019348453258006e-05 -6231703807.618689 488.9664452075958
