4.0 0 -9.019348453258006e-05 1.0 1629797.0265284912 500.958722114563
4.0 1 -9.019348453258006e-05 1.0 1629797.0265284912 509.39910984039307
4.0 2 -9.019348453258006e-05 1.0 1629797.0265284912 509.20172786712646
4.0 3 -9.019348453258006e-05 1.0 1629797.0265284912 509.7199327945709
4.0 4 -9.019348453258006e-05 1.0 1629797.0265284912 511.0822775363922
4.0 5 -9.019348453258006e-05 1.0 1629797.0265284912 511.8266758918762
4.0 6 -9.019348453258006e-05 1.0 1629797.0265284912 511.93953943252563
4.0 7 -9.019348453258006e-05 1.0 1629797.0265284912 511.76142740249634
4.0 8 -9.019348453258006e-05 1.0 1629797.0265284912 513.5473754405975
4.0 9 -9.019348453258006e-05 1.0 1629797.0265284912 511.4052240848541
4.111111111111111 0 -9.01483982740521e-05 0.998323788878713 1619558.495774662 437.537704706192
4.111111111111111 1 -9.01483982740521e-05 0.998323788878713 1619558.495774662 446.16497230529785
4.111111111111111 2 -9.01483982740521e-05 0.998323788878713 1619558.495774662 419.25225591659546
4.111111111111111 3 -9.01483982740521e-05 0.998323788878713 1619558.495774662 416.9806938171387
4.111111111111111 4 -9.01483982740521e-05 0.998323788878713 1619558.495774662 416.6588342189789
4.111111111111111 5 -9.01483982740521e-05 0.998323788878713 1619558.495774662 418.0739006996155
4.111111111111111 6 -9.01483982740521e-05 0.998323788878713 1619558.495774662 414.8920934200287
4.111111111111111 7 -9.01483982740521e-05 0.998323788878713 1619558.495774662 416.03684282302856
4.111111111111111 8 -9.01483982740521e-05 0.998323788878713 1619558.495774662 413.02398467063904
4.111111111111111 9 -9.01483982740521e-05 0.998323788878713 1619558.495774662 412.95409536361694
4.222222222222222 0 -9.019348453258006e-05 1.0 1609780.1801425412 396.78417801856995
4.222222222222222 1 -9.019348453258006e-05 1.0 1609780.1801425412 397.0246195793152
4.222222222222222 2 -9.019348453258006e-05 1.0 1609780.1801425412 397.7407593727112
4.222222222222222 3 -9.019348453258006e-05 1.0 1609780.1801425412 397.32617712020874
4.222222222222222 4 -9.019348453258006e-05 1.0 1609780.1801425412 397.15711736679077
4.222222222222222 5 -9.019348453258006e-05 1.0 1609780.1801425412 397.19057154655457
4.222222222222222 6 -9.019348453258006e-05 1.0 1609780.1801425412 397.1460609436035
4.222222222222222 7 -9.019348453258006e-05 1.0 1609780.1801425412 397.18430256843567
4.222222222222222 8 -9.019348453258006e-05 1.0 1609780.1801425412 397.33711528778076
4.222222222222222 9 -9.019348453258006e-05 1.0 1609780.1801425412 397.13620162010193
4.333333333333333 0 -9.019348453258006e-05 1.0 1600349.5832510213 467.6112427711487
4.333333333333333 1 -9.019348453258006e-05 1.0 1600349.5832510213 466.4897975921631
4.333333333333333 2 -9.019348453258006e-05 1.0 1600349.5832510213 466.86159443855286
4.333333333333333 3 -9.019348453258006e-05 1.0 1600349.5832510213 466.79911398887634
4.333333333333333 4 -9.019348453258006e-05 1.0 1600349.5832510213 466.9572081565857
4.333333333333333 5 -9.019348453258006e-05 1.0 1600349.5832510213 467.1163351535797
4.333333333333333 6 -9.019348453258006e-05 1.0 1600349.5832510213 468.02701687812805
4.333333333333333 7 -9.019348453258006e-05 1.0 1600349.5832510213 466.80365896224976
4.333333333333333 8 -9.019348453258006e-05 1.0 1600349.5832510213 466.9076030254364
4.333333333333333 9 -9.019348453258006e-05 1.0 1600349.5832510213 470.0079927444458
4.444444444444445 0 -9.019348453258006e-05 1.0 1591274.3338072626 420.0862789154053
4.444444444444445 1 -9.019348453258006e-05 1.0 1591274.3338072626 419.05588388442993
4.444444444444445 2 -9.019348453258006e-05 1.0 1591274.3338072626 419.53591680526733
4.444444444444445 3 -9.019348453258006e-05 1.0 1591274.3338072626 419.84565234184265
4.444444444444445 4 -9.019348453258006e-05 1.0 1591274.3338072626 419.6758396625519
4.444444444444445 5 -9.019348453258006e-05 1.0 1591274.3338072626 419.50643515586853
4.444444444444445 6 -9.019348453258006e-05 1.0 1591274.3338072626 419.37551164627075
4.444444444444445 7 -9.019348453258006e-05 1.0 1591274.3338072626 419.5175030231476
4.444444444444445 8 -9.019348453258006e-05 1.0 1591274.3338072626 419.3455147743225
4.444444444444445 9 -9.019348453258006e-05 1.0 1591274.3338072626 418.94629168510437
4.555555555555555 0 -9.019348453258006e-05 1.0 1582431.5178146288 381.0759971141815
4.555555555555555 1 -9.019348453258006e-05 1.0 1582431.5178146288 380.83056640625
4.555555555555555 2 -9.019348453258006e-05 1.0 1582431.5178146288 381.39140009880066
4.555555555555555 3 -9.019348453258006e-05 1.0 1582431.5178146288 380.98713731765747
4.555555555555555 4 -9.019348453258006e-05 1.0 1582431.5178146288 380.7834618091583
4.555555555555555 5 -9.019348453258006e-05 1.0 1582431.5178146288 380.99464201927185
4.555555555555555 6 -9.019348453258006e-05 1.0 1582431.5178146288 380.910507440567
4.555555555555555 7 -9.019348453258006e-05 1.0 1582431.5178146288 381.28607726097107
4.555555555555555 8 -9.019348453258006e-05 1.0 1582431.5178146288 380.8054792881012
4.555555555555555 9 -9.019348453258006e-05 1.0 1582431.5178146288 381.149982213974
4.666666666666667 0 -9.019348453258006e-05 1.0 1573975.618929436 474.5765047073364
4.666666666666667 1 -9.019348453258006e-05 1.0 1573975.618929436 485.8325569629669
4.666666666666667 2 -9.019348453258006e-05 1.0 1573975.618929436 497.0399968624115
4.666666666666667 3 -9.019348453258006e-05 1.0 1573975.618929436 496.4920964241028
4.666666666666667 4 -9.019348453258006e-05 1.0 1573975.618929436 497.57645654678345
4.666666666666667 5 -9.019348453258006e-05 1.0 1573975.618929436 494.6964662075043
4.666666666666667 6 -9.019348453258006e-05 1.0 1573975.618929436 480.3733079433441
4.666666666666667 7 -9.019348453258006e-05 1.0 1573975.618929436 480.3904781341553
4.666666666666667 8 -9.019348453258006e-05 1.0 1573975.618929436 477.939923286438
4.666666666666667 9 -9.019348453258006e-05 1.0 1573975.618929436 479.4085898399353
4.777777777777778 0 -9.019348453258006e-05 1.0 1565720.0455170898 426.07500553131104
4.777777777777778 1 -9.019348453258006e-05 1.0 1565720.0455170898 431.1263864040375
4.777777777777778 2 -9.019348453258006e-05 1.0 1565720.0455170898 426.6209349632263
4.777777777777778 3 -9.019348453258006e-05 1.0 1565720.0455170898 418.62729597091675
4.777777777777778 4 -9.019348453258006e-05 1.0 1565720.0455170898 418.902055978775
4.777777777777778 5 -9.019348453258006e-05 1.0 1565720.0455170898 418.6949121952057
4.777777777777778 6 -9.019348453258006e-05 1.0 1565720.0455170898 418.91128730773926
4.777777777777778 7 -9.019348453258006e-05 1.0 1565720.0455170898 418.6658935546875
4.777777777777778 8 -9.019348453258006e-05 1.0 1565720.0455170898 418.5964114665985
4.777777777777778 9 -9.019348453258006e-05 1.0 1565720.0455170898 418.73639369010925
4.888888888888889 0 -9.019348453258006e-05 1.0 1557838.7104018254 457.61757922172546
4.888888888888889 1 -9.019348453258006e-05 1.0 1557838.7104018254 457.41829466819763
4.888888888888889 2 -9.019348453258006e-05 1.0 1557838.7104018254 458.0313799381256
4.888888888888889 3 -9.019348453258006e-05 1.0 1557838.7104018254 457.0333890914917
4.888888888888889 4 -9.019348453258006e-05 1.0 1557838.7104018254 457.16484570503235
4.888888888888889 5 -9.019348453258006e-05 1.0 1557838.7104018254 459.810959815979
4.888888888888889 6 -9.019348453258006e-05 1.0 1557838.7104018254 462.92263984680176
4.888888888888889 7 -9.019348453258006e-05 1.0 1557838.7104018254 465.09326696395874
4.888888888888889 8 -9.019348453258006e-05 1.0 1557838.7104018254 467.83153343200684
4.888888888888889 9 -9.019348453258006e-05 1.0 1557838.7104018254 467.6911153793335
