5.0 0 -9.019348453258006e-05 1.0 225496756.73415568 117.48976707458496
5.0 1 -9.019348453258006e-05 1.0 225496756.73415568 117.00433206558228
5.555555555555555 0 -9.019348453258006e-05 1.0 207343678.69144377 113.31494164466858
5.555555555555555 1 -9.019348453258006e-05 1.0 207343678.69144377 112.65505933761597
6.111111111111111 0 -9.01483982740521e-05 0.998323788878713 191899902.62583974 122.86893653869629
6.111111111111111 1 -9.01483982740521e-05 0.998323788878713 191899902.62583974 123.4743332862854
6.666666666666667 0 -9.019348453258006e-05 1.0 178601387.90893427 129.70866775512695
6.666666666666667 1 -9.019348453258006e-05 1.0 178601387.90893427 129.17893314361572
7.222222222222222 0 -9.019348453258006e-05 1.0 167029659.69639334 114.11303162574768
7.222222222222222 1 -9.019348453258006e-05 1.0 167029659.69639334 113.9314329624176
7.777777777777778 0 -9.019348453258006e-05 1.0 156869208.57522607 112.61122941970825
7.777777777777778 1 -9.019348453258006e-05 1.0 156869208.57522607 112.00260329246521
8.333333333333334 0 -9.019348453258006e-05 1.0 147876648.62009937 115.72069835662842
8.333333333333334 1 -9.019348453258006e-05 1.0 147876648.62009937 115.27967238426208
8.88888888888889 0 -9.019348453258006e-05 1.0 139861450.89754388 150.28429889678955
8.88888888888889 1 -9.019348453258006e-05 1.0 139861450.89754388 150.3108241558075
9.444444444444445 0 -9.01483982740521e-05 0.998323788878713 132672454.34546427 100.61928606033325
9.444444444444445 1 -9.01483982740521e-05 0.998323788878713 132672454.34546427 101.6508276462555
10.0 0 -9.01483982740521e-05 0.998323788878713 126188368.23944409 110.74116468429565
10.0 1 -9.01483982740521e-05 0.998323788878713 126188368.23944409 110.6826422214508
20.0 0 -9.019348453258006e-05 1.0 67223277.94013578 87.92744731903076
20.0 1 -9.019348453258006e-05 1.0 67223277.94013578 87.62926316261292
30.0 0 -9.019348453258006e-05 1.0 45895261.18289691 109.14501786231995
30.0 1 -9.019348453258006e-05 1.0 45895261.18289691 109.06316542625427
40.0 0 -9.019348453258006e-05 1.0 34887235.431924134 108.98026204109192
40.0 1 -9.019348453258006e-05 1.0 34887235.431924134 109.09230327606201
50.0 0 -9.019348453258006e-05 1.0 28167973.18445069 88.39588141441345
50.0 1 -9.019348453258006e-05 1.0 28167973.18445069 88.21911716461182
60.0 0 -9.019348453258006e-05 1.0 23639764.825224772 88.72408962249756
60.0 1 -9.019348453258006e-05 1.0 23639764.825224772 88.89401197433472
70.0 0 -9.019348453258006e-05 1.0 20381093.005499218 95.0973801612854
70.0 1 -9.019348453258006e-05 1.0 20381093.005499218 95.16373467445374
80.0 0 -9.019348453258006e-05 1.0 17923734.379187975 111.73241782188416
80.0 1 -9.019348453258006e-05 1.0 17923734.379187975 111.46173930168152
90.0 0 -9.019348453258006e-05 1.0 16004495.685368055 111.6147632598877
90.0 1 -9.019348453258006e-05 1.0 16004495.685368055 111.31212067604065
100.0 0 -9.019348453258006e-05 1.0 14464040.647446636 93.48772954940796
100.0 1 -9.019348453258006e-05 1.0 14464040.647446636 93.28108239173889
200.0 0 -9.019348453258006e-05 1.0 7475872.976214029 105.47282433509827
200.0 1 -9.019348453258006e-05 1.0 7475872.976214029 105.09827160835266
300.0 0 -9.019348453258006e-05 1.0 5125810.759944795 107.10799479484558
300.0 1 -9.019348453258006e-05 1.0 5125810.759944795 106.88270735740662
400.0 0 -9.01483982740521e-05 0.998323788878713 3946981.0924398615 103.55755257606506
400.0 1 -9.01483982740521e-05 0.998323788878713 3946981.0924398615 103.69059085845947
500.0 0 -9.019348453258006e-05 1.0 3238323.5106082163 103.50090885162354
500.0 1 -9.019348453258006e-05 1.0 3238323.5106082163 103.06682252883911
600.0 0 -9.019348453258006e-05 1.0 2765416.840925045 117.05801439285278
600.0 1 -9.019348453258006e-05 1.0 2765416.840925045 117.030690908432
700.0 0 -9.019348453258006e-05 1.0 2427352.548904085 117.39023923873901
700.0 1 -9.019348453258006e-05 1.0 2427352.548904085 117.16029596328735
800.0 0 -9.019348453258006e-05 1.0 2173646.569534805 96.55076432228088
800.0 1 -9.019348453258006e-05 1.0 2173646.569534805 96.41408920288086
900.0 0 -9.019348453258006e-05 1.0 1976288.539680963 106.68661379814148
900.0 1 -9.019348453258006e-05 1.0 1976288.539680963 107.02963471412659
1000.0 0 -9.019348453258006e-05 1.0 1818221.3268700219 134.28683733940125
1000.0 1 -9.019348453258006e-05 1.0 1818221.3268700219 133.98206567764282
