5.0 0 0.9650159049336633 -8.568594584046895e-05 -1574157159.1343565 180.13235211372375
5.0 1 0.9632628514045011 -8.947384793349383e-05 -1574156772.181201 218.2533736228943
5.555555555555555 0 0.956377028136077 -8.257506087789595e-05 -1447159456.4789474 225.79757118225098
5.555555555555555 1 0.956377028136077 -8.257506087789595e-05 -1447159456.4789474 227.85719847679138
6.111111111111111 0 0.947577819000589 -9.01532728410321e-05 -1339169362.6813872 220.2373332977295
6.111111111111111 1 0.947577819000589 -9.01532728410321e-05 -1339169362.6813872 225.52723050117493
6.666666666666667 0 0.9462007643028141 -8.947492153791747e-05 -1246100317.8612971 214.71594953536987
6.666666666666667 1 0.9462007643028141 -8.947492153791747e-05 -1246100317.8612971 209.8589928150177
7.222222222222222 0 0.942203515738669 -8.97913885669095e-05 -1165136430.4967167 216.40990447998047
7.222222222222222 1 0.942203515738669 -8.97913885669095e-05 -1165136430.4967167 215.5129635334015
7.777777777777778 0 0.9423522120478868 -8.947492153791747e-05 -1094048902.3062131 227.6004557609558
7.777777777777778 1 0.9423522120478868 -8.947492153791747e-05 -1094048902.3062131 229.4948513507843
8.333333333333334 0 0.9401948189486582 -8.857276383692625e-05 -1031138176.4028391 239.99443459510803
8.333333333333334 1 0.9401948189486582 -8.857276383692625e-05 -1031138176.4028391 240.6301670074463
8.88888888888889 0 0.9442631802207172 -8.947492153791747e-05 -975063621.6986171 211.57072377204895
8.88888888888889 1 0.9442631802207172 -8.947492153791747e-05 -975063621.6986171 214.33539080619812
9.444444444444445 0 0.9350288286274481 -9.002040209254116e-05 -924783953.9531461 328.54725337028503
9.444444444444445 1 0.9350288286274481 -9.002040209254116e-05 -924783953.9531461 327.5530343055725
10.0 0 0.9387940506864954 -9.015454035593386e-05 -879420391.3293409 276.7965099811554
10.0 1 0.9387940506864954 -9.015454035593386e-05 -879420391.3293409 267.02442383766174
20.0 0 0.9102618419747693 -9.015806691952394e-05 -466905676.54390866 329.77213883399963
20.0 1 0.9095432085808138 -9.015982222583477e-05 -466915321.170012 538.7093253135681
30.0 0 0.9003878431994075 -6.42214678148406e-05 -317702084.43948376 310.36130833625793
30.0 1 0.9003878431994075 -6.42214678148406e-05 -317702084.43948376 308.78479862213135
40.0 0 0.8863360929010027 -7.716786785198734e-05 -240692998.39708585 565.7062973976135
40.0 1 0.8863360929010027 -7.716786785198734e-05 -240692998.39708585 545.2755076885223
50.0 0 0.8928643448727868 -8.979513367952122e-05 -193686006.8782725 431.3598017692566
50.0 1 0.8928643448727868 -8.979513367952122e-05 -193686006.8782725 432.6702456474304
60.0 0 0.8910593796415276 -8.97983509960492e-05 -162009040.2607204 416.560453414917
60.0 1 0.8910593796415276 -8.97983509960492e-05 -162009040.2607204 416.0051236152649
70.0 0 0.8874441850256363 -8.97972144933345e-05 -139213174.3411731 422.0152382850647
70.0 1 0.8874441850256363 -8.97972144933345e-05 -139213174.3411731 419.1912086009979
80.0 0 0.8840675604911691 -8.3711728186552e-05 -122022835.08300361 409.7840838432312
80.0 1 0.8840675604911691 -8.3711728186552e-05 -122022835.08300361 409.9477880001068
90.0 0 0.8761848807894574 -8.655561101905077e-05 -108598370.70687139 473.8659529685974
90.0 1 0.8761848807894574 -8.655561101905077e-05 -108598370.70687139 472.739937543869
100.0 0 0.8802925174965638 -8.474968610004506e-05 -97821135.45436111 414.7123260498047
100.0 1 0.8802925174965638 -8.474968610004506e-05 -97821135.45436111 413.6638081073761
200.0 0 0.8742127450889282 -8.475319337220312e-05 -48936683.71431959 560.1765029430389
200.0 1 0.8764553795734159 -8.005873314658977e-05 -48935915.15765432 704.7635140419006
300.0 0 0.875549283207888 -8.948877911380618e-05 -32496493.495853562 432.30760383605957
300.0 1 0.875549283207888 -8.948877911380618e-05 -32496493.495853562 440.04398250579834
400.0 0 -7.865759218066367e-05 -6.422135856229298e-05 -24247703.490194947 3404.241518974304
400.0 1 -7.865759218066367e-05 -6.422135856229298e-05 -24247703.490194947 3385.7865829467773
500.0 0 -7.716814207641593e-05 -5.7319591062348945e-05 -19289519.42490347 1725.5712492465973
500.0 1 -7.716814207641593e-05 -5.7319591062348945e-05 -19289519.42490347 1721.1291823387146
600.0 0 0.8705181359324958 -8.73257306037775e-05 -15984374.710647447 493.6438181400299
600.0 1 0.8705181359324958 -8.73257306037775e-05 -15984374.710647447 490.7483184337616
700.0 0 0.8693510014932905 -8.908452535652917e-05 -13619571.06191706 550.0041422843933
700.0 1 0.8693510014932905 -8.908452535652917e-05 -13619571.06191706 558.2869966030121
800.0 0 0.8684653260548266 -8.73243270182518e-05 -11844869.490279116 635.3950016498566
800.0 1 0.8684653260548266 -8.73243270182518e-05 -11844869.490279116 634.7383997440338
900.0 0 -8.136396970935673e-05 -6.837172935781193e-05 -10463071.020409497 541.5054426193237
900.0 1 -8.136396970935673e-05 -6.837172935781193e-05 -10463071.020409497 542.3277127742767
1000.0 0 0.8824979370641987 -8.569686633686154e-05 -9358901.495585233 417.39588165283203
1000.0 1 0.8824979370641987 -8.569686633686154e-05 -9358901.495585233 416.6020746231079
