0.1 0 1.0 -9.019348453258006e-05 -6957675734.374292 108.08799624443054
0.1 1 1.0 -9.019348453258006e-05 -6957675085.810238 106.665602684021
0.1 2 1.0 -9.019348453258006e-05 -6957675085.810238 111.34711623191833
0.1 3 1.0 -9.019348453258006e-05 -6957675085.810238 108.68744039535522
0.1 4 1.0 -9.019348453258006e-05 -6957675085.810238 109.00307035446167
0.2 0 1.0 -9.019348453258006e-05 -6503873187.188193 146.90983390808105
0.2 1 1.0 -9.019348453258006e-05 -6503873187.188193 145.6779909133911
0.2 2 1.0 -9.019348453258006e-05 -6503873187.188193 150.25326323509216
0.2 3 1.0 -9.019348453258006e-05 -6503873187.188193 153.97786688804626
0.2 4 1.0 -9.019348453258006e-05 -6503873187.188193 150.9991853237152
0.30000000000000004 0 1.0 -9.019348453258006e-05 -6105635698.544141 140.79186177253723
0.30000000000000004 1 1.0 -9.019348453258006e-05 -6105635698.544141 139.34000897407532
0.30000000000000004 2 1.0 -9.019348453258006e-05 -6105635698.544141 137.08947801589966
0.30000000000000004 3 1.0 -9.019348453258006e-05 -6105635698.544141 136.59888362884521
0.30000000000000004 4 1.0 -9.019348453258006e-05 -6105635698.544141 135.4879457950592
0.4 0 1.0 -9.019348453258006e-05 -5753350111.687649 117.04122066497803
0.4 1 1.0 -9.019348453258006e-05 -5753350111.687649 116.76319646835327
0.4 2 1.0 -9.019348453258006e-05 -5753350111.687649 116.86074304580688
0.4 3 1.0 -9.019348453258006e-05 -5753350111.687649 116.57476949691772
0.4 4 1.0 -9.019348453258006e-05 -5753350111.687649 116.70706152915955
0.5 0 0.995221479377995 -8.978769191523484e-05 -5439496495.160993 144.27896857261658
0.5 1 0.995221479377995 -8.978769191523484e-05 -5439496495.160993 144.18729901313782
0.5 2 0.995221479377995 -8.978769191523484e-05 -5439496495.160993 144.30343914031982
0.5 3 0.995221479377995 -8.978769191523484e-05 -5439496495.160993 144.40594363212585
0.5 4 0.995221479377995 -8.978769191523484e-05 -5439496495.160993 147.67778944969177
0.6 0 0.998323788878713 -9.01483982740521e-05 -5158111157.160308 124.589510679245
0.6 1 0.998323788878713 -9.01483982740521e-05 -5158111157.160308 124.28393983840942
0.6 2 0.998323788878713 -9.01483982740521e-05 -5158111157.160308 124.35352087020874
0.6 3 0.998323788878713 -9.01483982740521e-05 -5158111157.160308 124.32679653167725
0.6 4 0.998323788878713 -9.01483982740521e-05 -5158111157.160308 124.46160364151001
0.7000000000000001 0 0.998323788878713 -9.01483982740521e-05 -4904402298.149958 153.47893977165222
0.7000000000000001 1 0.998323788878713 -9.01483982740521e-05 -4904402298.149958 151.66846871376038
0.7000000000000001 2 0.998323788878713 -9.01483982740521e-05 -4904402298.149958 152.48186039924622
0.7000000000000001 3 0.998323788878713 -9.01483982740521e-05 -4904402298.149958 152.39677095413208
0.7000000000000001 4 0.998323788878713 -9.01483982740521e-05 -4904402298.149958 151.9526059627533
0.8 0 1.0 -9.019348453258006e-05 -4674479557.365183 118.40409350395203
0.8 1 1.0 -9.019348453258006e-05 -4674479557.365183 119.11519956588745
0.8 2 1.0 -9.019348453258006e-05 -4674479557.365183 123.11441373825073
0.8 3 1.0 -9.019348453258006e-05 -4674479557.365183 118.74550437927246
0.8 4 1.0 -9.019348453258006e-05 -4674479557.365183 119.60964226722717
0.9 0 0.998323788878713 -9.014839827405122e-05 -4465146574.3978 130.17468690872192
0.9 1 0.998323788878713 -9.014839827405122e-05 -4465146574.3978 131.43820786476135
0.9 2 0.998323788878713 -9.014839827405122e-05 -4465146574.3978 131.85974669456482
0.9 3 0.998323788878713 -9.014839827405122e-05 -4465146574.3978 129.96318292617798
0.9 4 0.998323788878713 -9.014839827405122e-05 -4465146574.3978 129.96994137763977
1.0 0 0.998323788878713 -9.014839827405122e-05 -4273756588.4192 140.17757654190063
1.0 1 0.998323788878713 -9.014839827405122e-05 -4273756588.4192 139.85388779640198
1.0 2 0.998323788878713 -9.014839827405122e-05 -4273756588.4192 140.12995862960815
1.0 3 0.998323788878713 -9.014839827405122e-05 -4273756588.4192 140.08772611618042
1.0 4 0.998323788878713 -9.014839827405122e-05 -4273756588.4192 140.07253432273865
1.4444444444444444 0 0.9918816240403593 -9.019355778321245e-05 -3589858151.6860185 159.1848223209381
1.4444444444444444 1 0.9918816240403593 -9.019355778321245e-05 -3589858151.6860185 157.5300796031952
1.4444444444444444 2 0.9918816240403593 -9.019355778321245e-05 -3589858151.6860185 157.36279773712158
1.4444444444444444 3 0.9918816240403593 -9.019355778321245e-05 -3589858151.6860185 157.56319117546082
1.4444444444444444 4 0.9918816240403593 -9.019355778321245e-05 -3589858151.6860185 158.44427800178528
1.8888888888888888 0 0.9846430783298479 -8.947226916902591e-05 -3094619061.3148785 177.76848649978638
1.8888888888888888 1 0.9846430783298479 -8.947226916902591e-05 -3094619061.3148785 177.6838092803955
1.8888888888888888 2 0.9846430783298479 -8.947226916902591e-05 -3094619061.3148785 179.38004350662231
1.8888888888888888 3 0.9846430783298479 -8.947226916902591e-05 -3094619061.3148785 179.56895279884338
1.8888888888888888 4 0.9846430783298479 -8.947226916902591e-05 -3094619061.3148785 174.80717372894287
2.333333333333333 0 0.983587684190416 -8.978793194845622e-05 -2719439677.3525276 180.17365074157715
2.333333333333333 1 0.983587684190416 -8.978793194845622e-05 -2719439677.3525276 181.74318671226501
2.333333333333333 2 0.983587684190416 -8.978793194845622e-05 -2719439677.3525276 180.20476961135864
2.333333333333333 3 0.983587684190416 -8.978793194845622e-05 -2719439677.3525276 180.02019333839417
2.333333333333333 4 0.983587684190416 -8.978793194845622e-05 -2719439677.3525276 180.46991753578186
2.7777777777777777 0 0.9895905678403105 -9.001326062275562e-05 -2425419044.16173 152.13907051086426
2.7777777777777777 1 0.9895905678403105 -9.001326062275562e-05 -2425419044.16173 151.43151211738586
2.7777777777777777 2 0.9895905678403105 -9.001326062275562e-05 -2425419044.16173 152.0165138244629
2.7777777777777777 3 0.9895905678403105 -9.001326062275562e-05 -2425419044.16173 152.3026683330536
2.7777777777777777 4 0.9895905678403105 -9.001326062275562e-05 -2425419044.16173 152.1463828086853
3.2222222222222223 0 0.9825473353207103 -9.001342217178845e-05 -2188716752.666512 183.66229486465454
3.2222222222222223 1 0.9825473353207103 -9.001342217178845e-05 -2188716752.666512 184.48669004440308
3.2222222222222223 2 0.9825473353207103 -9.001342217178845e-05 -2188716752.666512 184.4269359111786
3.2222222222222223 3 0.9825473353207103 -9.001342217178845e-05 -2188716752.666512 183.7086136341095
3.2222222222222223 4 0.9825473353207103 -9.001342217178845e-05 -2188716752.666512 183.6066267490387
3.6666666666666665 0 0.9831964477717805 -9.001352718158439e-05 -1994098445.372724 180.04888939857483
3.6666666666666665 1 0.9831964477717805 -9.001352718158439e-05 -1994098445.372724 179.98604345321655
3.6666666666666665 2 0.9831964477717805 -9.001352718158439e-05 -1994098445.372724 180.00789308547974
3.6666666666666665 3 0.9831964477717805 -9.001352718158439e-05 -1994098445.372724 180.00237917900085
3.6666666666666665 4 0.9831964477717805 -9.001352718158439e-05 -1994098445.372724 179.89560985565186
4.111111111111111 0 0.9780802982453761 -8.947245861380417e-05 -1831275141.0594451 267.13221740722656
4.111111111111111 1 0.9780802982453761 -8.947245861380417e-05 -1831275141.0594451 268.7771632671356
4.111111111111111 2 0.9780802982453761 -8.947245861380417e-05 -1831275141.0594451 266.8611545562744
4.111111111111111 3 0.9780802982453761 -8.947245861380417e-05 -1831275141.0594451 266.8055338859558
4.111111111111111 4 0.9780802982453761 -8.947245861380417e-05 -1831275141.0594451 266.68239426612854
4.555555555555555 0 0.9676911103502442 -8.97889400858473e-05 -1693007047.818187 172.56555223464966
4.555555555555555 1 0.9676911103502442 -8.97889400858473e-05 -1693007047.818187 172.47994899749756
4.555555555555555 2 0.9676911103502442 -8.97889400858473e-05 -1693007047.818187 172.7129728794098
4.555555555555555 3 0.9676911103502442 -8.97889400858473e-05 -1693007047.818187 172.50360870361328
4.555555555555555 4 0.9676911103502442 -8.97889400858473e-05 -1693007047.818187 174.17456650733948
5.0 0 0.9632628514045011 -8.947384793349383e-05 -1574156772.1812372 276.19052171707153
5.0 1 0.9632628514045011 -8.947384793349383e-05 -1574156772.1812372 275.5410945415497
5.0 2 0.9632628514045011 -8.947384793349383e-05 -1574156772.1812372 275.9055676460266
5.0 3 0.9632628514045011 -8.947384793349383e-05 -1574156772.1812372 275.75272512435913
5.0 4 0.9632628514045011 -8.947384793349383e-05 -1574156772.1812372 275.5050449371338
