0.1 0 -2.887325014048247e-06 0.5383732722716394 995072535.7832282 3566.185928583145
0.1 1 -2.887325014048247e-06 0.5383732722716394 995072535.7832282 3562.9471712112427
0.1 2 -2.887325014048247e-06 0.5383732722716394 995072535.7832282 3564.4049825668335
0.1 3 -2.887325014048247e-06 0.5383732722716394 995072535.7832282 3566.5077688694
0.1 4 -2.887325014048247e-06 0.5383732722716394 995072535.7832282 3562.759297847748
0.2 0 -8.950242955953269e-05 0.7607110941752269 930126966.6957488 980.4425070285797
0.2 1 -6.421977920322029e-05 0.7422729406002981 930237491.8826644 3505.5703887939453
0.30000000000000004 0 -8.137343124369808e-05 0.8348095648932645 873257544.8585113 376.79378056526184
0.30000000000000004 1 -8.137343124369808e-05 0.8348095648932645 873257544.8585113 376.38079023361206
0.4 0 -7.866406210765993e-05 0.8819459234751866 822857519.7993722 371.6540701389313
0.4 1 -7.866406210765993e-05 0.8819459234751866 822857519.7993722 369.17715883255005
0.5 0 -8.569802928163688e-05 0.9046059618018817 777994623.7078512 279.32726764678955
0.5 1 -8.569802928163688e-05 0.9046059618018817 777994623.7078512 278.94901633262634
0.6 0 -8.731305040587305e-05 0.9436866086280777 737784473.8194396 207.48984169960022
0.6 1 -8.731305040587305e-05 0.9436866086280777 737784473.8194396 206.99466753005981
0.7000000000000001 0 -9.019674029135551e-05 0.9548112513477292 701512291.8734317 179.55666303634644
0.7000000000000001 1 -9.019674029135551e-05 0.9548112513477292 701512291.8734317 179.24523830413818
0.8 0 -8.947409265081515e-05 0.9638195458178254 668651579.4606739 198.09373545646667
0.8 1 -8.947409265081515e-05 0.9638195458178254 668651579.4606739 198.1647434234619
0.9 0 -8.568594584046879e-05 0.9673262127722024 638728439.071003 209.27523183822632
0.9 1 -8.568594584046879e-05 0.9673262127722024 638728439.071003 209.1747522354126
1.0 0 -9.014929188957446e-05 0.9763302224310307 611371788.9842095 181.51367449760437
1.0 1 -9.014929188957446e-05 0.9763302224310307 611371788.9842095 181.33110356330872
1.4444444444444444 0 -9.001326062275562e-05 0.9895905678403105 513617835.61403865 146.07110714912415
1.4444444444444444 1 -9.001326062275562e-05 0.9895905678403105 513617835.61403865 145.90132069587708
1.8888888888888888 0 -9.019351708749733e-05 0.994295243914465 442829852.455562 190.68367218971252
1.8888888888888888 1 -9.019351708749733e-05 0.994295243914465 442829852.455562 190.37011790275574
2.333333333333333 0 -9.014839827405122e-05 0.998323788878713 389202535.5534511 140.6968276500702
2.333333333333333 1 -9.014839827405122e-05 0.998323788878713 389202535.5534511 140.27029395103455
2.7777777777777777 0 -9.001313945565782e-05 0.9968976001128808 347170504.2899424 135.56166005134583
2.7777777777777777 1 -9.001313945565782e-05 0.9968976001128808 347170504.2899424 135.44652581214905
3.2222222222222223 0 -9.014839827405122e-05 0.998323788878713 313339412.3259715 136.5799858570099
3.2222222222222223 1 -9.014839827405122e-05 0.998323788878713 313339412.3259715 136.43204164505005
3.6666666666666665 0 -9.014839827405122e-05 0.998323788878713 285522658.3256037 125.08809351921082
3.6666666666666665 1 -9.014839827405122e-05 0.998323788878713 285522658.3256037 124.68886399269104
4.111111111111111 0 -9.019348453258006e-05 1.0 262247400.55308226 136.29704523086548
4.111111111111111 1 -9.019348453258006e-05 1.0 262247400.55308226 135.8634316921234
4.555555555555555 0 -9.019348453258006e-05 1.0 242485189.42826623 119.29170846939087
4.555555555555555 1 -9.019348453258006e-05 1.0 242485189.42826623 119.15012502670288
5.0 0 -9.019348453258006e-05 1.0 225496756.73415568 115.87165999412537
5.0 1 -9.019348453258006e-05 1.0 225496756.73415568 116.0113730430603
