0.1 0 -9.019348453258006e-05 1.0 2707901.1408586698 613.7941462993622
0.1 1 -9.019348453258006e-05 1.0 2707859.049345135 520.7186799049377
0.11836734693877551 0 -9.019348453258006e-05 1.0 2694720.101069774 516.9566469192505
0.11836734693877551 1 -9.019348453258006e-05 1.0 2694720.101069774 519.0883183479309
0.13673469387755102 0 -9.019348453258006e-05 1.0 2681698.406325634 610.2733716964722
0.13673469387755102 1 -9.019348453258006e-05 1.0 2681698.406325634 649.2905225753784
0.15510204081632656 0 -9.019348453258006e-05 1.0 2668612.7367846714 581.7268693447113
0.15510204081632656 1 -9.019348453258006e-05 1.0 2668612.7367846714 533.5706806182861
0.17346938775510207 0 -9.019348453258006e-05 1.0 2655594.225938553 613.6346418857574
0.17346938775510207 1 -9.019348453258006e-05 1.0 2655594.225938553 596.7314383983612
0.19183673469387758 0 -9.019348453258006e-05 1.0 2642610.8014980634 616.3016560077667
0.19183673469387758 1 -9.019348453258006e-05 1.0 2642610.8014980634 533.469279050827
0.21020408163265308 0 -9.019348453258006e-05 1.0 2629705.1601527114 525.7105808258057
0.21020408163265308 1 -9.019348453258006e-05 1.0 2629705.1601527114 535.1641974449158
0.2285714285714286 0 -9.019348453258006e-05 1.0 2616998.3021440436 520.8679699897766
0.2285714285714286 1 -9.019348453258006e-05 1.0 2616998.3021440436 517.7826223373413
0.2469387755102041 0 -9.019348453258006e-05 1.0 2604436.215631028 554.7697951793671
0.2469387755102041 1 -9.019348453258006e-05 1.0 2604436.215631028 589.8328356742859
0.2653061224489796 0 -9.019348453258006e-05 1.0 2591929.098715776 484.4356689453125
0.2653061224489796 1 -9.019348453258006e-05 1.0 2591929.098715776 510.0495762825012
0.2836734693877551 0 -9.019348453258006e-05 1.0 2579620.1095337505 529.4365992546082
0.2836734693877551 1 -9.019348453258006e-05 1.0 2579620.1095337505 534.3842735290527
0.3020408163265306 0 -9.019348453258006e-05 1.0 2567415.6242147707 478.20536398887634
0.3020408163265306 1 -9.019348453258006e-05 1.0 2567415.6242147707 480.6887912750244
0.3204081632653062 0 -9.019348453258006e-05 1.0 2555341.1624746784 515.0777766704559
0.3204081632653062 1 -9.019348453258006e-05 1.0 2555341.1624746784 516.8008584976196
0.3387755102040817 0 -9.019348453258006e-05 1.0 2543492.0309830057 552.5468137264252
0.3387755102040817 1 -9.019348453258006e-05 1.0 2543492.0309830057 552.0660688877106
0.3571428571428572 0 -9.019348453258006e-05 1.0 2531751.7806910463 516.3748195171356
0.3571428571428572 1 -9.019348453258006e-05 1.0 2531751.7806910463 481.7062849998474
0.3755102040816327 0 -9.019348453258006e-05 1.0 2520189.4322895478 539.9369459152222
0.3755102040816327 1 -9.019348453258006e-05 1.0 2520189.4322895478 536.9539227485657
0.3938775510204082 0 -9.019348453258006e-05 1.0 2508738.7650759984 548.565286397934
0.3938775510204082 1 -9.019348453258006e-05 1.0 2508738.7650759984 537.7533133029938
0.41224489795918373 0 -9.019348453258006e-05 1.0 2497487.7513951357 508.31480145454407
0.41224489795918373 1 -9.019348453258006e-05 1.0 2497487.7513951357 504.78330063819885
0.43061224489795924 0 -9.019348453258006e-05 1.0 2486333.1542341947 531.321337223053
0.43061224489795924 1 -9.019348453258006e-05 1.0 2486333.1542341947 516.7560606002808
0.44897959183673475 0 -9.019348453258006e-05 1.0 2475319.063606025 496.60192584991455
0.44897959183673475 1 -9.019348453258006e-05 1.0 2475319.063606025 496.37256836891174
0.46734693877551026 0 -9.019348453258006e-05 1.0 2464502.882154308 547.6204979419708
0.46734693877551026 1 -9.019348453258006e-05 1.0 2464502.882154308 548.0908796787262
0.48571428571428577 0 -9.019348453258006e-05 1.0 2453806.0303521464 467.82764291763306
0.48571428571428577 1 -9.019348453258006e-05 1.0 2453806.0303521464 471.14679622650146
0.5040816326530613 0 -9.019348453258006e-05 1.0 2443243.301647524 501.0114986896515
0.5040816326530613 1 -9.019348453258006e-05 1.0 2443243.301647524 501.64349269866943
0.5224489795918368 0 -9.019348453258006e-05 1.0 2432895.829204447 596.1150643825531
0.5224489795918368 1 -9.019348453258006e-05 1.0 2432895.829204447 610.5266799926758
0.5408163265306123 0 -9.019348453258006e-05 1.0 2422583.505833786 483.1054654121399
0.5408163265306123 1 -9.019348453258006e-05 1.0 2422583.505833786 486.8947494029999
0.5591836734693878 0 -9.019348453258006e-05 1.0 2412472.0468970183 500.52060437202454
0.5591836734693878 1 -9.019348453258006e-05 1.0 2412472.0468970183 492.6646807193756
0.5775510204081633 0 -9.019348453258006e-05 1.0 2402512.847431457 523.4176533222198
0.5775510204081633 1 -9.019348453258006e-05 1.0 2402512.847431457 522.3265302181244
0.5959183673469388 0 -9.019348453258006e-05 1.0 2392695.7145408588 468.3109586238861
0.5959183673469388 1 -9.019348453258006e-05 1.0 2392695.7145408588 466.0804831981659
0.6142857142857143 0 -9.019348453258006e-05 1.0 2383025.460100271 514.1140778064728
0.6142857142857143 1 -9.019348453258006e-05 1.0 2383025.460100271 537.8050656318665
0.6326530612244898 0 -9.019348453258006e-05 1.0 2373472.544961528 508.9022879600525
0.6326530612244898 1 -9.019348453258006e-05 1.0 2373472.544961528 519.8643779754639
0.6510204081632653 0 -9.019348453258006e-05 1.0 2364108.9190469873 545.5932471752167
0.6510204081632653 1 -9.019348453258006e-05 1.0 2364108.9190469873 568.230762720108
0.6693877551020408 0 -9.019348453258006e-05 1.0 2354801.8883579364 589.9582016468048
0.6693877551020408 1 -9.019348453258006e-05 1.0 2354801.8883579364 594.2559769153595
0.6877551020408164 0 -9.019348453258006e-05 1.0 2345604.627281285 535.0664150714874
0.6877551020408164 1 -9.019348453258006e-05 1.0 2345604.627281285 538.0376074314117
0.7061224489795919 0 -9.019348453258006e-05 1.0 2336536.4800962945 503.63253593444824
0.7061224489795919 1 -9.019348453258006e-05 1.0 2336536.4800962945 495.33827447891235
0.7244897959183674 0 -9.019348453258006e-05 1.0 2327626.7499543554 599.3097925186157
0.7244897959183674 1 -9.019348453258006e-05 1.0 2327626.7499543554 607.0118796825409
0.7428571428571429 0 -9.019348453258006e-05 1.0 2318838.798404784 513.4364745616913
0.7428571428571429 1 -9.019348453258006e-05 1.0 2318838.798404784 501.08587408065796
0.7612244897959184 0 -9.019348453258006e-05 1.0 2310175.3903735545 585.4724986553192
0.7612244897959184 1 -9.019348453258006e-05 1.0 2310175.3903735545 562.1059279441833
0.7795918367346939 0 -9.019348453258006e-05 1.0 2301606.2712255926 582.8505189418793
0.7795918367346939 1 -9.019348453258006e-05 1.0 2301606.2712255926 585.5848286151886
0.7979591836734694 0 -9.019348453258006e-05 1.0 2293176.6959858295 488.56502771377563
0.7979591836734694 1 -9.019348453258006e-05 1.0 2293176.6959858295 485.8295509815216
0.8163265306122449 0 -9.019348453258006e-05 1.0 2284853.4353233604 526.2100274562836
0.8163265306122449 1 -9.019348453258006e-05 1.0 2284853.4353233604 524.9931213855743
0.8346938775510204 0 -9.01483982740521e-05 0.998323788878713 2276612.9756697565 493.64103150367737
0.8346938775510204 1 -9.01483982740521e-05 0.998323788878713 2276612.9756697565 492.28427743911743
0.8530612244897959 0 -9.019348453258006e-05 1.0 2268507.7570578204 515.9602057933807
0.8530612244897959 1 -9.019348453258006e-05 1.0 2268507.7570578204 524.3159501552582
0.8714285714285714 0 -9.019348453258006e-05 1.0 2260427.074968681 476.34984016418457
0.8714285714285714 1 -9.019348453258006e-05 1.0 2260427.074968681 475.3864006996155
0.889795918367347 0 -9.019348453258006e-05 1.0 2252518.3442625618 467.0796971321106
0.889795918367347 1 -9.019348453258006e-05 1.0 2252518.3442625618 468.65484404563904
0.9081632653061225 0 -9.019348453258006e-05 1.0 2244740.1863371027 451.38952803611755
0.9081632653061225 1 -9.019348453258006e-05 1.0 2244740.1863371027 466.32254433631897
0.926530612244898 0 -9.019348453258006e-05 1.0 2237042.350644791 469.8660795688629
0.926530612244898 1 -9.019348453258006e-05 1.0 2237042.350644791 459.4390504360199
0.9448979591836735 0 -9.019348453258006e-05 1.0 2229472.4141822183 499.3874068260193
0.9448979591836735 1 -9.019348453258006e-05 1.0 2229472.4141822183 498.9923119544983
0.963265306122449 0 -9.019348453258006e-05 1.0 2221995.3091231976 515.0915203094482
0.963265306122449 1 -9.019348453258006e-05 1.0 2221995.3091231976 516.7911915779114
0.9816326530612246 0 -9.019348453258006e-05 1.0 2214550.023358799 460.6909968852997
0.9816326530612246 1 -9.019348453258006e-05 1.0 2214550.023358799 453.4488341808319
1.0 0 -9.019348453258006e-05 1.0 2207273.1507851863 468.80800342559814
1.0 1 -9.019348453258006e-05 1.0 2207273.1507851863 467.4996294975281
1.0612244897959184 0 -9.01483982740521e-05 0.998323788878713 2183471.467523677 467.3140780925751
1.0612244897959184 1 -9.01483982740521e-05 0.998323788878713 2183471.467523677 466.89639234542847
1.1224489795918366 0 -9.019348453258006e-05 1.0 2160630.989262516 451.7604064941406
1.1224489795918366 1 -9.019348453258006e-05 1.0 2160630.989262516 450.228759765625
1.183673469387755 0 -9.019348453258006e-05 1.0 2138804.782668825 457.72115421295166
1.183673469387755 1 -9.019348453258006e-05 1.0 2138804.782668825 458.229341506958
1.2448979591836735 0 -9.019348453258006e-05 1.0 2117857.7603896437 450.84197998046875
1.2448979591836735 1 -9.019348453258006e-05 1.0 2117857.7603896437 449.17932510375977
1.306122448979592 0 -9.019348453258006e-05 1.0 2097700.689742798 456.70892882347107
1.306122448979592 1 -9.019348453258006e-05 1.0 2097700.689742798 457.2248795032501
1.3673469387755102 0 -9.019348453258006e-05 1.0 2078254.9010664183 450.18341064453125
1.3673469387755102 1 -9.019348453258006e-05 1.0 2078254.9010664183 448.8032729625702
1.4285714285714286 0 -9.019348453258006e-05 1.0 2059485.178589894 424.0418620109558
1.4285714285714286 1 -9.019348453258006e-05 1.0 2059485.178589894 424.54357075691223
1.489795918367347 0 -9.019348453258006e-05 1.0 2041451.8692521746 441.7837553024292
1.489795918367347 1 -9.019348453258006e-05 1.0 2041451.8692521746 416.2696497440338
1.5510204081632653 0 -9.019348453258006e-05 1.0 2024125.203401877 575.118091583252
1.5510204081632653 1 -9.019348453258006e-05 1.0 2024125.203401877 575.38152551651
1.6122448979591837 0 -9.019348453258006e-05 1.0 2007435.8366902377 503.3930571079254
1.6122448979591837 1 -9.019348453258006e-05 1.0 2007435.8366902377 503.62999653816223
1.6734693877551021 0 -9.019348453258006e-05 1.0 1991292.524232266 431.4877972602844
1.6734693877551021 1 -9.019348453258006e-05 1.0 1991292.524232266 432.46072459220886
1.7346938775510203 0 -9.019348453258006e-05 1.0 1975723.0981880906 430.78852558135986
1.7346938775510203 1 -9.019348453258006e-05 1.0 1975723.0981880906 431.51297903060913
1.7959183673469388 0 -9.014839827405122e-05 0.998323788878713 1960667.0739024216 446.47711849212646
1.7959183673469388 1 -9.014839827405122e-05 0.998323788878713 1960667.0739024216 446.5086498260498
1.8571428571428572 0 -9.019348453258006e-05 1.0 1946171.4321528687 485.29930806159973
1.8571428571428572 1 -9.019348453258006e-05 1.0 1946171.4321528687 485.35995292663574
1.9183673469387754 0 -9.019348453258006e-05 1.0 1932082.418232527 501.1879332065582
1.9183673469387754 1 -9.019348453258006e-05 1.0 1932082.418232527 502.7963032722473
1.9795918367346939 0 -9.019348453258006e-05 1.0 1918451.6267838953 532.5272605419159
1.9795918367346939 1 -9.019348453258006e-05 1.0 1918451.6267838953 533.6756715774536
2.0408163265306123 0 -9.019348453258006e-05 1.0 1905243.0398855782 478.62683367729187
2.0408163265306123 1 -9.019348453258006e-05 1.0 1905243.0398855782 476.56347608566284
2.1020408163265305 0 -9.019348453258006e-05 1.0 1892471.038712639 452.7647542953491
2.1020408163265305 1 -9.019348453258006e-05 1.0 1892471.038712639 452.9511835575104
2.163265306122449 0 -9.019348453258006e-05 1.0 1880044.4146440602 470.0664715766907
2.163265306122449 1 -9.019348453258006e-05 1.0 1880044.4146440602 468.3127472400665
2.2244897959183674 0 -9.019348453258006e-05 1.0 1867978.1918848814 428.607328414917
2.2244897959183674 1 -9.019348453258006e-05 1.0 1867978.1918848814 429.06662130355835
2.2857142857142856 0 -9.019348453258006e-05 1.0 1856336.6862520548 477.8557343482971
2.2857142857142856 1 -9.019348453258006e-05 1.0 1856336.6862520548 475.2898049354553
2.3469387755102042 0 -9.019348453258006e-05 1.0 1844988.270370443 491.2728431224823
2.3469387755102042 1 -9.019348453258006e-05 1.0 1844988.270370443 491.6229155063629
2.4081632653061225 0 -9.014839827405122e-05 0.998323788878713 1834011.773814702 516.1772437095642
2.4081632653061225 1 -9.014839827405122e-05 0.998323788878713 1834011.773814702 515.2691206932068
2.4693877551020407 0 -9.019348453258006e-05 1.0 1823355.9030628963 531.0219810009003
2.4693877551020407 1 -9.019348453258006e-05 1.0 1823355.9030628963 535.9791147708893
2.5306122448979593 0 -9.019348453258006e-05 1.0 1812960.4523885115 510.1026542186737
2.5306122448979593 1 -9.019348453258006e-05 1.0 1812960.4523885115 507.03939986228943
2.5918367346938775 0 -9.019348453258006e-05 1.0 1802888.1955775258 443.421058177948
2.5918367346938775 1 -9.019348453258006e-05 1.0 1802888.1955775258 444.87860584259033
2.6530612244897958 0 -9.019348453258006e-05 1.0 1793086.0282419233 498.8028247356415
2.6530612244897958 1 -9.019348453258006e-05 1.0 1793086.0282419233 499.16665506362915
2.7142857142857144 0 -9.019348453258006e-05 1.0 1783581.5537416337 460.48079681396484
2.7142857142857144 1 -9.019348453258006e-05 1.0 1783581.5537416337 458.43409514427185
2.7755102040816326 0 -9.019348453258006e-05 1.0 1774293.8885401366 465.3688998222351
2.7755102040816326 1 -9.019348453258006e-05 1.0 1774293.8885401366 469.3051528930664
2.836734693877551 0 -9.019348453258006e-05 1.0 1765266.559226573 475.09209060668945
2.836734693877551 1 -9.019348453258006e-05 1.0 1765266.559226573 466.10778975486755
2.8979591836734695 0 -9.019348453258006e-05 1.0 1756513.5106251352 436.0699038505554
2.8979591836734695 1 -9.019348453258006e-05 1.0 1756513.5106251352 443.03845834732056
2.9591836734693877 0 -9.019348453258006e-05 1.0 1748103.0134549618 1079.0297636985779
2.9591836734693877 1 -9.019348453258006e-05 1.0 1747937.3201548331 1101.3811519145966
3.020408163265306 0 -9.019348453258006e-05 1.0 1739572.2483026795 1034.5879764556885
3.020408163265306 1 -9.019348453258006e-05 1.0 1739572.2483026795 1131.1277050971985
3.0816326530612246 0 -9.019348453258006e-05 1.0 1731396.4853991773 1201.42707157135
3.0816326530612246 1 -9.019348453258006e-05 1.0 1731396.4853991773 1011.7271754741669
3.142857142857143 0 -9.019348453258006e-05 1.0 1723462.2234410066 434.4614324569702
3.142857142857143 1 -9.019348453258006e-05 1.0 1723462.2234410066 423.10298562049866
3.204081632653061 0 -9.019348453258006e-05 1.0 1715705.064072283 469.2894105911255
3.204081632653061 1 -9.019348453258006e-05 1.0 1715705.064072283 467.3698902130127
3.2653061224489797 0 -9.019348453258006e-05 1.0 1708172.345751249 436.6038484573364
3.2653061224489797 1 -9.019348453258006e-05 1.0 1708172.345751249 435.19334840774536
3.326530612244898 0 -9.019348453258006e-05 1.0 1700778.062304282 437.0174033641815
3.326530612244898 1 -9.019348453258006e-05 1.0 1700778.062304282 435.6157076358795
3.387755102040816 0 -9.019348453258006e-05 1.0 1693596.06096326 485.36726093292236
3.387755102040816 1 -9.019348453258006e-05 1.0 1693596.06096326 483.5766851902008
3.4489795918367347 0 -9.019348453258006e-05 1.0 1686572.9170348688 444.003351688385
3.4489795918367347 1 -9.019348453258006e-05 1.0 1686572.9170348688 444.45153975486755
3.510204081632653 0 -9.019348453258006e-05 1.0 1679640.99061147 404.6898193359375
3.510204081632653 1 -9.019348453258006e-05 1.0 1679640.99061147 404.1830508708954
3.571428571428571 0 -9.019348453258006e-05 1.0 1672955.5706878623 412.57090735435486
3.571428571428571 1 -9.019348453258006e-05 1.0 1672955.5706878623 411.5555260181427
3.63265306122449 0 -9.019348453258006e-05 1.0 1666370.168091733 476.2653157711029
3.63265306122449 1 -9.019348453258006e-05 1.0 1666370.168091733 475.07629227638245
3.693877551020408 0 -9.019348453258006e-05 1.0 1659919.9865874595 427.68304800987244
3.693877551020408 1 -9.019348453258006e-05 1.0 1659919.9865874595 448.8286669254303
3.7551020408163263 0 -9.019348453258006e-05 1.0 1653625.2954108184 491.11702251434326
3.7551020408163263 1 -9.019348453258006e-05 1.0 1653625.2954108184 487.6210935115814
3.816326530612245 0 -9.019348453258006e-05 1.0 1647505.349620529 465.89272832870483
3.816326530612245 1 -9.019348453258006e-05 1.0 1647505.349620529 464.8795886039734
3.877551020408163 0 -9.019348453258006e-05 1.0 1641486.2989888766 424.5416247844696
3.877551020408163 1 -9.019348453258006e-05 1.0 1641486.2989888766 422.5465717315674
3.9387755102040813 0 -9.019348453258006e-05 1.0 1635571.088678469 529.2815942764282
3.9387755102040813 1 -9.019348453258006e-05 1.0 1635571.088678469 526.1637811660767
4.0 0 -9.019348453258006e-05 1.0 1629797.0265284912 493.92595648765564
4.0 1 -9.019348453258006e-05 1.0 1629797.0265284912 493.72950077056885
4.111111111111111 0 -9.01483982740521e-05 0.998323788878713 1619558.495774662 416.18768310546875
4.111111111111111 1 -9.01483982740521e-05 0.998323788878713 1619558.495774662 416.5943412780762
4.222222222222222 0 -9.019348453258006e-05 1.0 1609780.1801425412 402.3876910209656
4.222222222222222 1 -9.019348453258006e-05 1.0 1609780.1801425412 400.6676275730133
4.333333333333333 0 -9.019348453258006e-05 1.0 1600349.5832510213 478.6174898147583
4.333333333333333 1 -9.019348453258006e-05 1.0 1600349.5832510213 474.6978921890259
4.444444444444445 0 -9.019348453258006e-05 1.0 1591274.3338072626 432.31263732910156
4.444444444444445 1 -9.019348453258006e-05 1.0 1591274.3338072626 425.89144706726074
4.555555555555555 0 -9.019348453258006e-05 1.0 1582431.5178146288 384.7486689090729
4.555555555555555 1 -9.019348453258006e-05 1.0 1582431.5178146288 384.23438000679016
4.666666666666667 0 -9.019348453258006e-05 1.0 1573975.618929436 479.4485423564911
4.666666666666667 1 -9.019348453258006e-05 1.0 1573975.618929436 481.39567708969116
4.777777777777778 0 -9.019348453258006e-05 1.0 1565720.0455170898 424.766318321228
4.777777777777778 1 -9.019348453258006e-05 1.0 1565720.0455170898 425.52535367012024
4.888888888888889 0 -9.019348453258006e-05 1.0 1557838.7104018254 477.34067130088806
4.888888888888889 1 -9.019348453258006e-05 1.0 1557838.7104018254 479.15814423561096
5.0 0 -9.019348453258006e-05 1.0 1550145.4704346075 397.4418456554413
5.0 1 -9.019348453258006e-05 1.0 1550145.4704346075 392.64575457572937
