0.1 0 1.0 -9.019348453258006e-05 217013968610147.94 148.01338267326355
0.1 1 1.0 -9.019348453258006e-05 217014002209431.5 137.2319278717041
0.2 0 0.998323788878713 -9.014839827405122e-05 202047592564393.75 128.25740218162537
0.2 1 0.998323788878713 -9.014839827405122e-05 202047592564393.75 128.336092710495
0.30000000000000004 0 1.0 -9.019348453258006e-05 189012304223422.8 128.06806588172913
0.30000000000000004 1 1.0 -9.019348453258006e-05 189012304223422.8 128.21822595596313
0.4 0 1.0 -9.019348453258006e-05 177557187249754.78 115.04797983169556
0.4 1 1.0 -9.019348453258006e-05 177557187249754.78 115.11933827400208
0.5 0 0.9968976001128808 -9.001313945565782e-05 167411045552656.53 141.40868043899536
0.5 1 0.9968976001128808 -9.001313945565782e-05 167411045552656.53 141.40864253044128
0.6 0 0.9952214793779951 -9.014839827405122e-05 158361833743843.6 130.11463499069214
0.6 1 0.9952214793779951 -9.014839827405122e-05 158361833743843.6 130.13339972496033
0.7000000000000001 0 0.9955657804401536 -9.014841452287524e-05 150240969183915.75 126.65637540817261
0.7000000000000001 1 0.9955657804401536 -9.014841452287524e-05 150240969183915.75 126.47692537307739
0.8 0 0.9955657804401536 -9.014841452287524e-05 142912088490835.84 120.15513348579407
0.8 1 0.9955657804401536 -9.014841452287524e-05 142912088490835.84 120.00651454925537
0.9 0 0.9955657804401536 -9.014841452287524e-05 136265306026668.28 157.07707977294922
0.9 1 0.9955657804401536 -9.014841452287524e-05 136265306026668.28 156.68995690345764
1.0 0 0.9907231699102473 -8.978778792736044e-05 130208884154538.31 141.7329695224762
1.0 1 0.9907231699102473 -8.978778792736044e-05 130208884154538.31 141.67652320861816
5.0 0 0.8562982373464151 -8.259063955338079e-05 46876097560188.055 444.06587409973145
5.0 1 0.8562982373464151 -8.259063955338079e-05 46876097560188.055 443.8256449699402
5.555555555555555 0 0.8359706936366608 -9.02199394124144e-05 43049379932975.68 3595.343011856079
5.555555555555555 1 0.8359706936366608 -9.02199394124144e-05 43049379932975.68 3591.1266810894012
6.111111111111111 0 0.8157113267683098 -8.951650497074022e-05 39800463438118.555 750.1898260116577
6.111111111111111 1 0.8157113267683098 -8.951650497074022e-05 39800463438118.555 750.2474174499512
6.666666666666667 0 0.7851303393753647 -7.7176493777661e-05 37007479811803.234 3595.9675719738007
6.666666666666667 1 0.7851303393753647 -7.7176493777661e-05 37007479811803.234 3579.893882036209
7.222222222222222 0 0.7829897703775974 -8.259522318062984e-05 34581024407092.32 3577.196535348892
7.222222222222222 1 0.7829897703775974 -8.259522318062984e-05 34581024407092.32 3572.5939388275146
7.777777777777778 0 0.7659256943677009 -8.570611813273182e-05 32453199392243.36 3559.8104243278503
7.777777777777778 1 0.7659256943677009 -8.570611813273182e-05 32453199392243.36 3557.4894876480103
8.333333333333334 0 0.7536025204497833 -8.006356217796794e-05 30572819915846.203 3589.775802373886
8.333333333333334 1 0.7536025204497833 -8.006356217796794e-05 30572819915846.203 3725.3088834285736
8.88888888888889 0 0.7385108153021704 -9.003174783643829e-05 28897758984132.742 3739.3987135887146
8.88888888888889 1 0.7385108153021704 -9.003174783643829e-05 28897758984132.742 3673.4821236133575
9.444444444444445 0 0.7339489596781068 -3.171873018743713e-05 27395433556966.848 3619.2027308940887
9.444444444444445 1 0.7339489596781068 -3.171873018743713e-05 27395433556966.848 3598.434977531433
10.0 0 0.7152777030291914 -7.031309917427524e-05 26043925842169.855 3657.9536683559418
10.0 1 0.7152777030291914 -7.031309917427524e-05 26043925842169.855 3604.0324001312256
