0.1 0 1.0 -9.019348453258006e-05 1762538.3923088373 461.85697388648987
0.1 1 1.0 -9.019348453258006e-05 1762512.4049365697 479.70917081832886
0.1 2 1.0 -9.019348453258006e-05 1762512.4049365697 483.06618666648865
0.1 3 1.0 -9.019348453258006e-05 1762512.4049365697 488.5281283855438
0.1 4 1.0 -9.019348453258006e-05 1762512.4049365697 501.3532109260559
0.11836734693877551 0 1.0 -9.019348453258006e-05 1764644.1662362865 466.49261021614075
0.11836734693877551 1 1.0 -9.019348453258006e-05 1764644.1662362865 461.9528772830963
0.11836734693877551 2 1.0 -9.019348453258006e-05 1764644.1662362865 468.9519591331482
0.11836734693877551 3 1.0 -9.019348453258006e-05 1764644.1662362865 484.2809283733368
0.11836734693877551 4 1.0 -9.019348453258006e-05 1764644.1662362865 487.3259735107422
0.13673469387755102 0 1.0 -9.019348453258006e-05 1766563.0710839955 445.6049771308899
0.13673469387755102 1 1.0 -9.019348453258006e-05 1766548.857841406 481.9059228897095
0.13673469387755102 2 1.0 -9.019348453258006e-05 1766548.857841406 475.7871422767639
0.13673469387755102 3 1.0 -9.019348453258006e-05 1766548.857841406 474.31116127967834
0.13673469387755102 4 1.0 -9.019348453258006e-05 1766548.857841406 473.0801565647125
0.15510204081632656 0 1.0 -9.019348453258006e-05 1768054.9235229008 462.52412009239197
0.15510204081632656 1 1.0 -9.019348453258006e-05 1768054.9235229008 464.1529757976532
0.15510204081632656 2 1.0 -9.019348453258006e-05 1768054.9235229008 460.6289019584656
0.15510204081632656 3 1.0 -9.019348453258006e-05 1768054.9235229008 457.7219054698944
0.15510204081632656 4 1.0 -9.019348453258006e-05 1768054.9235229008 461.0239598751068
0.17346938775510207 0 1.0 -9.019348453258006e-05 1769312.365145775 479.3571059703827
0.17346938775510207 1 1.0 -9.019348453258006e-05 1769312.365145775 464.59630155563354
0.17346938775510207 2 1.0 -9.019348453258006e-05 1769312.365145775 438.06712889671326
0.17346938775510207 3 1.0 -9.019348453258006e-05 1769312.365145775 454.45292353630066
0.17346938775510207 4 1.0 -9.019348453258006e-05 1769312.365145775 444.3636975288391
0.19183673469387758 0 1.0 -9.019348453258006e-05 1770295.9025954558 431.9357764720917
0.19183673469387758 1 1.0 -9.019348453258006e-05 1770295.9025954558 428.4307391643524
0.19183673469387758 2 1.0 -9.019348453258006e-05 1770295.9025954558 422.8230674266815
0.19183673469387758 3 1.0 -9.019348453258006e-05 1770295.9025954558 444.8509192466736
0.19183673469387758 4 1.0 -9.019348453258006e-05 1770295.9025954558 438.5310137271881
0.21020408163265308 0 1.0 -9.019348453258006e-05 1771171.6523048799 396.3749122619629
0.21020408163265308 1 0.998323788878713 -9.01483982740521e-05 1771048.266713332 454.7122097015381
0.21020408163265308 2 0.998323788878713 -9.01483982740521e-05 1771048.266713332 445.0325036048889
0.21020408163265308 3 0.998323788878713 -9.01483982740521e-05 1771048.266713332 448.1393539905548
0.21020408163265308 4 0.998323788878713 -9.01483982740521e-05 1771048.266713332 447.36811232566833
0.2285714285714286 0 1.0 -9.019348453258006e-05 1771716.8672371674 515.4411289691925
0.2285714285714286 1 1.0 -9.019348453258006e-05 1771716.8672371674 518.8221759796143
0.2285714285714286 2 1.0 -9.019348453258006e-05 1771716.8672371674 517.7508630752563
0.2285714285714286 3 1.0 -9.019348453258006e-05 1771716.8672371674 509.03710532188416
0.2285714285714286 4 1.0 -9.019348453258006e-05 1771716.8672371674 508.6817264556885
0.2469387755102041 0 1.0 -9.019348453258006e-05 1772249.8321860041 440.436322927475
0.2469387755102041 1 1.0 -9.019348453258006e-05 1772249.8321860041 441.34037804603577
0.2469387755102041 2 1.0 -9.019348453258006e-05 1772249.8321860041 441.12291073799133
0.2469387755102041 3 1.0 -9.019348453258006e-05 1772249.8321860041 440.92606925964355
0.2469387755102041 4 1.0 -9.019348453258006e-05 1772249.8321860041 442.65837836265564
0.2653061224489796 0 1.0 -9.019348453258006e-05 1772555.441988605 479.0887281894684
0.2653061224489796 1 1.0 -9.019348453258006e-05 1772555.441988605 479.033034324646
0.2653061224489796 2 1.0 -9.019348453258006e-05 1772555.441988605 477.8261661529541
0.2653061224489796 3 1.0 -9.019348453258006e-05 1772555.441988605 476.5419867038727
0.2653061224489796 4 1.0 -9.019348453258006e-05 1772555.441988605 480.42193245887756
0.2836734693877551 0 1.0 -9.019348453258006e-05 1772801.9687342145 471.20554852485657
0.2836734693877551 1 1.0 -9.019348453258006e-05 1772801.9687342145 470.83009338378906
0.2836734693877551 2 1.0 -9.019348453258006e-05 1772801.9687342145 470.14470648765564
0.2836734693877551 3 1.0 -9.019348453258006e-05 1772801.9687342145 471.59165811538696
0.2836734693877551 4 1.0 -9.019348453258006e-05 1772801.9687342145 472.47352862358093
0.3020408163265306 0 1.0 -9.019348453258006e-05 1772897.5939087644 434.67462968826294
0.3020408163265306 1 1.0 -9.019348453258006e-05 1772897.5939087644 442.3311188220978
0.3020408163265306 2 1.0 -9.019348453258006e-05 1772897.5939087644 447.46067690849304
0.3020408163265306 3 1.0 -9.019348453258006e-05 1772897.5939087644 443.6384792327881
0.3020408163265306 4 1.0 -9.019348453258006e-05 1772897.5939087644 436.98001527786255
0.3204081632653062 0 1.0 -9.019348453258006e-05 1772876.1866471427 501.5209858417511
0.3204081632653062 1 1.0 -9.019348453258006e-05 1772876.1866471427 501.63633704185486
0.3204081632653062 2 1.0 -9.019348453258006e-05 1772876.1866471427 500.6490843296051
0.3204081632653062 3 1.0 -9.019348453258006e-05 1772876.1866471427 502.2875609397888
0.3204081632653062 4 1.0 -9.019348453258006e-05 1772876.1866471427 501.94112730026245
0.3387755102040817 0 1.0 -9.019348453258006e-05 1772836.6578572867 509.34598183631897
0.3387755102040817 1 1.0 -9.019348453258006e-05 1772836.6578572867 508.8240351676941
0.3387755102040817 2 1.0 -9.019348453258006e-05 1772836.6578572867 509.851619720459
0.3387755102040817 3 1.0 -9.019348453258006e-05 1772836.6578572867 509.6172397136688
0.3387755102040817 4 1.0 -9.019348453258006e-05 1772836.6578572867 509.50289511680603
0.3571428571428572 0 1.0 -9.019348453258006e-05 1772674.258433015 441.65807938575745
0.3571428571428572 1 1.0 -9.019348453258006e-05 1772674.258433015 441.8875689506531
0.3571428571428572 2 1.0 -9.019348453258006e-05 1772674.258433015 441.3852698802948
0.3571428571428572 3 1.0 -9.019348453258006e-05 1772674.258433015 441.32209396362305
0.3571428571428572 4 1.0 -9.019348453258006e-05 1772674.258433015 441.4944577217102
0.3755102040816327 0 1.0 -9.019348453258006e-05 1772460.4708708003 441.4396719932556
0.3755102040816327 1 1.0 -9.019348453258006e-05 1772460.4708708003 442.40335607528687
0.3755102040816327 2 1.0 -9.019348453258006e-05 1772460.4708708003 440.8517835140228
0.3755102040816327 3 1.0 -9.019348453258006e-05 1772460.4708708003 441.2345118522644
0.3755102040816327 4 1.0 -9.019348453258006e-05 1772460.4708708003 441.76902294158936
0.3938775510204082 0 1.0 -9.019348453258006e-05 1772143.0399081884 425.1520299911499
0.3938775510204082 1 1.0 -9.019348453258006e-05 1772143.0399081884 424.7379035949707
0.3938775510204082 2 1.0 -9.019348453258006e-05 1772143.0399081884 425.0947036743164
0.3938775510204082 3 1.0 -9.019348453258006e-05 1772143.0399081884 424.5880389213562
0.3938775510204082 4 1.0 -9.019348453258006e-05 1772143.0399081884 424.7258517742157
0.41224489795918373 0 1.0 -9.019348453258006e-05 1771803.8319855882 449.7208170890808
0.41224489795918373 1 1.0 -9.019348453258006e-05 1771803.8319855882 450.27144384384155
0.41224489795918373 2 1.0 -9.019348453258006e-05 1771803.8319855882 449.7174229621887
0.41224489795918373 3 1.0 -9.019348453258006e-05 1771803.8319855882 450.311918258667
0.41224489795918373 4 1.0 -9.019348453258006e-05 1771803.8319855882 449.6052577495575
0.43061224489795924 0 1.0 -9.019348453258006e-05 1771356.7217070474 444.64056730270386
0.43061224489795924 1 1.0 -9.019348453258006e-05 1771356.7217070474 445.09574937820435
0.43061224489795924 2 1.0 -9.019348453258006e-05 1771356.7217070474 445.0692343711853
0.43061224489795924 3 1.0 -9.019348453258006e-05 1771356.7217070474 444.2518539428711
0.43061224489795924 4 1.0 -9.019348453258006e-05 1771356.7217070474 444.4858388900757
0.44897959183673475 0 1.0 -9.019348453258006e-05 1770856.3851133506 495.579626083374
0.44897959183673475 1 1.0 -9.019348453258006e-05 1770856.3851133506 496.28001713752747
0.44897959183673475 2 1.0 -9.019348453258006e-05 1770856.3851133506 495.7087459564209
0.44897959183673475 3 1.0 -9.019348453258006e-05 1770856.3851133506 496.1913003921509
0.44897959183673475 4 1.0 -9.019348453258006e-05 1770856.3851133506 495.4045433998108
0.46734693877551026 0 1.0 -9.019348453258006e-05 1770344.8209605971 504.51193618774414
0.46734693877551026 1 1.0 -9.019348453258006e-05 1770344.8209605971 504.61273527145386
0.46734693877551026 2 1.0 -9.019348453258006e-05 1770344.8209605971 504.83656764030457
0.46734693877551026 3 1.0 -9.019348453258006e-05 1770344.8209605971 505.50003957748413
0.46734693877551026 4 1.0 -9.019348453258006e-05 1770344.8209605971 504.21162486076355
0.48571428571428577 0 1.0 -9.019348453258006e-05 1769772.1479310263 452.1455554962158
0.48571428571428577 1 1.0 -9.019348453258006e-05 1769772.1479310263 460.96247720718384
0.48571428571428577 2 1.0 -9.019348453258006e-05 1769772.1479310263 452.1432363986969
0.48571428571428577 3 1.0 -9.019348453258006e-05 1769772.1479310263 452.6692404747009
0.48571428571428577 4 1.0 -9.019348453258006e-05 1769772.1479310263 451.52898478507996
0.5040816326530613 0 1.0 -9.019348453258006e-05 1769143.5048376215 398.2860794067383
0.5040816326530613 1 1.0 -9.019348453258006e-05 1769143.5048376215 397.2000777721405
0.5040816326530613 2 1.0 -9.019348453258006e-05 1769143.5048376215 397.31701278686523
0.5040816326530613 3 1.0 -9.019348453258006e-05 1769143.5048376215 398.05441880226135
0.5040816326530613 4 1.0 -9.019348453258006e-05 1769143.5048376215 397.6520757675171
0.5224489795918368 0 1.0 -9.019348453258006e-05 1768549.15555673 469.151180267334
0.5224489795918368 1 1.0 -9.019348453258006e-05 1768549.15555673 468.7051067352295
0.5224489795918368 2 1.0 -9.019348453258006e-05 1768549.15555673 467.9136869907379
0.5224489795918368 3 1.0 -9.019348453258006e-05 1768549.15555673 469.08538818359375
0.5224489795918368 4 1.0 -9.019348453258006e-05 1768549.15555673 468.70148372650146
0.5408163265306123 0 1.0 -9.019348453258006e-05 1767828.7650722135 431.69829845428467
0.5408163265306123 1 1.0 -9.019348453258006e-05 1767828.7650722135 431.5068213939667
0.5408163265306123 2 1.0 -9.019348453258006e-05 1767828.7650722135 430.63082575798035
0.5408163265306123 3 1.0 -9.019348453258006e-05 1767828.7650722135 431.38377928733826
0.5408163265306123 4 1.0 -9.019348453258006e-05 1767828.7650722135 431.3547613620758
0.5591836734693878 0 1.0 -9.019348453258006e-05 1767112.251166544 397.27614879608154
0.5591836734693878 1 1.0 -9.019348453258006e-05 1767112.251166544 397.2160749435425
0.5591836734693878 2 1.0 -9.019348453258006e-05 1767112.251166544 397.2362651824951
0.5591836734693878 3 1.0 -9.019348453258006e-05 1767112.251166544 398.57799649238586
0.5591836734693878 4 1.0 -9.019348453258006e-05 1767112.251166544 397.38819646835327
0.5775510204081633 0 1.0 -9.019348453258006e-05 1766399.4990291852 407.58064103126526
0.5775510204081633 1 1.0 -9.019348453258006e-05 1766399.4990291852 407.1147620677948
0.5775510204081633 2 1.0 -9.019348453258006e-05 1766399.4990291852 406.6666886806488
0.5775510204081633 3 1.0 -9.019348453258006e-05 1766399.4990291852 408.1607668399811
0.5775510204081633 4 1.0 -9.019348453258006e-05 1766399.4990291852 407.31426906585693
0.5959183673469388 0 1.0 -9.019348453258006e-05 1765654.4759547221 476.26268887519836
0.5959183673469388 1 1.0 -9.019348453258006e-05 1765654.4759547221 475.99619603157043
0.5959183673469388 2 1.0 -9.019348453258006e-05 1765654.4759547221 475.955420255661
0.5959183673469388 3 1.0 -9.019348453258006e-05 1765654.4759547221 476.2356102466583
0.5959183673469388 4 1.0 -9.019348453258006e-05 1765654.4759547221 475.776908159256
0.6142857142857143 0 1.0 -9.019348453258006e-05 1764913.729968741 432.7747173309326
0.6142857142857143 1 1.0 -9.019348453258006e-05 1764913.729968741 432.5503008365631
0.6142857142857143 2 1.0 -9.019348453258006e-05 1764913.729968741 432.20941829681396
0.6142857142857143 3 1.0 -9.019348453258006e-05 1764913.729968741 432.8263454437256
0.6142857142857143 4 1.0 -9.019348453258006e-05 1764913.729968741 432.5971302986145
0.6326530612244898 0 1.0 -9.019348453258006e-05 1764120.4136980483 476.3781487941742
0.6326530612244898 1 1.0 -9.019348453258006e-05 1764120.4136980483 476.47496271133423
0.6326530612244898 2 1.0 -9.019348453258006e-05 1764120.4136980483 476.2630715370178
0.6326530612244898 3 1.0 -9.019348453258006e-05 1764120.4136980483 476.01516485214233
0.6326530612244898 4 1.0 -9.019348453258006e-05 1764120.4136980483 479.00463008880615
0.6510204081632653 0 1.0 -9.019348453258006e-05 1763374.6211274085 422.1244387626648
0.6510204081632653 1 1.0 -9.019348453258006e-05 1763374.6211274085 420.8899042606354
0.6510204081632653 2 1.0 -9.019348453258006e-05 1763374.6211274085 426.0055983066559
0.6510204081632653 3 1.0 -9.019348453258006e-05 1763374.6211274085 428.9457757472992
0.6510204081632653 4 1.0 -9.019348453258006e-05 1763374.6211274085 428.42461609840393
0.6693877551020408 0 1.0 -9.019348453258006e-05 1762537.5236624135 470.96362137794495
0.6693877551020408 1 1.0 -9.019348453258006e-05 1762537.5236624135 470.5867443084717
0.6693877551020408 2 1.0 -9.019348453258006e-05 1762537.5236624135 471.44691276550293
0.6693877551020408 3 1.0 -9.019348453258006e-05 1762537.5236624135 458.2903878688812
0.6693877551020408 4 1.0 -9.019348453258006e-05 1762537.5236624135 467.1435377597809
0.6877551020408164 0 0.998323788878713 -9.014839827405122e-05 1761674.795985592 391.992564201355
0.6877551020408164 1 0.998323788878713 -9.014839827405122e-05 1761674.795985592 391.7751274108887
0.6877551020408164 2 0.998323788878713 -9.014839827405122e-05 1761674.795985592 391.4833507537842
0.6877551020408164 3 0.998323788878713 -9.014839827405122e-05 1761674.795985592 391.71278405189514
0.6877551020408164 4 0.998323788878713 -9.014839827405122e-05 1761674.795985592 391.08431601524353
0.7061224489795919 0 1.0 -9.019348453258006e-05 1761020.174336656 397.4780433177948
0.7061224489795919 1 1.0 -9.019348453258006e-05 1760800.734499577 409.50716853141785
0.7061224489795919 2 1.0 -9.019348453258006e-05 1760800.734499577 405.28797340393066
0.7061224489795919 3 1.0 -9.019348453258006e-05 1760800.734499577 422.7957491874695
0.7061224489795919 4 1.0 -9.019348453258006e-05 1760800.734499577 444.0074472427368
0.7244897959183674 0 1.0 -9.019348453258006e-05 1759943.9994065817 426.76137375831604
0.7244897959183674 1 1.0 -9.019348453258006e-05 1759943.9994065817 418.9561905860901
0.7244897959183674 2 1.0 -9.019348453258006e-05 1759943.9994065817 426.35868072509766
0.7244897959183674 3 1.0 -9.019348453258006e-05 1759943.9994065817 433.9879376888275
0.7244897959183674 4 1.0 -9.019348453258006e-05 1759943.9994065817 422.0190327167511
0.7428571428571429 0 1.0 -9.019348453258006e-05 1759087.1660630903 437.64431047439575
0.7428571428571429 1 1.0 -9.019348453258006e-05 1759087.1660630903 438.26416277885437
0.7428571428571429 2 1.0 -9.019348453258006e-05 1759087.1660630903 444.2096242904663
0.7428571428571429 3 1.0 -9.019348453258006e-05 1759087.1660630903 444.6931052207947
0.7428571428571429 4 1.0 -9.019348453258006e-05 1759087.1660630903 446.1752460002899
0.7612244897959184 0 1.0 -9.019348453258006e-05 1758207.3104357314 454.9297080039978
0.7612244897959184 1 1.0 -9.019348453258006e-05 1758207.3104357314 449.9284636974335
0.7612244897959184 2 1.0 -9.019348453258006e-05 1758207.3104357314 449.6202001571655
0.7612244897959184 3 1.0 -9.019348453258006e-05 1758207.3104357314 457.0197706222534
0.7612244897959184 4 1.0 -9.019348453258006e-05 1758207.3104357314 457.81193470954895
0.7795918367346939 0 1.0 -9.019348453258006e-05 1757307.3848484824 464.5852372646332
0.7795918367346939 1 1.0 -9.019348453258006e-05 1757307.3848484824 466.92995619773865
0.7795918367346939 2 1.0 -9.019348453258006e-05 1757307.3848484824 464.3110282421112
0.7795918367346939 3 1.0 -9.019348453258006e-05 1757307.3848484824 471.05995082855225
0.7795918367346939 4 1.0 -9.019348453258006e-05 1757307.3848484824 465.884357213974
0.7979591836734694 0 1.0 -9.019348453258006e-05 1756430.7458116328 453.51714611053467
0.7979591836734694 1 1.0 -9.019348453258006e-05 1756430.7458116328 456.6188175678253
0.7979591836734694 2 1.0 -9.019348453258006e-05 1756430.7458116328 472.422949552536
0.7979591836734694 3 1.0 -9.019348453258006e-05 1756430.7458116328 420.3087589740753
0.7979591836734694 4 1.0 -9.019348453258006e-05 1756430.7458116328 417.5222442150116
0.8163265306122449 0 1.0 -9.019348453258006e-05 1755532.0745143974 406.8514380455017
0.8163265306122449 1 1.0 -9.019348453258006e-05 1755532.0745143974 410.9106562137604
0.8163265306122449 2 1.0 -9.019348453258006e-05 1755532.0745143974 403.3320825099945
0.8163265306122449 3 1.0 -9.019348453258006e-05 1755532.0745143974 405.5667154788971
0.8163265306122449 4 1.0 -9.019348453258006e-05 1755532.0745143974 404.52310395240784
0.8346938775510204 0 1.0 -9.019348453258006e-05 1754603.6826122538 417.78450298309326
0.8346938775510204 1 1.0 -9.019348453258006e-05 1754603.6826122538 411.83298206329346
0.8346938775510204 2 1.0 -9.019348453258006e-05 1754603.6826122538 412.19439578056335
0.8346938775510204 3 1.0 -9.019348453258006e-05 1754603.6826122538 411.6173484325409
0.8346938775510204 4 1.0 -9.019348453258006e-05 1754603.6826122538 415.68592977523804
0.8530612244897959 0 1.0 -9.019348453258006e-05 1753688.8229081468 379.1784977912903
0.8530612244897959 1 1.0 -9.019348453258006e-05 1753688.8229081468 378.66442370414734
0.8530612244897959 2 1.0 -9.019348453258006e-05 1753688.8229081468 375.07825207710266
0.8530612244897959 3 1.0 -9.019348453258006e-05 1753688.8229081468 375.17097187042236
0.8530612244897959 4 1.0 -9.019348453258006e-05 1753688.8229081468 368.2562873363495
0.8714285714285714 0 1.0 -9.019348453258006e-05 1752699.6818443593 450.6878168582916
0.8714285714285714 1 1.0 -9.019348453258006e-05 1752699.6818443593 447.0263502597809
0.8714285714285714 2 1.0 -9.019348453258006e-05 1752699.6818443593 445.85336422920227
0.8714285714285714 3 1.0 -9.019348453258006e-05 1752699.6818443593 447.51462483406067
0.8714285714285714 4 1.0 -9.019348453258006e-05 1752699.6818443593 449.2783544063568
0.889795918367347 0 1.0 -9.019348453258006e-05 1751764.0842669709 436.9729075431824
0.889795918367347 1 1.0 -9.019348453258006e-05 1751764.0842669709 436.701598405838
0.889795918367347 2 1.0 -9.019348453258006e-05 1751764.0842669709 436.5373947620392
0.889795918367347 3 1.0 -9.019348453258006e-05 1751764.0842669709 439.19238209724426
0.889795918367347 4 1.0 -9.019348453258006e-05 1751764.0842669709 440.958199262619
0.9081632653061225 0 1.0 -9.019348453258006e-05 1750853.201946159 436.2412676811218
0.9081632653061225 1 1.0 -9.019348453258006e-05 1750853.201946159 429.5520193576813
0.9081632653061225 2 1.0 -9.019348453258006e-05 1750853.201946159 432.0301287174225
0.9081632653061225 3 1.0 -9.019348453258006e-05 1750853.201946159 428.6160593032837
0.9081632653061225 4 1.0 -9.019348453258006e-05 1750853.201946159 428.9712040424347
0.926530612244898 0 1.0 -9.019348453258006e-05 1749921.2818973958 401.38751554489136
0.926530612244898 1 1.0 -9.019348453258006e-05 1749921.2818973958 398.74322271347046
0.926530612244898 2 1.0 -9.019348453258006e-05 1749921.2818973958 395.60878801345825
0.926530612244898 3 1.0 -9.019348453258006e-05 1749921.2818973958 395.4124822616577
0.926530612244898 4 1.0 -9.019348453258006e-05 1749921.2818973958 398.68392872810364
0.9448979591836735 0 1.0 -9.019348453258006e-05 1749016.7789199804 399.55763697624207
0.9448979591836735 1 1.0 -9.019348453258006e-05 1749016.7789199804 393.88268971443176
0.9448979591836735 2 1.0 -9.019348453258006e-05 1749016.7789199804 394.14126563072205
0.9448979591836735 3 1.0 -9.019348453258006e-05 1749016.7789199804 394.5811252593994
0.9448979591836735 4 1.0 -9.019348453258006e-05 1749016.7789199804 413.45981669425964
0.963265306122449 0 1.0 -9.019348453258006e-05 1748097.946435125 500.1792688369751
0.963265306122449 1 1.0 -9.019348453258006e-05 1748097.946435125 517.6164276599884
0.963265306122449 2 1.0 -9.019348453258006e-05 1748097.946435125 516.0078771114349
0.963265306122449 3 1.0 -9.019348453258006e-05 1748097.946435125 514.2490179538727
0.963265306122449 4 1.0 -9.019348453258006e-05 1748097.946435125 512.6663777828217
0.9816326530612246 0 1.0 -9.019348453258006e-05 1747127.3823043746 439.3416531085968
0.9816326530612246 1 1.0 -9.019348453258006e-05 1747127.3823043746 432.3174161911011
0.9816326530612246 2 1.0 -9.019348453258006e-05 1747127.3823043746 441.3775682449341
0.9816326530612246 3 1.0 -9.019348453258006e-05 1747127.3823043746 455.663458108902
0.9816326530612246 4 1.0 -9.019348453258006e-05 1747127.3823043746 450.59425711631775
1.0 0 1.0 -9.019348453258006e-05 1746214.7788499324 440.90672516822815
1.0 1 1.0 -9.019348453258006e-05 1746214.7788499324 450.39438796043396
1.0 2 1.0 -9.019348453258006e-05 1746214.7788499324 423.87315225601196
1.0 3 1.0 -9.019348453258006e-05 1746214.7788499324 410.4586670398712
1.0 4 1.0 -9.019348453258006e-05 1746214.7788499324 411.26075625419617
1.0612244897959184 0 1.0 -9.019348453258006e-05 1743010.2841621581 395.69325137138367
1.0612244897959184 1 1.0 -9.019348453258006e-05 1743010.2841621581 393.84155678749084
1.0612244897959184 2 1.0 -9.019348453258006e-05 1743010.2841621581 393.92161655426025
1.0612244897959184 3 1.0 -9.019348453258006e-05 1743010.2841621581 394.79138374328613
1.0612244897959184 4 1.0 -9.019348453258006e-05 1743010.2841621581 392.84060430526733
1.1224489795918366 0 1.0 -9.019348453258006e-05 1739776.40286132 438.6914474964142
1.1224489795918366 1 1.0 -9.019348453258006e-05 1739776.40286132 437.84750032424927
1.1224489795918366 2 1.0 -9.019348453258006e-05 1739776.40286132 437.50007128715515
1.1224489795918366 3 1.0 -9.019348453258006e-05 1739776.40286132 437.68665742874146
1.1224489795918366 4 1.0 -9.019348453258006e-05 1739776.40286132 438.7955858707428
1.183673469387755 0 1.0 -9.019348453258006e-05 1736686.6017588992 364.0434970855713
1.183673469387755 1 1.0 -9.019348453258006e-05 1736686.6017588992 363.90760803222656
1.183673469387755 2 1.0 -9.019348453258006e-05 1736686.6017588992 364.0097267627716
1.183673469387755 3 1.0 -9.019348453258006e-05 1736686.6017588992 363.4614329338074
1.183673469387755 4 1.0 -9.019348453258006e-05 1736686.6017588992 362.50281167030334
1.2448979591836735 0 1.0 -9.019348453258006e-05 1733618.025837006 410.0483560562134
1.2448979591836735 1 1.0 -9.019348453258006e-05 1733618.025837006 410.4058573246002
1.2448979591836735 2 1.0 -9.019348453258006e-05 1733618.025837006 409.8657236099243
1.2448979591836735 3 1.0 -9.019348453258006e-05 1733618.025837006 411.092648267746
1.2448979591836735 4 1.0 -9.019348453258006e-05 1733618.025837006 410.26715087890625
1.306122448979592 0 1.0 -9.019348453258006e-05 1730570.028715124 488.7052114009857
1.306122448979592 1 1.0 -9.019348453258006e-05 1730570.028715124 488.6567368507385
1.306122448979592 2 1.0 -9.019348453258006e-05 1730570.028715124 489.42497420310974
1.306122448979592 3 1.0 -9.019348453258006e-05 1730570.028715124 489.1506915092468
1.306122448979592 4 1.0 -9.019348453258006e-05 1730570.028715124 488.81498551368713
1.3673469387755102 0 1.0 -9.019348453258006e-05 1727497.2614589892 441.93731594085693
1.3673469387755102 1 1.0 -9.019348453258006e-05 1727497.2614589892 440.994668006897
1.3673469387755102 2 1.0 -9.019348453258006e-05 1727497.2614589892 440.5373954772949
1.3673469387755102 3 1.0 -9.019348453258006e-05 1727497.2614589892 440.803106546402
1.3673469387755102 4 1.0 -9.019348453258006e-05 1727497.2614589892 442.0519344806671
1.4285714285714286 0 1.0 -9.019348453258006e-05 1724433.8225904503 424.80469584465027
1.4285714285714286 1 1.0 -9.019348453258006e-05 1724433.8225904503 424.6064693927765
1.4285714285714286 2 1.0 -9.019348453258006e-05 1724433.8225904503 424.6757893562317
1.4285714285714286 3 1.0 -9.019348453258006e-05 1724433.8225904503 425.4268627166748
1.4285714285714286 4 1.0 -9.019348453258006e-05 1724433.8225904503 425.19559478759766
1.489795918367347 0 1.0 -9.019348453258006e-05 1721449.40459189 408.95745730400085
1.489795918367347 1 1.0 -9.019348453258006e-05 1721449.40459189 408.901869058609
1.489795918367347 2 1.0 -9.019348453258006e-05 1721449.40459189 409.0639708042145
1.489795918367347 3 1.0 -9.019348453258006e-05 1721449.40459189 418.1059856414795
1.489795918367347 4 1.0 -9.019348453258006e-05 1721449.40459189 409.68496656417847
1.5510204081632653 0 1.0 -9.019348453258006e-05 1718565.0835060896 385.08711671829224
1.5510204081632653 1 1.0 -9.019348453258006e-05 1718565.0835060896 385.98763155937195
1.5510204081632653 2 1.0 -9.019348453258006e-05 1718565.0835060896 386.00911927223206
1.5510204081632653 3 1.0 -9.019348453258006e-05 1718565.0835060896 385.35502433776855
1.5510204081632653 4 1.0 -9.019348453258006e-05 1718565.0835060896 385.413019657135
1.6122448979591837 0 1.0 -9.019348453258006e-05 1715752.126427168 384.68651127815247
1.6122448979591837 1 1.0 -9.019348453258006e-05 1715752.126427168 384.9423129558563
1.6122448979591837 2 1.0 -9.019348453258006e-05 1715752.126427168 385.8812713623047
1.6122448979591837 3 1.0 -9.019348453258006e-05 1715752.126427168 384.83721828460693
1.6122448979591837 4 1.0 -9.019348453258006e-05 1715752.126427168 385.06303429603577
1.6734693877551021 0 1.0 -9.019348453258006e-05 1712960.4602116547 423.72444581985474
1.6734693877551021 1 1.0 -9.019348453258006e-05 1712960.4602116547 424.50315952301025
1.6734693877551021 2 1.0 -9.019348453258006e-05 1712960.4602116547 424.05758905410767
1.6734693877551021 3 1.0 -9.019348453258006e-05 1712960.4602116547 423.75762724876404
1.6734693877551021 4 1.0 -9.019348453258006e-05 1712960.4602116547 423.966858625412
1.7346938775510203 0 1.0 -9.019348453258006e-05 1710223.118302091 393.0593116283417
1.7346938775510203 1 1.0 -9.019348453258006e-05 1710223.118302091 392.05497121810913
1.7346938775510203 2 1.0 -9.019348453258006e-05 1710223.118302091 391.8662939071655
1.7346938775510203 3 1.0 -9.019348453258006e-05 1710223.118302091 392.18662428855896
1.7346938775510203 4 1.0 -9.019348453258006e-05 1710223.118302091 392.04570388793945
1.7959183673469388 0 1.0 -9.019348453258006e-05 1707536.4200988505 519.623297214508
1.7959183673469388 1 1.0 -9.019348453258006e-05 1707536.4200988505 518.6107518672943
1.7959183673469388 2 1.0 -9.019348453258006e-05 1707536.4200988505 518.5183634757996
1.7959183673469388 3 1.0 -9.019348453258006e-05 1707536.4200988505 520.1719393730164
1.7959183673469388 4 1.0 -9.019348453258006e-05 1707536.4200988505 519.3965713977814
1.8571428571428572 0 1.0 -9.019348453258006e-05 1704933.6599781618 422.7847900390625
1.8571428571428572 1 1.0 -9.019348453258006e-05 1704933.6599781618 422.51488876342773
1.8571428571428572 2 1.0 -9.019348453258006e-05 1704933.6599781618 422.85933542251587
1.8571428571428572 3 1.0 -9.019348453258006e-05 1704933.6599781618 422.4933421611786
1.8571428571428572 4 1.0 -9.019348453258006e-05 1704933.6599781618 423.13635420799255
1.9183673469387754 0 1.0 -9.019348453258006e-05 1702328.72225926 399.91764974594116
1.9183673469387754 1 1.0 -9.019348453258006e-05 1702328.72225926 400.5048146247864
1.9183673469387754 2 1.0 -9.019348453258006e-05 1702328.72225926 399.70379757881165
1.9183673469387754 3 1.0 -9.019348453258006e-05 1702328.72225926 399.67095041275024
1.9183673469387754 4 1.0 -9.019348453258006e-05 1702328.72225926 399.23783922195435
1.9795918367346939 0 1.0 -9.019348453258006e-05 1699780.9224410893 399.47297191619873
1.9795918367346939 1 1.0 -9.019348453258006e-05 1699780.9224410893 399.59652185440063
1.9795918367346939 2 1.0 -9.019348453258006e-05 1699780.9224410893 399.19983673095703
1.9795918367346939 3 1.0 -9.019348453258006e-05 1699780.9224410893 404.884884595871
1.9795918367346939 4 1.0 -9.019348453258006e-05 1699780.9224410893 409.28354930877686
2.0408163265306123 0 1.0 -9.019348453258006e-05 1697269.7445963821 480.68663454055786
2.0408163265306123 1 1.0 -9.019348453258006e-05 1697269.7445963821 477.9017651081085
2.0408163265306123 2 1.0 -9.019348453258006e-05 1697269.7445963821 477.9893822669983
2.0408163265306123 3 1.0 -9.019348453258006e-05 1697269.7445963821 477.5334303379059
2.0408163265306123 4 1.0 -9.019348453258006e-05 1697269.7445963821 479.3360970020294
2.1020408163265305 0 1.0 -9.019348453258006e-05 1694822.3755977459 469.4467957019806
2.1020408163265305 1 1.0 -9.019348453258006e-05 1694822.3755977459 470.1760833263397
2.1020408163265305 2 1.0 -9.019348453258006e-05 1694822.3755977459 470.36536741256714
2.1020408163265305 3 1.0 -9.019348453258006e-05 1694822.3755977459 469.85195684432983
2.1020408163265305 4 1.0 -9.019348453258006e-05 1694822.3755977459 469.5295853614807
2.163265306122449 0 1.0 -9.019348453258006e-05 1692386.92426523 398.21656370162964
2.163265306122449 1 1.0 -9.019348453258006e-05 1692386.92426523 398.2443776130676
2.163265306122449 2 1.0 -9.019348453258006e-05 1692386.92426523 399.0669777393341
2.163265306122449 3 1.0 -9.019348453258006e-05 1692386.92426523 398.06060791015625
2.163265306122449 4 1.0 -9.019348453258006e-05 1692386.92426523 398.0811676979065
2.2244897959183674 0 1.0 -9.019348453258006e-05 1689990.4644957003 433.8076858520508
2.2244897959183674 1 1.0 -9.019348453258006e-05 1689990.4644957003 432.61588501930237
2.2244897959183674 2 1.0 -9.019348453258006e-05 1689990.4644957003 429.54002952575684
2.2244897959183674 3 1.0 -9.019348453258006e-05 1689990.4644957003 429.2872197628021
2.2244897959183674 4 1.0 -9.019348453258006e-05 1689990.4644957003 429.3114769458771
2.2857142857142856 0 1.0 -9.019348453258006e-05 1687688.6195361589 375.33100295066833
2.2857142857142856 1 1.0 -9.019348453258006e-05 1687688.6195361589 373.8164665699005
2.2857142857142856 2 1.0 -9.019348453258006e-05 1687688.6195361589 373.81445693969727
2.2857142857142856 3 1.0 -9.019348453258006e-05 1687688.6195361589 373.56318497657776
2.2857142857142856 4 1.0 -9.019348453258006e-05 1687688.6195361589 374.1608684062958
2.3469387755102042 0 1.0 -9.019348453258006e-05 1685394.805272783 380.09918093681335
2.3469387755102042 1 1.0 -9.019348453258006e-05 1685394.805272783 378.99091601371765
2.3469387755102042 2 1.0 -9.019348453258006e-05 1685394.805272783 378.34147238731384
2.3469387755102042 3 1.0 -9.019348453258006e-05 1685394.805272783 378.92508149147034
2.3469387755102042 4 1.0 -9.019348453258006e-05 1685394.805272783 381.2581253051758
2.4081632653061225 0 1.0 -9.019348453258006e-05 1683169.6523651462 419.0831561088562
2.4081632653061225 1 1.0 -9.019348453258006e-05 1683169.6523651462 419.5101945400238
2.4081632653061225 2 1.0 -9.019348453258006e-05 1683169.6523651462 419.3558089733124
2.4081632653061225 3 1.0 -9.019348453258006e-05 1683169.6523651462 419.38771748542786
2.4081632653061225 4 1.0 -9.019348453258006e-05 1683169.6523651462 421.4511239528656
2.4693877551020407 0 1.0 -9.019348453258006e-05 1681013.4064401535 402.6011095046997
2.4693877551020407 1 1.0 -9.019348453258006e-05 1681013.4064401535 402.57385420799255
2.4693877551020407 2 1.0 -9.019348453258006e-05 1681013.4064401535 403.177565574646
2.4693877551020407 3 1.0 -9.019348453258006e-05 1681013.4064401535 404.39572525024414
2.4693877551020407 4 1.0 -9.019348453258006e-05 1681013.4064401535 402.4612965583801
2.5306122448979593 0 1.0 -9.019348453258006e-05 1678852.0802077027 444.2690100669861
2.5306122448979593 1 1.0 -9.019348453258006e-05 1678852.0802077027 443.1848635673523
2.5306122448979593 2 1.0 -9.019348453258006e-05 1678852.0802077027 444.5193672180176
2.5306122448979593 3 1.0 -9.019348453258006e-05 1678852.0802077027 443.2907919883728
2.5306122448979593 4 1.0 -9.019348453258006e-05 1678852.0802077027 442.44165229797363
2.5918367346938775 0 1.0 -9.019348453258006e-05 1676771.6028769528 397.3470323085785
2.5918367346938775 1 1.0 -9.019348453258006e-05 1676771.6028769528 398.0939567089081
2.5918367346938775 2 1.0 -9.019348453258006e-05 1676771.6028769528 396.99100255966187
2.5918367346938775 3 1.0 -9.019348453258006e-05 1676771.6028769528 396.51116394996643
2.5918367346938775 4 1.0 -9.019348453258006e-05 1676771.6028769528 397.0042953491211
2.6530612244897958 0 1.0 -9.019348453258006e-05 1674721.3744377024 420.00843501091003
2.6530612244897958 1 1.0 -9.019348453258006e-05 1674721.3744377024 421.2862591743469
2.6530612244897958 2 1.0 -9.019348453258006e-05 1674721.3744377024 420.014963388443
2.6530612244897958 3 1.0 -9.019348453258006e-05 1674721.3744377024 419.8912522792816
2.6530612244897958 4 1.0 -9.019348453258006e-05 1674721.3744377024 420.02670979499817
2.7142857142857144 0 1.0 -9.019348453258006e-05 1672750.8120379788 405.1005461215973
2.7142857142857144 1 1.0 -9.019348453258006e-05 1672750.8120379788 404.1433527469635
2.7142857142857144 2 1.0 -9.019348453258006e-05 1672750.8120379788 404.01078748703003
2.7142857142857144 3 1.0 -9.019348453258006e-05 1672750.8120379788 403.70963072776794
2.7142857142857144 4 1.0 -9.019348453258006e-05 1672750.8120379788 405.2634377479553
2.7755102040816326 0 1.0 -9.019348453258006e-05 1670773.1497774918 409.24946999549866
2.7755102040816326 1 1.0 -9.019348453258006e-05 1670773.1497774918 409.61511492729187
2.7755102040816326 2 1.0 -9.019348453258006e-05 1670773.1497774918 408.7242126464844
2.7755102040816326 3 1.0 -9.019348453258006e-05 1670773.1497774918 410.57858300209045
2.7755102040816326 4 1.0 -9.019348453258006e-05 1670773.1497774918 408.83687567710876
2.836734693877551 0 1.0 -9.019348453258006e-05 1668855.9874517438 506.836341381073
2.836734693877551 1 1.0 -9.019348453258006e-05 1668855.9874517438 510.072669506073
2.836734693877551 2 1.0 -9.019348453258006e-05 1668855.9874517438 508.3649878501892
2.836734693877551 3 1.0 -9.019348453258006e-05 1668855.9874517438 506.54823327064514
2.836734693877551 4 1.0 -9.019348453258006e-05 1668855.9874517438 506.9914586544037
2.8979591836734695 0 1.0 -9.019348453258006e-05 1667018.857268998 377.32027769088745
2.8979591836734695 1 1.0 -9.019348453258006e-05 1667018.857268998 378.67909264564514
2.8979591836734695 2 1.0 -9.019348453258006e-05 1667018.857268998 376.73352241516113
2.8979591836734695 3 1.0 -9.019348453258006e-05 1667018.857268998 377.02251625061035
2.8979591836734695 4 1.0 -9.019348453258006e-05 1667018.857268998 377.0038778781891
2.9591836734693877 0 1.0 -9.019348453258006e-05 1665162.146882483 392.7171847820282
2.9591836734693877 1 1.0 -9.019348453258006e-05 1665162.146882483 393.84108090400696
2.9591836734693877 2 1.0 -9.019348453258006e-05 1665162.146882483 392.2444658279419
2.9591836734693877 3 1.0 -9.019348453258006e-05 1665162.146882483 392.68225026130676
2.9591836734693877 4 1.0 -9.019348453258006e-05 1665162.146882483 393.10928416252136
3.020408163265306 0 0.998323788878713 -9.01483982740521e-05 1663330.7416688781 426.6639795303345
3.020408163265306 1 0.998323788878713 -9.01483982740521e-05 1663330.7416688781 424.9740183353424
3.020408163265306 2 0.998323788878713 -9.01483982740521e-05 1663330.7416688781 424.4823796749115
3.020408163265306 3 0.998323788878713 -9.01483982740521e-05 1663330.7416688781 424.86802768707275
3.020408163265306 4 0.998323788878713 -9.01483982740521e-05 1663330.7416688781 426.6231770515442
3.0816326530612246 0 1.0 -9.019348453258006e-05 1661512.4112452378 395.14211416244507
3.0816326530612246 1 1.0 -9.019348453258006e-05 1661512.4112452378 395.6656506061554
3.0816326530612246 2 1.0 -9.019348453258006e-05 1661512.4112452378 395.57828760147095
3.0816326530612246 3 1.0 -9.019348453258006e-05 1661512.4112452378 395.0882008075714
3.0816326530612246 4 1.0 -9.019348453258006e-05 1661512.4112452378 397.0936801433563
3.142857142857143 0 1.0 -9.019348453258006e-05 1659772.9723174768 418.30128598213196
3.142857142857143 1 1.0 -9.019348453258006e-05 1659772.9723174768 419.3047950267792
3.142857142857143 2 1.0 -9.019348453258006e-05 1659772.9723174768 419.19522428512573
3.142857142857143 3 1.0 -9.019348453258006e-05 1659772.9723174768 420.72373366355896
3.142857142857143 4 1.0 -9.019348453258006e-05 1659772.9723174768 419.37471747398376
3.204081632653061 0 1.0 -9.019348453258006e-05 1658059.7712589672 355.4324462413788
3.204081632653061 1 1.0 -9.019348453258006e-05 1658059.7712589672 356.4177212715149
3.204081632653061 2 1.0 -9.019348453258006e-05 1658059.7712589672 357.61577677726746
3.204081632653061 3 1.0 -9.019348453258006e-05 1658059.7712589672 356.06166672706604
3.204081632653061 4 1.0 -9.019348453258006e-05 1658059.7712589672 355.4011309146881
3.2653061224489797 0 1.0 -9.019348453258006e-05 1656407.8614778281 399.100465297699
3.2653061224489797 1 1.0 -9.019348453258006e-05 1656407.8614778281 399.3677108287811
3.2653061224489797 2 1.0 -9.019348453258006e-05 1656407.8614778281 401.67337441444397
3.2653061224489797 3 1.0 -9.019348453258006e-05 1656407.8614778281 399.3103849887848
3.2653061224489797 4 1.0 -9.019348453258006e-05 1656407.8614778281 398.8582718372345
3.326530612244898 0 1.0 -9.019348453258006e-05 1654744.06696837 424.858008146286
3.326530612244898 1 1.0 -9.019348453258006e-05 1654744.06696837 441.73887372016907
3.326530612244898 2 1.0 -9.019348453258006e-05 1654744.06696837 430.95515847206116
3.326530612244898 3 1.0 -9.019348453258006e-05 1654744.06696837 446.7648527622223
3.326530612244898 4 1.0 -9.019348453258006e-05 1654744.06696837 446.3887195587158
3.387755102040816 0 1.0 -9.019348453258006e-05 1653147.7028297512 384.8335933685303
3.387755102040816 1 1.0 -9.019348453258006e-05 1653147.7028297512 383.4266333580017
3.387755102040816 2 1.0 -9.019348453258006e-05 1653147.7028297512 377.69511556625366
3.387755102040816 3 1.0 -9.019348453258006e-05 1653147.7028297512 401.5574994087219
3.387755102040816 4 1.0 -9.019348453258006e-05 1653147.7028297512 395.4736638069153
3.4489795918367347 0 1.0 -9.019348453258006e-05 1651562.5809176776 422.93593406677246
3.4489795918367347 1 1.0 -9.019348453258006e-05 1651562.5809176776 420.7800371646881
3.4489795918367347 2 1.0 -9.019348453258006e-05 1651562.5809176776 423.73401165008545
3.4489795918367347 3 1.0 -9.019348453258006e-05 1651562.5809176776 423.13230776786804
3.4489795918367347 4 1.0 -9.019348453258006e-05 1651562.5809176776 429.2819142341614
3.510204081632653 0 1.0 -9.019348453258006e-05 1649964.3574009829 437.53338742256165
3.510204081632653 1 1.0 -9.019348453258006e-05 1649964.3574009829 440.26397156715393
3.510204081632653 2 1.0 -9.019348453258006e-05 1649964.3574009829 449.79068541526794
3.510204081632653 3 1.0 -9.019348453258006e-05 1649964.3574009829 448.4840610027313
3.510204081632653 4 1.0 -9.019348453258006e-05 1649964.3574009829 438.5986166000366
3.571428571428571 0 1.0 -9.019348453258006e-05 1648444.2994445798 508.12881994247437
3.571428571428571 1 1.0 -9.019348453258006e-05 1648444.2994445798 501.6699366569519
3.571428571428571 2 1.0 -9.019348453258006e-05 1648444.2994445798 496.85858392715454
3.571428571428571 3 1.0 -9.019348453258006e-05 1648444.2994445798 475.9142544269562
3.571428571428571 4 1.0 -9.019348453258006e-05 1648444.2994445798 478.98043155670166
3.63265306122449 0 1.0 -9.019348453258006e-05 1646919.6746076026 497.8614602088928
3.63265306122449 1 1.0 -9.019348453258006e-05 1646919.6746076026 489.4297070503235
3.63265306122449 2 1.0 -9.019348453258006e-05 1646919.6746076026 493.33847093582153
3.63265306122449 3 1.0 -9.019348453258006e-05 1646919.6746076026 491.555162191391
3.63265306122449 4 1.0 -9.019348453258006e-05 1646919.6746076026 490.11926794052124
3.693877551020408 0 1.0 -9.019348453258006e-05 1645428.6605719202 397.0146496295929
3.693877551020408 1 1.0 -9.019348453258006e-05 1645428.6605719202 396.29025387763977
3.693877551020408 2 1.0 -9.019348453258006e-05 1645428.6605719202 396.3159487247467
3.693877551020408 3 1.0 -9.019348453258006e-05 1645428.6605719202 397.72923851013184
3.693877551020408 4 1.0 -9.019348453258006e-05 1645428.6605719202 396.7154941558838
3.7551020408163263 0 1.0 -9.019348453258006e-05 1643946.6984637727 450.34002709388733
3.7551020408163263 1 1.0 -9.019348453258006e-05 1643946.6984637727 451.14663791656494
3.7551020408163263 2 1.0 -9.019348453258006e-05 1643946.6984637727 452.35767817497253
3.7551020408163263 3 1.0 -9.019348453258006e-05 1643946.6984637727 451.1500174999237
3.7551020408163263 4 1.0 -9.019348453258006e-05 1643946.6984637727 450.86009216308594
3.816326530612245 0 1.0 -9.019348453258006e-05 1642550.4525244788 428.5860378742218
3.816326530612245 1 1.0 -9.019348453258006e-05 1642550.4525244788 417.5568492412567
3.816326530612245 2 1.0 -9.019348453258006e-05 1642550.4525244788 416.024959564209
3.816326530612245 3 1.0 -9.019348453258006e-05 1642550.4525244788 416.6961190700531
3.816326530612245 4 1.0 -9.019348453258006e-05 1642550.4525244788 417.5333023071289
3.877551020408163 0 1.0 -9.019348453258006e-05 1641149.8120632726 396.4216523170471
3.877551020408163 1 1.0 -9.019348453258006e-05 1641149.8120632726 397.9579448699951
3.877551020408163 2 1.0 -9.019348453258006e-05 1641149.8120632726 396.393926858902
3.877551020408163 3 1.0 -9.019348453258006e-05 1641149.8120632726 397.06077694892883
3.877551020408163 4 1.0 -9.019348453258006e-05 1641149.8120632726 396.9257092475891
3.9387755102040813 0 1.0 -9.019348453258006e-05 1639723.8454425943 467.5920572280884
3.9387755102040813 1 1.0 -9.019348453258006e-05 1639723.8454425943 466.6240301132202
3.9387755102040813 2 1.0 -9.019348453258006e-05 1639723.8454425943 466.6374309062958
3.9387755102040813 3 1.0 -9.019348453258006e-05 1639723.8454425943 466.16300797462463
3.9387755102040813 4 1.0 -9.019348453258006e-05 1639723.8454425943 467.1938133239746
4.0 0 1.0 -9.019348453258006e-05 1638356.9685120594 481.46663522720337
4.0 1 1.0 -9.019348453258006e-05 1638356.9685120594 482.028603553772
4.0 2 1.0 -9.019348453258006e-05 1638356.9685120594 483.0618529319763
4.0 3 1.0 -9.019348453258006e-05 1638356.9685120594 482.4434509277344
4.0 4 1.0 -9.019348453258006e-05 1638356.9685120594 482.30293583869934
4.222222222222222 0 1.0 -9.019348453258006e-05 1633540.5304714818 421.3124580383301
4.222222222222222 1 1.0 -9.019348453258006e-05 1633540.5304714818 428.00882601737976
4.222222222222222 2 1.0 -9.019348453258006e-05 1633540.5304714818 420.55681228637695
4.222222222222222 3 1.0 -9.019348453258006e-05 1633540.5304714818 422.8081977367401
4.222222222222222 4 1.0 -9.019348453258006e-05 1633540.5304714818 424.0571258068085
4.444444444444445 0 1.0 -9.019348453258006e-05 1629096.8700554364 461.9357855319977
4.444444444444445 1 1.0 -9.019348453258006e-05 1629096.8700554364 458.4922103881836
4.555555555555555 0 1.0 -9.019348453258006e-05 1626914.8828218915 441.27112007141113
4.555555555555555 1 1.0 -9.019348453258006e-05 1626914.8828218915 431.9393036365509
4.666666666666667 0 1.0 -9.019348453258006e-05 1624839.2540198036 427.87349939346313
4.666666666666667 1 1.0 -9.019348453258006e-05 1624839.2540198036 426.5809509754181
4.777777777777778 0 1.0 -9.019348453258006e-05 1622763.2390954683 439.90774369239807
4.777777777777778 1 1.0 -9.019348453258006e-05 1622763.2390954683 427.26621866226196
4.888888888888889 0 1.0 -9.019348453258006e-05 1620847.5820448245 425.7201476097107
4.888888888888889 1 1.0 -9.019348453258006e-05 1620847.5820448245 422.8131113052368
5.0 0 1.0 -9.019348453258006e-05 1618918.7638080812 389.48730206489563
5.0 1 1.0 -9.019348453258006e-05 1618918.7638080812 387.851753950119
4.111111111111111 0 1.0 -9.019348453258006e-05 1636291.1279058603 409.95526933670044
4.111111111111111 1 -9.019348453258006e-05 -9.019348453258006e-05 3106688.7106243176 418.38082790374756
4.111111111111111 2 -9.019348453258006e-05 -9.019348453258006e-05 3106688.7106243176 421.49479722976685
4.111111111111111 3 -9.019348453258006e-05 -9.019348453258006e-05 3106688.7106243176 411.1493525505066
4.111111111111111 4 -9.019348453258006e-05 -9.019348453258006e-05 3106688.7106243176 411.3387565612793
4.333333333333333 0 1.0 -9.019348453258006e-05 1631274.1200864587 375.0437593460083
4.333333333333333 1 1.0 -9.019348453258006e-05 1631274.1200864587 375.42651319503784
4.333333333333333 2 1.0 -9.019348453258006e-05 1631274.1200864587 376.58668303489685
4.333333333333333 3 1.0 -9.019348453258006e-05 1631274.1200864587 375.6744201183319
4.333333333333333 4 1.0 -9.019348453258006e-05 1631274.1200864587 375.84601640701294
