4.0 0 1.0 -9.019348453258006e-05 1638307.9158467455 391.4392206668854
4.0 1 1.0 -9.019348453258006e-05 1638356.9685120594 518.2203748226166
4.0 2 1.0 -9.019348453258006e-05 1638356.9685120594 514.9556777477264
4.0 3 1.0 -9.019348453258006e-05 1638356.9685120594 504.59266352653503
4.0 4 1.0 -9.019348453258006e-05 1638356.9685120594 502.90188360214233
4.0 5 1.0 -9.019348453258006e-05 1638356.9685120594 485.96276593208313
4.0 6 1.0 -9.019348453258006e-05 1638356.9685120594 473.0240969657898
4.0 7 1.0 -9.019348453258006e-05 1638356.9685120594 472.9105885028839
4.0 8 1.0 -9.019348453258006e-05 1638356.9685120594 473.235470533371
4.0 9 1.0 -9.019348453258006e-05 1638356.9685120594 473.09871196746826
4.111111111111111 0 -9.019348453258006e-05 -9.019348453258006e-05 3106688.7106243176 404.0488073825836
4.111111111111111 1 -9.019348453258006e-05 -9.019348453258006e-05 3106688.7106243176 403.90512132644653
4.111111111111111 2 -9.019348453258006e-05 -9.019348453258006e-05 3106688.7106243176 403.99903774261475
4.111111111111111 3 -9.019348453258006e-05 -9.019348453258006e-05 3106688.7106243176 403.71292638778687
4.111111111111111 4 -9.019348453258006e-05 -9.019348453258006e-05 3106688.7106243176 403.8835287094116
4.111111111111111 5 -9.019348453258006e-05 -9.019348453258006e-05 3106688.7106243176 403.52109146118164
4.111111111111111 6 -9.019348453258006e-05 -9.019348453258006e-05 3106688.7106243176 403.82510781288147
4.111111111111111 7 -9.019348453258006e-05 -9.019348453258006e-05 3106688.7106243176 403.6359603404999
4.111111111111111 8 -9.019348453258006e-05 -9.019348453258006e-05 3106688.7106243176 403.80025696754456
4.111111111111111 9 -9.019348453258006e-05 -9.019348453258006e-05 3106688.7106243176 403.59063601493835
4.222222222222222 0 1.0 -9.019348453258006e-05 1633540.5304714818 392.7883183956146
4.222222222222222 1 1.0 -9.019348453258006e-05 1633540.5304714818 392.3250777721405
4.222222222222222 2 1.0 -9.019348453258006e-05 1633540.5304714818 392.81975293159485
4.222222222222222 3 1.0 -9.019348453258006e-05 1633540.5304714818 392.1583683490753
4.222222222222222 4 1.0 -9.019348453258006e-05 1633540.5304714818 392.40993881225586
4.222222222222222 5 1.0 -9.019348453258006e-05 1633540.5304714818 392.50504064559937
4.222222222222222 6 1.0 -9.019348453258006e-05 1633540.5304714818 392.3164792060852
4.222222222222222 7 1.0 -9.019348453258006e-05 1633540.5304714818 392.5069622993469
4.222222222222222 8 1.0 -9.019348453258006e-05 1633540.5304714818 391.72387313842773
4.222222222222222 9 1.0 -9.019348453258006e-05 1633540.5304714818 392.0252740383148
4.333333333333333 0 1.0 -9.019348453258006e-05 1631274.1200864587 369.07675218582153
4.333333333333333 1 1.0 -9.019348453258006e-05 1631274.1200864587 377.8881685733795
4.333333333333333 2 1.0 -9.019348453258006e-05 1631274.1200864587 369.07857179641724
4.333333333333333 3 1.0 -9.019348453258006e-05 1631274.1200864587 369.0991039276123
4.333333333333333 4 1.0 -9.019348453258006e-05 1631274.1200864587 369.0199496746063
4.333333333333333 5 1.0 -9.019348453258006e-05 1631274.1200864587 369.13364911079407
4.333333333333333 6 1.0 -9.019348453258006e-05 1631274.1200864587 368.4716296195984
4.333333333333333 7 1.0 -9.019348453258006e-05 1631274.1200864587 369.0937030315399
4.333333333333333 8 1.0 -9.019348453258006e-05 1631274.1200864587 368.6239483356476
4.333333333333333 9 1.0 -9.019348453258006e-05 1631274.1200864587 368.95847940444946
4.444444444444445 0 1.0 -9.019348453258006e-05 1629096.8700554364 418.94908618927
4.444444444444445 1 1.0 -9.019348453258006e-05 1629096.8700554364 418.5501353740692
4.444444444444445 2 1.0 -9.019348453258006e-05 1629096.8700554364 418.39616656303406
4.444444444444445 3 1.0 -9.019348453258006e-05 1629096.8700554364 418.5556740760803
4.444444444444445 4 1.0 -9.019348453258006e-05 1629096.8700554364 418.095360994339
4.444444444444445 5 1.0 -9.019348453258006e-05 1629096.8700554364 418.52326822280884
4.444444444444445 6 1.0 -9.019348453258006e-05 1629096.8700554364 418.355886220932
4.444444444444445 7 1.0 -9.019348453258006e-05 1629096.8700554364 419.0059778690338
4.444444444444445 8 1.0 -9.019348453258006e-05 1629096.8700554364 418.2936236858368
4.444444444444445 9 1.0 -9.019348453258006e-05 1629096.8700554364 418.95564007759094
4.555555555555555 0 1.0 -9.019348453258006e-05 1626914.8828218915 403.3909041881561
4.555555555555555 1 1.0 -9.019348453258006e-05 1626914.8828218915 402.9859974384308
4.555555555555555 2 1.0 -9.019348453258006e-05 1626914.8828218915 402.8739240169525
4.555555555555555 3 1.0 -9.019348453258006e-05 1626914.8828218915 403.0223150253296
4.555555555555555 4 1.0 -9.019348453258006e-05 1626914.8828218915 403.1827166080475
4.555555555555555 5 1.0 -9.019348453258006e-05 1626914.8828218915 403.06306195259094
4.555555555555555 6 1.0 -9.019348453258006e-05 1626914.8828218915 403.58778190612793
4.555555555555555 7 1.0 -9.019348453258006e-05 1626914.8828218915 403.05010962486267
4.555555555555555 8 1.0 -9.019348453258006e-05 1626914.8828218915 402.94903445243835
4.555555555555555 9 1.0 -9.019348453258006e-05 1626914.8828218915 403.2928218841553
4.666666666666667 0 1.0 -9.019348453258006e-05 1624839.2540198036 395.3670780658722
4.666666666666667 1 1.0 -9.019348453258006e-05 1624839.2540198036 395.29089760780334
4.666666666666667 2 1.0 -9.019348453258006e-05 1624839.2540198036 395.8452844619751
4.666666666666667 3 1.0 -9.019348453258006e-05 1624839.2540198036 395.87637662887573
4.666666666666667 4 1.0 -9.019348453258006e-05 1624839.2540198036 395.77782368659973
4.666666666666667 5 1.0 -9.019348453258006e-05 1624839.2540198036 395.23979115486145
4.666666666666667 6 1.0 -9.019348453258006e-05 1624839.2540198036 395.1726908683777
4.666666666666667 7 1.0 -9.019348453258006e-05 1624839.2540198036 395.74671602249146
4.666666666666667 8 1.0 -9.019348453258006e-05 1624839.2540198036 395.55678391456604
4.666666666666667 9 1.0 -9.019348453258006e-05 1624839.2540198036 395.76002383232117
4.777777777777778 0 1.0 -9.019348453258006e-05 1622763.2390954683 403.3546643257141
4.777777777777778 1 1.0 -9.019348453258006e-05 1622763.2390954683 402.7816410064697
4.777777777777778 2 1.0 -9.019348453258006e-05 1622763.2390954683 402.71290016174316
4.777777777777778 3 1.0 -9.019348453258006e-05 1622763.2390954683 403.0577812194824
4.777777777777778 4 1.0 -9.019348453258006e-05 1622763.2390954683 402.8340003490448
4.777777777777778 5 1.0 -9.019348453258006e-05 1622763.2390954683 403.12303590774536
4.777777777777778 6 1.0 -9.019348453258006e-05 1622763.2390954683 402.8625876903534
4.777777777777778 7 1.0 -9.019348453258006e-05 1622763.2390954683 403.2939944267273
4.777777777777778 8 1.0 -9.019348453258006e-05 1622763.2390954683 402.9338393211365
4.777777777777778 9 1.0 -9.019348453258006e-05 1622763.2390954683 403.1767907142639
4.888888888888889 0 1.0 -9.019348453258006e-05 1620847.5820448245 410.90240120887756
4.888888888888889 1 1.0 -9.019348453258006e-05 1620847.5820448245 410.3857955932617
4.888888888888889 2 1.0 -9.019348453258006e-05 1620847.5820448245 411.35302472114563
4.888888888888889 3 1.0 -9.019348453258006e-05 1620847.5820448245 410.7385501861572
4.888888888888889 4 1.0 -9.019348453258006e-05 1620847.5820448245 410.27005529403687
4.888888888888889 5 1.0 -9.019348453258006e-05 1620847.5820448245 410.65686774253845
4.888888888888889 6 1.0 -9.019348453258006e-05 1620847.5820448245 410.5539035797119
4.888888888888889 7 1.0 -9.019348453258006e-05 1620847.5820448245 420.3383150100708
4.888888888888889 8 1.0 -9.019348453258006e-05 1620847.5820448245 430.71511054039
4.888888888888889 9 1.0 -9.019348453258006e-05 1620847.5820448245 442.0316107273102
5.0 0 1.0 -9.019348453258006e-05 1618918.7638080812 384.97914266586304
5.0 1 1.0 -9.019348453258006e-05 1618918.7638080812 384.2189645767212
5.0 2 1.0 -9.019348453258006e-05 1618918.7638080812 391.85090136528015
5.0 3 1.0 -9.019348453258006e-05 1618918.7638080812 383.4516487121582
5.0 4 1.0 -9.019348453258006e-05 1618918.7638080812 382.1640465259552
5.0 5 1.0 -9.019348453258006e-05 1618918.7638080812 382.6812734603882
5.0 6 1.0 -9.019348453258006e-05 1618918.7638080812 384.3804986476898
5.0 7 1.0 -9.019348453258006e-05 1618918.7638080812 386.9462220668793
5.0 8 1.0 -9.019348453258006e-05 1618918.7638080812 387.2987790107727
5.0 9 1.0 -9.019348453258006e-05 1618918.7638080812 398.91416239738464
