0.1 0 -6.83707018499481e-05 0.33205686547876456 -14468240922878.38 3897.167587995529
0.1 1 -6.83707018499481e-05 0.33205686547876456 -14468240922878.38 3915.161122083664
0.2 0 -8.657370667653451e-05 0.6140345400807333 -13471882618163.195 3874.0970203876495
0.2 1 -8.657370667653451e-05 0.6140345400807333 -13471882618163.195 3870.3405680656433
0.30000000000000004 0 -5.968582789174718e-05 0.767167820683433 -12602391738777.477 4060.910006761551
0.30000000000000004 1 -5.968582789174718e-05 0.767167820683433 -12602391738777.477 4230.227817058563
0.4 0 -9.005739617920717e-05 0.8420702249093965 -11839153294056.629 728.9736540317535
0.4 1 -9.005739617920717e-05 0.8420702249093965 -11839153294056.629 699.5973334312439
0.5 0 -8.800774861079598e-05 0.8914420188390283 -11163180690408.568 427.7337222099304
0.5 1 -8.800774861079598e-05 0.8914420188390283 -11163180690408.568 423.28989577293396
0.6 0 -8.370802683379943e-05 0.9277043720311029 -10561741429718.754 296.7114760875702
0.6 1 -8.370802683379943e-05 0.9277043720311029 -10561741429718.754 296.5285589694977
0.7000000000000001 0 -8.569228763032335e-05 0.9311418214429299 -10018713591531.781 332.1991102695465
0.7000000000000001 1 -8.569228763032335e-05 0.9311418214429299 -10018713591531.781 331.71905183792114
0.8 0 -8.474126499991011e-05 0.94915856469911 -9530568354194.447 196.95865178108215
0.8 1 -8.474126499991011e-05 0.94915856469911 -9530568354194.447 195.9138641357422
0.9 0 -9.001546589981098e-05 0.9620997090707488 -9087676681179.195 193.780606508255
0.9 1 -9.001546589981098e-05 0.9620997090707488 -9087676681179.195 193.87174725532532
1.0 0 -9.001393915312191e-05 0.9678263723815795 -8684035605778.852 180.30299067497253
1.0 1 -9.001393915312191e-05 0.9678263723815795 -8684035605778.852 180.07853627204895
5.0 0 -9.019348453258006e-05 1.0 -3130983612896.97 112.54775595664978
5.0 1 -9.019348453258006e-05 1.0 -3130983612896.97 112.33060312271118
5.555555555555555 0 -9.019348453258006e-05 1.0 -2876003689345.863 141.70148062705994
5.555555555555555 1 -9.019348453258006e-05 1.0 -2876003689345.863 141.7602071762085
6.111111111111111 0 -0.0001440841746598276 3.2786918729477905e-05 -34186713241245.367 3566.1181750297546
6.111111111111111 1 -0.0001440841746598276 3.2786918729477905e-05 -34186713241245.367 3560.630633831024
6.666666666666667 0 -9.019348453258006e-05 1.0 -2473403426402.152 117.64075350761414
6.666666666666667 1 -9.019348453258006e-05 1.0 -2473403426402.152 117.50737929344177
7.222222222222222 0 -9.01483982740521e-05 0.998323788878713 -2311703500095.0127 116.09502363204956
7.222222222222222 1 -9.01483982740521e-05 0.998323788878713 -2311703500095.0127 116.13143825531006
7.777777777777778 0 -9.01483982740521e-05 0.998323788878713 -2169905435397.1882 108.94774746894836
7.777777777777778 1 -9.01483982740521e-05 0.998323788878713 -2169905435397.1882 109.22076153755188
8.333333333333334 0 -9.01483982740521e-05 0.998323788878713 -2044547413051.651 128.38422417640686
8.333333333333334 1 -9.01483982740521e-05 0.998323788878713 -2044547413051.651 128.46974730491638
8.88888888888889 0 -9.019348453258006e-05 1.0 -1932928151279.0974 133.76024985313416
8.88888888888889 1 -9.019348453258006e-05 1.0 -1932928151279.0974 126.46841311454773
9.444444444444445 0 -9.019348453258006e-05 1.0 -1832904002326.0808 110.12050247192383
9.444444444444445 1 -9.019348453258006e-05 1.0 -1832904002326.0808 109.97781991958618
10.0 0 -9.019348453258006e-05 1.0 -1742759585171.3547 119.32659363746643
10.0 1 -9.019348453258006e-05 1.0 -1742759585171.3547 119.10671615600586
